//Version: ScorePerfmMatch_v170503
// Score: ./Sonate_No._14_Moonlight_1st_Movement_hmm.txt
// Perfm: ./08927_spr.txt
// fmt3x: ./Sonate_No._14_Moonlight_1st_Movement_fmt3x.txt
0	3.062500	3.959635	G#3	31	80	0	0	0	*	3	0
1	3.067708	7.500000	C#2	29	80	0	0	0	*	3	-
2	3.480469	4.299479	C#4	43	80	0	0	4	P1-1-2	0	-
3	3.881510	4.359375	E4	50	80	0	0	8	P1-1-3	0	-
4	4.273438	5.179688	G#3	42	80	0	0	12	P1-1-4	0	-
5	4.682292	5.489583	C#4	42	80	0	0	16	P1-1-5	0	-
6	5.093750	5.559896	E4	44	80	0	0	20	P1-1-6	0	-
7	5.489583	6.408854	G#3	43	80	0	0	24	P1-1-7	0	-
8	5.897135	6.739583	C#4	36	80	0	0	28	P1-1-8	0	-
9	6.322917	6.919271	E4	39	80	0	0	32	P1-1-9	0	-
10	6.722656	7.598958	G#3	35	80	0	0	36	P1-1-10	0	-
11	7.130208	8.119792	C#4	31	80	0	0	40	P1-1-11	0	-
12	7.555990	8.438802	E4	30	80	0	0	44	P1-1-12	0	-
13	8.009115	9.069010	G#3	35	80	0	0	48	P1-2-1	0	-
14	8.009115	12.500000	B2	32	80	0	0	48	P1-2-14	0	-
15	8.014323	12.500000	B1	33	80	0	0	48	P1-2-13	0	-
16	8.455729	9.329427	C#4	32	80	0	0	52	P1-2-2	0	-
17	8.867188	9.718750	E4	40	80	0	0	56	P1-2-3	0	-
18	9.264323	10.468750	G#3	40	80	0	0	60	P1-2-4	0	-
19	9.664062	10.519531	C#4	39	80	0	0	64	P1-2-5	0	-
20	10.087240	10.908854	E4	38	80	0	0	68	P1-2-6	0	-
21	10.483073	11.419271	G#3	36	80	0	0	72	P1-2-7	0	-
22	10.875000	11.759115	C#4	35	80	0	0	76	P1-2-8	0	-
23	11.285156	12.128906	E4	38	80	0	0	80	P1-2-9	0	-
24	11.666667	12.809896	G#3	36	80	0	0	84	P1-2-10	0	-
25	12.088542	13.069010	C#4	31	80	0	0	88	P1-2-11	0	-
26	12.501302	13.049479	E4	35	80	0	0	92	P1-2-12	0	-
27	12.934896	13.009115	A3	38	80	0	0	96	P1-3-1	0	-
28	12.944010	15.209635	A2	36	80	0	0	96	P1-3-14	0	-
29	12.951823	15.209635	A1	34	80	0	0	96	P1-3-13	0	-
30	12.960938	14.269531	G4	31	80	0	0	96	*	3	-
31	13.345052	14.269531	C#4	38	80	0	0	100	P1-3-2	0	-
32	13.753906	14.609375	E4	45	80	0	0	104	P1-3-3	0	-
33	14.165365	15.098958	A3	35	80	0	0	108	P1-3-4	0	-
34	14.592448	15.468750	C#4	39	80	0	0	112	P1-3-5	0	-
35	14.980469	15.669271	E4	49	80	0	0	116	P1-3-6	0	-
36	15.397135	16.369792	A3	37	80	0	0	120	P1-3-7	0	-
37	15.424479	16.489583	F#3	34	80	0	0	120	*	3	-
38	15.425781	17.869792	F#1	32	80	0	0	120	P1-3-15	0	-
39	15.425781	17.899740	F#2	33	80	0	0	120	P1-3-16	0	-
40	15.835938	16.259115	D4	45	80	0	0	124	P1-3-8	0	-
41	16.248698	17.179688	F#4	45	80	0	0	128	P1-3-9	0	-
42	16.635417	17.609375	A3	45	80	0	0	132	P1-3-10	0	-
43	17.055990	18.009115	D4	53	80	0	0	136	P1-3-11	0	-
44	17.464844	17.899740	F#4	53	80	0	0	140	P1-3-12	0	-
45	17.889323	18.779948	G#3	50	80	0	0	144	P1-4-1	0	-
46	17.903646	17.908854	G#2	39	80	0	0	144	P1-4-14	0	-
47	17.906250	20.359375	G#1	33	80	0	0	144	P1-4-13	0	-
48	17.910156	18.759115	F#4	36	80	0	0	144	*	3	-
49	17.915365	17.929688	C4	32	80	0	0	144	*	3	-
50	18.335938	19.669271	B#3	49	80	0	0	148	P1-4-2	0	-
51	18.768229	20.279948	F#4	50	80	0	0	152	P1-4-3	0	-
52	19.174479	20.218750	G#3	45	80	0	0	156	P1-4-4	0	-
53	19.589844	20.519531	C#4	49	80	0	0	160	P1-4-5	0	-
54	20.007812	20.628906	E4	46	80	0	0	164	P1-4-6	0	-
55	20.464844	21.598958	G#3	39	80	0	0	168	P1-4-7	0	-
56	20.473958	26.468750	G#2	33	80	0	0	168	P1-4-16	0	-
57	20.481771	23.289062	G#1	31	80	0	0	168	P1-4-15	0	-
58	20.904948	21.819010	C#4	43	80	0	0	172	P1-4-8	0	-
59	21.333333	22.049479	D#4	45	80	0	0	176	P1-4-9	0	-
60	21.786458	23.279948	F#3	39	80	0	0	180	P1-4-10	0	-
61	22.225260	23.559896	B#3	40	80	0	0	184	P1-4-11	0	-
62	22.684896	23.309896	D#4	33	80	0	0	188	P1-4-12	0	-
63	23.269531	26.128906	G#4	35	80	0	0	192	P1-5-15	1	-
64	23.283854	28.919271	C#2	30	80	0	0	192	P1-5-20	0	-
65	23.289062	26.438802	C#1	32	80	0	0	192	*	3	-
66	23.295573	25.609375	G#1	27	80	0	0	192	*	3	-
67	23.882812	24.509115	G#3	37	80	0	0	196	P1-5-16	0	-
68	24.308594	24.949219	C#4	32	80	0	0	200	P1-5-17	0	-
69	24.727865	25.688802	G#3	33	80	0	0	204	P1-5-6	0	-
70	25.190104	26.169271	C#4	30	80	0	0	208	P1-5-7	0	-
71	25.600260	26.549479	E4	37	80	0	0	212	P1-5-8	0	-
72	26.018229	26.968750	G#3	35	80	0	0	216	P1-5-9	0	-
73	26.434896	27.639323	C#4	34	80	0	0	220	P1-5-10	0	-
74	26.876302	27.329427	E4	43	80	0	0	224	P1-5-11	0	-
75	27.406250	28.489583	G#4	59	80	0	0	228	P1-5-3	0	-
76	27.454427	28.449219	G#3	28	80	0	0	228	P1-5-12	0	-
77	27.966146	28.899740	C#4	38	80	0	0	232	P1-5-13	0	-
78	28.410156	28.779948	E4	38	80	0	0	236	P1-5-14	0	-
79	28.647135	28.809896	G#4	61	80	0	0	237	P1-5-4	0	-
80	28.942708	29.979167	G#4	50	80	0	0	240	P1-6-1	0	-
81	28.968750	29.959635	G#3	38	80	0	0	240	P1-6-4	0	-
82	29.055990	32.500000	B#1	28	80	0	0	240	P1-6-16	0	-
83	29.055990	29.869792	B#2	26	80	0	0	240	P1-6-18	0	-
84	29.470052	30.209635	D#4	35	80	0	0	244	P1-6-5	0	-
85	29.854167	31.069010	F#4	39	80	0	0	248	P1-6-6	0	-
86	30.252604	31.089844	G#3	25	80	0	0	252	P1-6-7	0	-
87	30.658854	31.299479	D#4	41	80	0	0	256	P1-6-8	0	-
88	31.074219	32.259115	F#4	44	80	0	0	260	P1-6-9	0	-
89	31.462240	32.229167	G#3	39	80	0	0	264	P1-6-10	0	-
90	31.901042	32.479167	D#4	30	80	0	0	268	P1-6-11	0	-
91	32.265625	32.979167	F#4	43	80	0	0	272	P1-6-12	0	-
92	32.695312	33.559896	G#4	61	80	0	0	276	P1-6-2	0	-
93	32.716146	33.729167	G#3	40	80	0	0	276	P1-6-13	0	-
94	33.151042	33.959635	D#4	38	80	0	0	280	P1-6-14	0	-
95	33.553385	34.188802	F#4	45	80	0	0	284	P1-6-15	0	-
96	33.750000	33.929688	G#4	64	80	0	0	285	P1-6-3	0	-
97	34.024740	36.408854	G#4	57	80	0	0	288	P1-7-1	0	-
98	34.065104	34.949219	G#3	33	80	0	0	288	P1-7-3	0	-
99	34.117188	37.500000	C#2	34	80	0	0	288	P1-7-15	0	-
100	34.511719	35.489583	C#4	40	80	0	0	292	P1-7-4	0	-
101	34.933594	35.789062	E4	35	80	0	0	296	P1-7-5	0	-
102	35.364583	36.569010	G#3	40	80	0	0	300	P1-7-6	0	-
103	35.785156	36.679688	C#4	40	80	0	0	304	P1-7-7	0	-
104	36.160156	36.639323	E4	46	80	0	0	308	P1-7-8	0	-
105	36.584635	39.500000	A4	64	80	0	0	312	P1-7-2	0	-
106	36.617188	37.449219	A3	40	80	0	0	312	P1-7-9	0	-
107	36.634115	38.049479	F#2	34	80	0	0	312	P1-7-18	0	-
108	36.636719	38.729167	F#1	34	80	0	0	312	P1-7-17	0	-
109	37.052083	37.869792	C#4	41	80	0	0	316	P1-7-10	0	-
110	37.462240	38.468750	F#4	50	80	0	0	320	P1-7-11	0	-
111	37.881510	39.188802	A3	44	80	0	0	324	P1-7-12	0	-
112	38.290365	38.959635	C#4	31	80	0	0	328	P1-7-13	0	-
113	38.723958	39.389323	F#4	44	80	0	0	332	P1-7-14	0	-
114	39.200521	41.959635	G#4	62	80	0	0	336	P1-8-1	0	-
115	39.212240	41.459635	B1	36	80	0	0	336	P1-8-16	0	-
116	39.683594	40.128906	B3	32	80	0	0	340	P1-8-5	0	-
117	40.096354	40.569010	E4	33	80	0	0	344	P1-8-6	0	-
118	40.516927	41.079427	G#3	38	80	0	0	348	P1-8-7	0	-
119	40.936198	41.489583	B3	38	80	0	0	352	P1-8-8	0	-
120	41.343750	42.000000	E4	36	80	0	0	356	P1-8-9	0	-
121	41.815104	43.069010	F#4	60	80	0	0	360	P1-8-2	0	-
122	41.877604	41.979167	B3	31	80	0	0	364	*	3	-
123	42.295573	42.839844	B3	37	80	0	0	364	P1-8-11	0	-
124	42.700521	43.739583	D#4	37	80	0	0	368	P1-8-12	0	-
125	43.225260	44.848958	B4	64	80	0	0	372	P1-8-3	0	-
126	43.292969	44.188802	A3	29	80	0	0	372	P1-8-13	0	-
127	43.683594	44.188802	B3	44	80	0	0	376	P1-8-14	0	-
128	44.070312	44.658854	D#4	37	80	0	0	380	P1-8-15	0	-
129	44.585938	45.468750	E4	48	80	0	0	384	P1-9-1	0	-
130	44.596354	44.859375	B3	34	80	0	0	384	*	3	-
131	44.627604	45.500000	G#3	33	80	0	0	384	P1-9-4	0	-
132	44.636719	44.649740	E1	31	80	0	0	384	*	3	-
133	44.643229	49.438802	E2	27	80	0	0	384	P1-9-16	0	-
134	45.045573	45.899740	B3	44	80	0	0	388	P1-9-5	0	-
135	45.473958	46.438802	E4	41	80	0	0	392	P1-9-6	0	-
136	45.878906	46.739583	G#3	41	80	0	0	396	P1-9-7	0	-
137	46.286458	47.158854	B3	43	80	0	0	400	P1-9-8	0	-
138	46.723958	47.500000	E4	40	80	0	0	404	P1-9-9	0	-
139	47.134115	47.859375	G#3	41	80	0	0	408	P1-9-10	0	-
140	47.566406	48.229167	B3	43	80	0	0	412	P1-9-11	0	-
141	47.990885	48.839844	E4	41	80	0	0	416	P1-9-12	0	-
142	48.411458	49.489583	G#3	38	80	0	0	420	P1-9-13	0	-
143	48.873698	49.709635	B3	32	80	0	0	424	P1-9-14	0	-
144	49.326823	50.039062	E4	39	80	0	0	428	P1-9-15	0	-
145	49.834635	50.109375	G3	33	80	0	0	432	P1-10-5	0	-
146	49.917969	52.549479	E2	23	80	0	0	432	P1-10-17	0	-
147	50.354167	51.229167	B3	41	80	0	0	436	P1-10-6	0	-
148	50.779948	51.369792	E4	32	80	0	0	440	P1-10-7	0	-
149	51.217448	52.139323	G3	30	80	0	0	444	P1-10-8	0	-
150	51.654948	52.279948	B3	34	80	0	0	448	P1-10-9	0	-
151	52.061198	52.669271	E4	43	80	0	0	452	P1-10-10	0	-
152	52.484375	53.539062	G3	34	80	0	0	456	P1-10-11	0	-
153	52.904948	54.069010	B3	34	80	0	0	460	P1-10-12	0	-
154	53.324219	54.049479	E4	44	80	0	0	464	P1-10-13	0	-
155	53.904948	54.979167	G4	60	80	0	0	468	P1-10-3	0	-
156	54.445312	55.869792	B3	33	80	0	0	472	P1-10-15	0	-
157	54.886719	55.649740	E4	41	80	0	0	476	P1-10-16	0	-
158	55.174479	55.274740	G4	54	80	0	0	477	P1-10-4	0	-
159	55.475260	56.859375	G4	48	80	0	0	480	P1-11-1	0	-
160	55.524740	55.938802	G3	28	80	0	0	480	P1-11-4	0	-
161	55.554688	59.959635	D2	28	80	0	0	480	P1-11-16	0	-
162	55.561198	56.429688	D3	25	80	0	0	480	P1-11-17	0	-
163	55.994792	56.899740	B3	32	80	0	0	484	P1-11-5	0	-
164	56.416667	57.529948	F4	41	80	0	0	488	P1-11-6	0	-
165	56.834635	57.750000	G3	35	80	0	0	492	P1-11-7	0	-
166	57.253906	58.209635	B3	48	80	0	0	496	P1-11-8	0	-
167	57.688802	58.779948	F4	45	80	0	0	500	P1-11-9	0	-
168	58.143229	58.789062	G3	31	80	0	0	504	P1-11-10	0	-
169	58.576823	59.319010	B3	43	80	0	0	508	P1-11-11	0	-
170	58.996094	60.029948	F4	49	80	0	0	512	P1-11-12	0	-
171	59.475260	60.389323	G4	68	80	0	0	516	P1-11-2	0	-
172	59.484375	59.829427	B3	49	80	0	0	516	*	3	-
173	59.484375	60.179688	G3	48	80	0	0	516	P1-11-13	0	-
174	59.960938	61.089844	B3	46	80	0	0	520	P1-11-14	0	-
175	60.373698	60.869792	F4	46	80	0	0	524	P1-11-15	0	-
176	60.606771	60.750000	G4	51	80	0	0	525	P1-11-3	0	-
177	60.924479	62.059896	G4	54	80	0	0	528	P1-12-1	0	-
178	60.936198	61.729167	G3	41	80	0	0	528	P1-12-3	0	-
179	60.971354	62.269531	C2	37	80	0	0	528	P1-12-18	0	-
180	61.434896	62.289062	C4	43	80	0	0	532	P1-12-4	0	-
181	61.846354	62.269531	E4	45	80	0	0	536	P1-12-5	0	-
182	62.281250	63.399740	G3	38	80	0	0	540	P1-12-6	0	-
183	62.302083	63.579427	B2	39	80	0	0	540	P1-12-21	0	-
184	62.304688	63.938802	B1	39	80	0	0	540	P1-12-20	0	-
185	62.763021	63.489583	B3	45	80	0	0	544	P1-12-7	0	-
186	63.204427	64.098958	E4	47	80	0	0	548	P1-12-8	0	-
187	63.742188	64.959635	G3	39	80	0	0	552	P1-12-9	0	-
188	63.777344	66.139323	A#2	31	80	0	0	552	P1-12-23	0	-
189	63.787760	66.359375	A#1	32	80	0	0	552	P1-12-22	0	-
190	64.235677	65.098958	C#4	45	80	0	0	556	P1-12-10	0	-
191	64.640625	65.389323	E4	54	80	0	0	560	P1-12-11	0	-
192	65.127604	66.229167	F#4	69	80	0	0	564	P1-12-2	0	-
193	65.182292	66.188802	F#3	47	80	0	0	564	P1-12-15	0	-
194	65.604167	66.539062	C#4	58	80	0	0	568	P1-12-16	0	-
195	66.035156	66.929688	E4	56	80	0	0	572	P1-12-17	0	-
196	66.570312	68.529948	F#4	74	80	0	0	576	P1-13-1	0	-
197	66.641927	69.658854	B1	36	80	0	0	576	P1-13-16	0	-
198	66.643229	67.029948	B2	37	80	0	0	576	P1-13-17	0	-
199	67.113281	67.938802	B3	45	80	0	0	580	P1-13-5	0	-
200	67.574219	68.158854	D4	46	80	0	0	584	P1-13-6	0	-
201	67.977865	68.729167	F#3	48	80	0	0	588	P1-13-7	0	-
202	68.412760	69.628906	B3	46	80	0	0	592	P1-13-8	0	-
203	68.848958	69.688802	D4	38	80	0	0	596	P1-13-9	0	-
204	69.408854	71.128906	G4	64	80	0	0	600	P1-13-2	0	-
205	69.449219	69.569010	E1	40	80	0	0	600	*	3	-
206	69.451823	71.619792	E2	33	80	0	0	600	P1-13-18	0	-
207	69.954427	70.468750	B3	42	80	0	0	604	P1-13-11	0	-
208	70.384115	71.079427	C#4	39	80	0	0	608	P1-13-12	0	-
209	70.930990	72.459635	E4	54	80	0	0	612	P1-13-3	0	-
210	70.964844	70.968750	B3	36	80	0	0	612	P1-13-13	1	-
211	70.984375	72.419271	G2	35	80	0	0	612	P1-13-19	0	-
212	71.402344	72.468750	B3	48	80	0	0	616	P1-13-14	0	-
213	71.812500	72.449219	C#4	44	80	0	0	620	P1-13-15	0	-
214	72.294271	73.468750	F#4	56	80	0	0	624	P1-14-1	0	-
215	72.315104	74.839844	F#2	41	80	0	0	624	P1-14-15	0	-
216	72.795573	73.739583	B3	44	80	0	0	628	P1-14-4	0	-
217	73.242188	73.769531	D4	37	80	0	0	632	P1-14-5	0	-
218	73.713542	74.609375	F#4	29	80	0	0	636	P1-14-6	1	-
219	74.157552	74.878906	B3	34	80	0	0	640	P1-14-7	0	-
220	74.589844	75.149740	D4	30	80	0	0	644	P1-14-8	0	-
221	75.088542	78.299479	F#4	54	80	0	0	648	P1-14-2	0	-
222	75.115885	77.878906	F#2	34	80	0	0	648	P1-14-17	0	-
223	75.121094	77.500000	F#1	36	80	0	0	648	P1-14-16	0	-
224	75.565104	76.489583	A#3	41	80	0	0	652	P1-14-10	0	-
225	75.966146	76.438802	C#4	40	80	0	0	656	P1-14-11	0	-
226	76.416667	77.259115	F#3	39	80	0	0	660	P1-14-12	0	-
227	76.828125	77.739583	A#3	42	80	0	0	664	P1-14-13	0	-
228	77.234375	77.869792	C#4	44	80	0	0	668	P1-14-14	0	-
229	77.692708	78.598958	B3	45	80	0	0	672	P1-15-4	0	-
230	77.765625	81.299479	B1	30	80	0	0	672	P1-15-16	0	-
231	78.162760	78.619792	D4	37	80	0	0	676	P1-15-5	0	-
232	78.585938	79.500000	F#4	47	80	0	0	680	P1-15-6	0	-
233	79.000000	79.559896	B3	34	80	0	0	684	P1-15-7	0	-
234	79.424479	79.889323	D4	40	80	0	0	688	P1-15-8	0	-
235	79.841146	80.609375	F#4	51	80	0	0	692	P1-15-9	0	-
236	80.339844	81.348958	B3	39	80	0	0	696	P1-15-10	0	-
237	80.783854	81.908854	D#4	46	80	0	0	700	P1-15-11	0	-
238	81.164062	81.959635	F#4	49	80	0	0	704	P1-15-12	0	-
239	81.705729	82.889323	B4	73	80	0	0	708	P1-15-3	0	-
240	81.773438	82.479167	B3	38	80	0	0	708	P1-15-13	0	-
241	82.162760	82.938802	D#4	47	80	0	0	712	P1-15-14	0	-
242	82.613281	83.438802	F#4	48	80	0	0	716	P1-15-15	0	-
243	83.234375	86.688802	C5	69	80	0	0	720	P1-16-1	0	-
244	83.282552	84.319010	B3	32	80	0	0	720	P1-16-3	0	-
245	83.736979	84.229167	E4	32	80	0	0	724	P1-16-4	0	-
246	84.166667	85.199219	G4	43	80	0	0	728	P1-16-5	0	-
247	84.610677	84.619792	E3	55	80	0	0	732	P1-16-18	0	-
248	84.611979	85.549479	B3	50	80	0	0	732	P1-16-6	0	-
249	84.613281	87.179688	E2	46	80	0	0	732	P1-16-17	0	-
250	85.020833	86.019531	E4	58	80	0	0	736	P1-16-7	0	-
251	85.454427	86.229167	G4	58	80	0	0	740	P1-16-8	0	-
252	85.923177	86.669271	G3	69	80	0	0	744	P1-16-20	0	-
253	85.953125	86.899740	B3	56	80	0	0	744	P1-16-9	0	-
254	86.377604	86.908854	E4	59	80	0	0	748	P1-16-10	0	-
255	86.785156	87.559896	G4	63	80	0	0	752	P1-16-11	0	-
256	87.315104	87.658854	A#4	66	80	0	0	756	P1-16-2	0	-
257	87.376302	88.959635	E2	33	80	0	0	756	P1-16-21	0	-
258	87.385417	87.619792	B3	33	80	0	0	756	P1-16-12	0	-
259	87.757812	88.449219	E4	42	80	0	0	760	P1-16-13	0	-
260	88.214844	88.891927	G4	50	80	0	0	764	P1-16-14	0	-
261	88.752604	92.500000	B4	48	80	0	0	768	P1-17-1	0	-
262	88.773438	89.658854	B3	39	80	0	0	768	P1-17-3	0	-
263	88.776042	89.419271	B2	31	80	0	0	768	P1-17-16	0	-
264	89.205729	90.049479	D#4	39	80	0	0	772	P1-17-4	0	-
265	89.662760	90.959635	F#4	37	80	0	0	776	P1-17-5	0	-
266	90.092448	90.949219	B3	34	80	0	0	780	P1-17-6	0	-
267	90.523438	91.218750	D#4	35	80	0	0	784	P1-17-7	0	-
268	90.972656	92.000000	F#4	38	80	0	0	788	P1-17-8	0	-
269	91.384115	92.309896	B3	40	80	0	0	792	P1-17-9	0	-
270	91.799479	92.859375	D#4	40	80	0	0	796	P1-17-10	0	-
271	92.199219	93.149740	F#4	44	80	0	0	800	P1-17-11	0	-
272	92.691406	93.839844	B4	70	80	0	0	804	P1-17-2	0	-
273	92.729167	93.769531	B3	40	80	0	0	804	P1-17-12	0	-
274	93.141927	94.049479	D#4	48	80	0	0	808	P1-17-13	0	-
275	93.565104	94.348958	F#4	47	80	0	0	812	P1-17-14	0	-
276	94.114583	95.239583	C5	70	80	0	0	816	P1-18-1	0	-
277	94.131510	95.098958	B3	47	80	0	0	816	P1-18-3	0	-
278	94.591146	95.098958	E4	47	80	0	0	820	P1-18-4	0	-
279	95.019531	95.929688	G4	52	80	0	0	824	P1-18-5	0	-
280	95.447917	95.769531	E3	68	80	0	0	828	P1-18-18	0	-
281	95.454427	97.479167	E2	54	80	0	0	828	P1-18-17	0	-
282	95.455729	96.378906	B3	62	80	0	0	828	P1-18-6	0	-
283	95.897135	96.628906	E4	56	80	0	0	832	P1-18-7	0	-
284	96.308594	96.989583	G4	62	80	0	0	836	P1-18-8	0	-
285	96.826823	97.139323	G3	64	80	0	0	840	P1-18-20	0	-
286	96.845052	97.500000	B3	55	80	0	0	840	P1-18-9	0	-
287	96.864583	97.979167	G2	44	80	0	0	840	P1-18-19	0	-
288	96.877604	96.889323	D4	37	80	0	0	840	*	3	-
289	97.283854	97.739583	E4	52	80	0	0	844	P1-18-10	0	-
290	97.679688	98.649740	G4	54	80	0	0	848	P1-18-11	0	-
291	98.194010	98.429688	A#4	62	80	0	0	852	P1-18-2	0	-
292	98.220052	99.128906	B3	38	80	0	0	852	P1-18-12	0	-
293	98.223958	99.809896	E2	31	80	0	0	852	P1-18-21	0	-
294	98.651042	99.359375	E4	43	80	0	0	856	P1-18-13	0	-
295	99.102865	99.799479	G4	44	80	0	0	860	P1-18-14	0	-
296	99.615885	101.949219	B4	52	80	0	0	864	P1-19-1	0	-
297	99.622396	100.669271	B3	38	80	0	0	864	P1-19-3	0	-
298	99.664062	102.269531	B1	27	80	0	0	864	P1-19-15	0	-
299	100.052083	100.878906	D#4	37	80	0	0	868	P1-19-4	0	-
300	100.464844	101.369792	F#4	39	80	0	0	872	P1-19-5	0	-
301	100.860677	101.859375	B3	40	80	0	0	876	P1-19-6	0	-
302	101.259115	102.339844	D#4	42	80	0	0	880	P1-19-7	0	-
303	101.667969	102.500000	F#4	36	80	0	0	884	P1-19-8	0	-
304	102.147135	104.669271	B4	70	80	0	0	888	P1-19-2	0	-
305	102.175781	103.000000	B3	46	80	0	0	888	P1-19-9	0	-
306	102.180990	104.479167	G#1	33	80	0	0	888	P1-19-17	0	-
307	102.673177	103.279948	D4	48	80	0	0	892	P1-19-10	0	-
308	103.082031	103.878906	E#4	39	80	0	0	896	P1-19-11	0	-
309	103.489583	104.149740	B3	42	80	0	0	900	P1-19-12	0	-
310	103.886719	104.449219	D4	35	80	0	0	904	P1-19-13	0	-
311	104.300781	105.059896	E#4	44	80	0	0	908	P1-19-14	0	-
312	104.790365	107.500000	B4	73	80	0	0	912	P1-20-1	0	-
313	104.834635	105.468750	B3	55	80	0	0	912	P1-20-3	0	-
314	105.234375	105.878906	C#4	47	80	0	0	916	P1-20-4	0	-
315	105.638021	106.299479	G#4	43	80	0	0	920	P1-20-5	0	-
316	106.052083	106.869792	B3	44	80	0	0	924	P1-20-6	0	-
317	106.417969	107.250000	C#4	39	80	0	0	928	P1-20-7	0	-
318	106.802083	107.369792	G#4	56	80	0	0	932	P1-20-8	0	-
319	107.266927	110.229167	A4	71	80	0	0	936	P1-20-2	0	-
320	107.345052	109.750000	F#1	27	80	0	0	936	P1-20-17	0	-
321	107.710938	108.369792	C#4	41	80	0	0	940	P1-20-10	0	-
322	108.162760	109.079427	F#4	43	80	0	0	944	P1-20-11	0	-
323	108.548177	109.628906	A3	43	80	0	0	948	P1-20-12	0	-
324	108.944010	109.509115	C#4	51	80	0	0	952	P1-20-13	0	-
325	109.319010	109.968750	F#4	60	80	0	0	956	P1-20-14	0	-
326	109.798177	112.489583	G4	64	80	0	0	960	P1-21-1	0	-
327	110.242188	111.019531	B3	42	80	0	0	964	P1-21-4	0	-
328	110.635417	111.369792	D4	48	80	0	0	968	P1-21-5	0	-
329	111.063802	111.819010	G3	38	80	0	0	972	P1-21-6	0	-
330	111.489583	112.209635	B3	42	80	0	0	976	P1-21-7	0	-
331	111.927083	112.609375	D4	38	80	0	0	980	P1-21-8	0	-
332	112.368490	117.500000	F#4	54	80	0	0	984	P1-21-2	0	-
333	112.436198	114.819010	B#1	33	80	0	0	984	P1-21-17	0	-
334	112.815104	113.779948	A3	37	80	0	0	988	P1-21-10	0	-
335	113.223958	114.250000	D#4	48	80	0	0	992	P1-21-11	0	-
336	113.644531	115.229167	F#3	47	80	0	0	996	P1-21-12	0	-
337	114.092448	115.259115	A3	47	80	0	0	1000	P1-21-13	0	-
338	114.494792	115.218750	D#4	52	80	0	0	1004	P1-21-14	0	-
339	114.993490	117.500000	C#4	59	80	0	0	1008	P1-22-1	0	-
340	115.040365	117.188802	C#2	36	80	0	0	1008	P1-22-16	0	-
341	115.436198	116.259115	F#3	37	80	0	0	1012	P1-22-5	0	-
342	115.873698	116.799479	A3	38	80	0	0	1016	P1-22-6	0	-
343	116.315104	117.438802	C#3	44	80	0	0	1020	P1-22-7	0	-
344	116.740885	117.959635	F#3	47	80	0	0	1024	P1-22-8	0	-
345	117.158854	117.908854	A3	48	80	0	0	1028	P1-22-9	0	-
346	117.634115	119.009115	C#4	56	80	0	0	1032	P1-22-2	0	-
347	117.682292	118.669271	C#2	35	80	0	0	1032	P1-22-17	0	-
348	118.123698	119.269531	F#3	35	80	0	0	1036	P1-22-11	0	-
349	118.555990	119.419271	G#3	44	80	0	0	1040	P1-22-12	0	-
350	119.023438	121.029948	C#4	57	80	0	0	1044	P1-22-3	0	-
351	119.044271	122.500000	C#2	35	80	0	0	1044	P1-22-13	1	-
352	119.515625	120.188802	E#3	29	80	0	0	1048	P1-22-14	0	-
353	119.967448	120.579427	G#3	41	80	0	0	1052	P1-22-15	0	-
354	120.536458	122.500000	F#3	43	80	0	0	1056	P1-23-14	0	-
355	120.544271	124.319010	F#1	30	80	0	0	1056	P1-23-21	0	-
356	121.066406	121.549479	A3	35	80	0	0	1060	P1-23-15	0	-
357	121.457031	122.098958	C#4	33	80	0	0	1064	P1-23-16	0	-
358	121.852865	123.709635	A3	38	80	0	0	1068	P1-23-17	0	-
359	122.243490	122.759115	C#4	39	80	0	0	1072	P1-23-18	0	-
360	122.657552	123.139323	F#4	45	80	0	0	1076	P1-23-7	0	-
361	123.063802	123.679688	C#4	47	80	0	0	1080	P1-23-8	0	-
362	123.483073	124.259115	F#4	41	80	0	0	1084	P1-23-9	0	-
363	123.911458	124.598958	A4	44	80	0	0	1088	P1-23-10	0	-
364	124.430990	125.408854	C#5	58	80	0	0	1092	P1-23-3	0	-
365	124.442708	125.479167	C#4	36	80	0	0	1092	P1-23-11	0	-
366	124.988281	126.079427	F#4	33	80	0	0	1096	P1-23-12	0	-
367	125.429688	125.889323	A4	41	80	0	0	1100	P1-23-13	0	-
368	125.746094	125.938802	C#5	58	80	0	0	1101	P1-23-4	0	-
369	126.044271	127.869792	C#5	50	80	0	0	1104	P1-24-1	0	-
370	126.059896	126.959635	C#4	31	80	0	0	1104	P1-24-4	0	-
371	126.122396	126.209635	C#2	26	80	0	0	1104	*	3	-
372	126.125000	128.869792	E#2	26	80	0	0	1104	P1-24-16	0	-
373	126.566406	127.169271	G#4	31	80	0	0	1108	P1-24-5	0	-
374	126.962240	128.128906	B4	42	80	0	0	1112	P1-24-6	0	-
375	127.369792	128.289062	C#4	25	80	0	0	1116	P1-24-7	0	-
376	127.802083	128.718750	G#4	39	80	0	0	1120	P1-24-8	0	-
377	128.223958	129.399740	B4	37	80	0	0	1124	P1-24-9	0	-
378	128.654948	129.449219	C#4	29	80	0	0	1128	P1-24-10	0	-
379	129.095052	129.729167	G#4	35	80	0	0	1132	P1-24-11	0	-
380	129.467448	130.158854	B4	40	80	0	0	1136	P1-24-12	0	-
381	129.891927	130.739583	C#5	58	80	0	0	1140	P1-24-2	0	-
382	129.897135	130.500000	C#4	39	80	0	0	1140	P1-24-13	0	-
383	130.311198	131.468750	G#4	39	80	0	0	1144	P1-24-14	0	-
384	130.692708	131.000000	B4	52	80	0	0	1148	P1-24-15	0	-
385	130.884115	131.029948	C#5	59	80	0	0	1149	P1-24-3	0	-
386	131.140625	132.500000	C#5	71	80	0	0	1152	P1-25-1	0	-
387	131.191406	132.059896	C#4	37	80	0	0	1152	P1-25-4	0	-
388	131.207031	132.429688	F#3	30	80	0	0	1152	P1-25-17	0	-
389	131.218750	132.908854	F#2	35	80	0	0	1152	P1-25-16	0	-
390	131.635417	132.500000	F#4	50	80	0	0	1156	P1-25-5	0	-
391	132.044271	132.979167	A4	51	80	0	0	1160	P1-25-6	0	-
392	132.420573	132.989583	C#4	42	80	0	0	1164	P1-25-7	0	-
393	132.804688	133.509115	F#4	57	80	0	0	1168	P1-25-8	0	-
394	133.195312	134.000000	A4	56	80	0	0	1172	P1-25-9	0	-
395	133.664062	135.049479	B#4	74	80	0	0	1176	P1-25-2	0	-
396	133.696615	133.979167	B#3	51	80	0	0	1176	P1-25-10	0	-
397	133.705729	134.149740	F#4	40	80	0	0	1176	*	3	-
398	133.727865	135.059896	D#2	36	80	0	0	1176	P1-25-18	0	-
399	133.730469	134.419271	D#3	34	80	0	0	1176	P1-25-19	0	-
400	134.162760	135.199219	F#4	57	80	0	0	1180	P1-25-11	0	-
401	134.532552	135.438802	A4	59	80	0	0	1184	P1-25-12	0	-
402	134.960938	136.348958	C#5	86	80	0	0	1188	P1-25-3	0	-
403	134.997396	135.688802	C#4	58	80	0	0	1188	P1-25-13	0	-
404	135.003906	136.688802	C#2	45	80	0	0	1188	P1-25-20	0	-
405	135.408854	136.339844	F#4	62	80	0	0	1192	P1-25-14	0	-
406	135.795573	137.500000	A4	64	80	0	0	1196	P1-25-15	0	-
407	136.292969	138.989583	D#5	84	80	0	0	1200	P1-26-1	0	-
408	136.304688	137.378906	D#4	65	80	0	0	1200	P1-26-3	0	-
409	136.324219	139.779948	B#1	43	80	0	0	1200	P1-26-15	0	-
410	136.851562	137.539062	F#4	57	80	0	0	1204	P1-26-4	0	-
411	137.276042	137.908854	G#4	49	80	0	0	1208	P1-26-5	0	-
412	137.675781	138.669271	D#4	50	80	0	0	1212	P1-26-6	0	-
413	138.093750	138.639323	F#4	54	80	0	0	1216	P1-26-7	0	-
414	138.483073	139.098958	G#4	51	80	0	0	1220	P1-26-8	0	-
415	138.880208	139.769531	D#4	42	80	0	0	1224	P1-26-9	0	-
416	139.289062	139.878906	F#4	53	80	0	0	1228	P1-26-10	0	-
417	139.686198	140.229167	G#4	49	80	0	0	1232	P1-26-11	0	-
418	140.119792	141.359375	D#5	84	80	0	0	1236	P1-26-2	0	-
419	140.156250	141.000000	D#4	58	80	0	0	1236	P1-26-12	0	-
420	140.162760	141.229167	B#1	45	80	0	0	1236	P1-26-18	0	-
421	140.552083	141.188802	F#4	65	80	0	0	1240	P1-26-13	0	-
422	140.907552	141.500000	G#4	65	80	0	0	1244	P1-26-14	0	-
423	141.444010	143.419271	E5	76	80	0	0	1248	P1-27-1	0	-
424	141.476562	144.369792	C#2	38	80	0	0	1248	P1-27-16	0	-
425	141.477865	141.959635	E4	49	80	0	0	1248	P1-27-4	0	-
426	141.968750	142.539062	G#4	54	80	0	0	1252	P1-27-5	0	-
427	142.404948	143.049479	C#5	53	80	0	0	1256	P1-27-6	0	-
428	142.825521	143.839844	E4	51	80	0	0	1260	P1-27-7	0	-
429	143.214844	143.859375	G#4	55	80	0	0	1264	P1-27-8	0	-
430	143.615885	144.339844	C#5	65	80	0	0	1268	P1-27-9	0	-
431	144.113281	145.419271	D#5	80	80	0	0	1272	P1-27-2	0	-
432	144.118490	145.658854	D#4	52	80	0	0	1272	P1-27-10	0	-
433	144.152344	145.509115	F#1	34	80	0	0	1272	P1-27-19	0	-
434	144.606771	145.718750	F#4	46	80	0	0	1276	P1-27-11	0	-
435	145.033854	145.750000	A4	43	80	0	0	1280	P1-27-12	0	-
436	145.494792	146.559896	C#5	63	80	0	0	1284	P1-27-3	0	-
437	145.503906	145.509115	C#4	43	80	0	0	1284	P1-27-13	0	-
438	145.555990	147.019531	F##1	29	80	0	0	1284	P1-27-21	0	-
439	145.561198	146.169271	F##2	27	80	0	0	1284	P1-27-22	0	-
440	145.958333	146.899740	E4	29	80	0	0	1288	P1-27-14	0	-
441	146.377604	147.339844	A#4	39	80	0	0	1292	P1-27-15	0	-
442	146.837240	151.878906	B#4	59	80	0	0	1296	P1-28-1	0	-
443	146.891927	150.729167	G#2	28	80	0	0	1296	P1-28-14	0	-
444	146.893229	151.059896	G#1	28	80	0	0	1296	P1-28-13	0	-
445	147.263021	147.959635	B#3	36	80	0	0	1300	P1-28-2	0	-
446	147.670573	148.399740	D#4	43	80	0	0	1304	P1-28-3	0	-
447	148.092448	149.438802	G#4	54	80	0	0	1308	P1-28-4	0	-
448	148.484375	149.408854	B#3	44	80	0	0	1312	P1-28-5	0	-
449	148.861979	149.549479	D#4	45	80	0	0	1316	P1-28-6	0	-
450	149.276042	152.500000	A4	66	80	0	0	1320	P1-28-7	0	-
451	149.694010	150.619792	B#3	43	80	0	0	1324	P1-28-8	0	-
452	150.101562	150.699219	D#4	42	80	0	0	1328	P1-28-9	0	-
453	150.539062	151.779948	F#4	50	80	0	0	1332	P1-28-10	0	-
454	150.916667	152.059896	B#3	34	80	0	0	1336	P1-28-11	0	-
455	151.350260	152.039062	D#4	31	80	0	0	1340	P1-28-12	0	-
456	151.747396	154.459635	G#2	38	80	0	0	1344	P1-29-14	0	-
457	151.753906	156.609375	G#1	36	80	0	0	1344	P1-29-13	0	-
458	151.785156	155.658854	F#4	23	80	0	0	1348	*	3	-
459	152.169271	153.188802	B#3	34	80	0	0	1348	P1-29-2	0	-
460	152.554688	153.299479	D#4	41	80	0	0	1352	P1-29-3	0	-
461	152.985677	153.229167	G#3	52	80	0	0	1356	P1-29-4	0	-
462	153.381510	154.500000	B#3	52	80	0	0	1360	P1-29-5	0	-
463	153.756510	154.709635	D#4	51	80	0	0	1364	P1-29-6	0	-
464	154.272135	155.250000	A3	56	80	0	0	1368	P1-29-7	0	-
465	154.743490	155.679688	B#3	42	80	0	0	1372	P1-29-8	0	-
466	155.152344	156.000000	D#4	51	80	0	0	1376	P1-29-9	0	-
467	155.584635	156.739583	F#3	51	80	0	0	1380	P1-29-10	0	-
468	156.007812	156.869792	B#3	44	80	0	0	1384	P1-29-11	0	-
469	156.363281	156.968750	D#4	41	80	0	0	1388	P1-29-12	0	-
470	156.863281	156.869792	E3	45	80	0	0	1392	P1-30-13	0	-
471	156.872396	161.699219	G#1	36	80	0	0	1392	P1-30-17	0	-
472	156.875000	158.250000	G#2	35	80	0	0	1392	P1-30-18	0	-
473	157.342448	157.859375	E4	42	80	0	0	1396	P1-30-2	0	-
474	157.735677	158.319010	G#4	45	80	0	0	1400	P1-30-3	0	-
475	158.114583	158.859375	C#5	59	80	0	0	1404	P1-30-4	0	-
476	158.484375	159.239583	E4	42	80	0	0	1408	P1-30-5	0	-
477	158.856771	159.500000	G#4	46	80	0	0	1412	P1-30-6	0	-
478	159.302083	161.559896	E5	64	80	0	0	1416	P1-30-7	0	-
479	159.753906	160.179688	E4	33	80	0	0	1420	P1-30-8	0	-
480	160.127604	160.718750	G#4	42	80	0	0	1424	P1-30-9	0	-
481	160.535156	161.459635	C#5	57	80	0	0	1428	P1-30-10	0	-
482	160.932292	162.158854	E4	35	80	0	0	1432	P1-30-11	0	-
483	161.300781	163.539062	G#4	38	80	0	0	1436	P1-30-12	0	-
484	161.705729	162.559896	G#2	38	80	0	0	1440	P1-31-15	0	-
485	161.707031	166.750000	G#1	35	80	0	0	1440	P1-31-14	0	-
486	162.115885	162.889323	E3	34	80	0	0	1444	P1-31-3	0	-
487	162.535156	163.449219	G#3	42	80	0	0	1448	P1-31-4	0	-
488	162.945312	164.489583	C#4	50	80	0	0	1452	P1-31-5	0	-
489	163.337240	163.769531	E3	45	80	0	0	1456	P1-31-6	0	-
490	163.723958	164.069010	G#3	52	80	0	0	1460	P1-31-7	0	-
491	164.079427	164.789062	G#3	19	80	0	0	1460	*	3	-
492	164.195312	166.179688	E4	61	80	0	0	1464	P1-31-8	0	-
493	164.638021	165.188802	E3	39	80	0	0	1468	P1-31-9	0	-
494	165.052083	165.878906	G#3	43	80	0	0	1472	P1-31-10	0	-
495	165.459635	166.859375	C#4	48	80	0	0	1476	P1-31-11	0	-
496	165.842448	166.359375	E3	37	80	0	0	1480	P1-31-12	0	-
497	166.266927	167.500000	G#3	44	80	0	0	1484	P1-31-13	0	-
498	166.763021	171.519531	G#1	33	80	0	0	1488	P1-32-16	0	-
499	167.263021	167.729167	A3	34	80	0	0	1492	P1-32-12	0	-
500	167.626302	169.009115	F#3	38	80	0	0	1496	P1-32-13	0	-
501	167.998698	168.869792	B#3	42	80	0	0	1500	P1-32-2	0	-
502	168.363281	169.529948	A3	32	80	0	0	1504	P1-32-3	0	-
503	168.777344	169.579427	D#4	41	80	0	0	1508	P1-32-4	0	-
504	169.164062	170.459635	B#3	40	80	0	0	1512	P1-32-5	0	-
505	169.540365	170.169271	F#4	47	80	0	0	1516	P1-32-6	0	-
506	169.914062	171.029948	D#4	43	80	0	0	1520	P1-32-7	0	-
507	170.311198	171.199219	A4	48	80	0	0	1524	P1-32-8	0	-
508	170.671875	171.399740	F#4	44	80	0	0	1528	P1-32-9	0	-
509	171.096354	171.449219	B#4	52	80	0	0	1532	P1-32-10	0	-
510	171.484375	171.688802	E3	44	80	0	0	1536	P1-33-11	0	-
511	171.529948	176.179688	G#1	29	80	0	0	1536	P1-33-16	0	-
512	171.535156	174.908854	G#2	31	80	0	0	1536	P1-33-17	0	-
513	171.890625	172.739583	C#4	40	80	0	0	1540	P1-33-12	0	-
514	172.285156	174.809896	G#3	51	80	0	0	1544	P1-33-13	0	-
515	172.674479	173.279948	E4	44	80	0	0	1548	P1-33-2	0	-
516	173.071615	173.609375	C#4	43	80	0	0	1552	P1-33-3	0	-
517	173.436198	174.289062	G#4	46	80	0	0	1556	P1-33-4	0	-
518	173.854167	174.789062	E4	44	80	0	0	1560	P1-33-5	0	-
519	174.246094	174.779948	C#5	55	80	0	0	1564	P1-33-6	0	-
520	174.640625	175.399740	G#4	48	80	0	0	1568	P1-33-7	0	-
521	175.132812	175.688802	E5	46	80	0	0	1572	P1-33-8	0	-
522	175.565104	176.408854	C#5	51	80	0	0	1576	P1-33-9	0	-
523	175.942708	176.889323	G#4	42	80	0	0	1580	P1-33-10	0	-
524	176.321615	176.789062	C#4	41	80	0	0	1584	P1-34-1	0	-
525	176.375000	177.938802	G#2	27	80	0	0	1584	P1-34-14	0	-
526	176.376302	181.188802	G#1	28	80	0	0	1584	P1-34-13	0	-
527	176.716146	177.089844	F##4	45	80	0	0	1588	P1-34-2	0	-
528	177.088542	177.519531	E4	45	80	0	0	1592	P1-34-3	0	-
529	177.480469	177.769531	A#4	50	80	0	0	1596	P1-34-4	0	-
530	177.824219	178.319010	F##4	55	80	0	0	1600	P1-34-5	0	-
531	178.203125	178.669271	C#5	64	80	0	0	1604	P1-34-6	0	-
532	178.583333	179.019531	A#4	54	80	0	0	1608	P1-34-7	0	-
533	178.994792	179.569010	E5	59	80	0	0	1612	P1-34-8	0	-
534	179.393229	179.658854	C#5	57	80	0	0	1616	P1-34-9	0	-
535	179.792969	180.639323	F##5	62	80	0	0	1620	P1-34-10	0	-
536	180.180990	180.899740	E5	54	80	0	0	1624	P1-34-11	0	-
537	180.680990	181.239583	A#5	58	80	0	0	1628	P1-34-12	0	-
538	181.175781	182.408854	F#4	47	80	0	0	1632	P1-35-1	0	-
539	181.199219	185.519531	G#1	30	80	0	0	1632	P1-35-13	0	-
540	181.631510	182.250000	B#4	53	80	0	0	1636	P1-35-2	0	-
541	182.020833	183.289062	A4	52	80	0	0	1640	P1-35-3	0	-
542	182.397135	183.169271	D#5	58	80	0	0	1644	P1-35-4	0	-
543	182.746094	184.359375	B#4	56	80	0	0	1648	P1-35-5	0	-
544	183.131510	183.679688	F#5	64	80	0	0	1652	P1-35-6	0	-
545	183.494792	184.199219	D#5	63	80	0	0	1656	P1-35-7	0	-
546	183.886719	184.309896	A5	66	80	0	0	1660	P1-35-8	0	-
547	184.260417	185.029948	F#5	55	80	0	0	1664	P1-35-9	0	-
548	184.673177	185.179688	B#5	54	80	0	0	1668	P1-35-10	0	-
549	185.105469	185.718750	A5	62	80	0	0	1672	P1-35-11	0	-
550	185.593750	186.019531	D#6	57	80	0	0	1676	P1-35-12	0	-
551	186.118490	186.589844	B#5	58	80	0	0	1680	P1-36-1	0	-
552	186.592448	187.128906	F#5	53	80	0	0	1684	P1-36-2	0	-
553	186.984375	187.619792	A5	53	80	0	0	1688	P1-36-3	0	-
554	187.364583	187.878906	D#5	52	80	0	0	1692	P1-36-4	0	-
555	187.750000	188.199219	F#5	51	80	0	0	1696	P1-36-5	0	-
556	188.095052	188.539062	B#4	46	80	0	0	1700	P1-36-6	0	-
557	188.472656	188.989583	D#5	45	80	0	0	1704	P1-36-7	0	-
558	188.842448	189.359375	A4	47	80	0	0	1708	P1-36-8	0	-
559	189.207031	189.839844	B#4	50	80	0	0	1712	P1-36-9	0	-
560	189.592448	190.408854	F#4	39	80	0	0	1716	P1-36-10	0	-
561	189.997396	191.289062	A4	38	80	0	0	1720	P1-36-11	0	-
562	190.373698	191.009115	D#4	30	80	0	0	1724	P1-36-12	0	-
563	190.774740	192.029948	F#4	39	80	0	0	1728	P1-37-1	0	-
564	191.118490	191.619792	B#3	35	80	0	0	1732	P1-37-2	0	-
565	191.503906	192.459635	D#4	32	80	0	0	1736	P1-37-3	0	-
566	191.893229	192.579427	A3	38	80	0	0	1740	P1-37-4	0	-
567	192.253906	193.658854	B#3	38	80	0	0	1744	P1-37-5	0	-
568	192.593750	193.628906	F#3	44	80	0	0	1748	P1-37-6	0	-
569	192.964844	194.438802	A3	37	80	0	0	1752	P1-37-7	0	-
570	193.334635	194.169271	D#3	54	80	0	0	1756	P1-37-8	0	-
571	193.721354	194.489583	F#3	47	80	0	0	1760	P1-37-9	0	-
572	194.097656	195.009115	C#2	51	80	0	0	1764	*	3	-
573	194.098958	195.158854	C#3	56	80	0	0	1764	P1-37-10	0	-
574	194.498698	195.309896	F#3	52	80	0	0	1768	P1-37-11	0	-
575	194.865885	196.000000	A3	55	80	0	0	1772	P1-37-12	0	-
576	195.321615	195.729167	B#2	61	80	0	0	1776	P1-38-13	0	-
577	195.322917	195.739583	F#3	53	80	0	0	-1	*	3	-
578	195.326823	195.628906	G#3	49	80	0	0	-1	*	3	-
579	195.813802	197.259115	F#3	54	80	0	0	1780	P1-38-2	0	-
580	196.203125	196.750000	G#3	60	80	0	0	1784	P1-38-3	0	-
581	196.632812	197.188802	A3	45	80	0	0	1788	P1-38-4	0	-
582	197.024740	198.059896	G#3	43	80	0	0	1792	P1-38-5	0	-
583	197.395833	198.399740	F#3	49	80	0	0	1796	P1-38-6	0	-
584	197.915365	203.919271	G#1	40	80	0	0	1800	*	3	-
585	197.915365	199.289062	D#3	53	80	0	0	1800	P1-38-14	0	-
586	198.404948	199.389323	F#3	40	80	0	0	1804	P1-38-8	0	-
587	198.774740	199.399740	A3	36	80	0	0	1808	P1-38-9	0	-
588	199.179688	200.609375	C#3	37	80	0	0	1812	P1-38-15	0	-
589	199.179688	200.199219	C#2	33	80	0	0	1812	*	3	-
590	199.574219	200.658854	F#3	40	80	0	0	1816	P1-38-11	0	-
591	199.941406	200.959635	A3	38	80	0	0	1820	P1-38-12	0	-
592	200.373698	201.699219	B#2	48	80	0	0	1824	P1-39-13	0	-
593	200.380208	200.389323	C2	41	80	0	0	1824	P1-39-17	1	-
594	200.436198	200.679688	G#3	28	80	0	0	1824	*	3	-
595	200.765625	201.829427	F#3	44	80	0	0	1828	P1-39-2	0	-
596	201.145833	201.626302	G#3	49	80	0	0	1832	P1-39-3	0	-
597	201.535156	202.449219	A3	43	80	0	0	1836	P1-39-4	0	-
598	201.923177	202.369792	G#3	42	80	0	0	1840	P1-39-5	0	-
599	202.343750	203.089844	F#3	46	80	0	0	1844	P1-39-6	0	-
600	202.873698	203.908854	D3	54	80	0	0	1848	P1-39-14	1	-
601	203.434896	204.348958	F#3	27	80	0	0	1852	P1-39-8	0	-
602	203.825521	204.500000	A3	34	80	0	0	1856	P1-39-9	0	-
603	204.222656	204.229167	C#2	38	80	0	0	1860	*	3	-
604	204.223958	205.679688	C#3	43	80	0	0	1860	P1-39-15	0	-
605	204.644531	205.149740	F#3	34	80	0	0	1864	P1-39-11	0	-
606	205.052083	205.729167	A3	28	80	0	0	1868	P1-39-12	0	-
607	205.485677	207.679688	B#2	45	80	0	0	1872	P1-40-13	0	-
608	205.485677	205.739583	G#3	38	80	0	0	1872	*	3	-
609	205.917969	207.209635	F#3	44	80	0	0	1876	P1-40-2	0	-
610	206.322917	206.779948	G#3	34	80	0	0	1880	P1-40-3	0	-
611	206.696615	207.169271	A3	37	80	0	0	1884	P1-40-4	0	-
612	207.084635	207.718750	G#3	41	80	0	0	1888	P1-40-5	0	-
613	207.489583	208.169271	F#3	41	80	0	0	1892	P1-40-6	0	-
614	207.951823	209.009115	C#3	43	80	0	0	1896	P1-40-14	0	-
615	208.003906	210.269531	A1	33	80	0	0	1896	P1-40-18	0	-
616	208.007812	209.779948	A2	31	80	0	0	1896	P1-40-19	0	-
617	208.390625	209.199219	E3	44	80	0	0	1900	P1-40-8	0	-
618	208.779948	209.598958	C#4	47	80	0	0	1904	P1-40-9	0	-
619	209.184896	212.309896	C#3	33	80	0	0	1908	P1-40-15	0	-
620	209.578125	210.128906	E3	37	80	0	0	1912	P1-40-11	0	-
621	209.983073	210.559896	C#4	37	80	0	0	1916	P1-40-12	0	-
622	210.416667	211.649740	D#3	42	80	0	0	1920	P1-41-1	0	-
623	210.430990	212.158854	F#1	33	80	0	0	1920	P1-41-13	0	-
624	210.432292	212.109375	F#2	36	80	0	0	1920	P1-41-14	0	-
625	210.884115	211.709635	A3	28	80	0	0	1924	P1-41-2	1	-
626	211.260417	212.119792	C#4	39	80	0	0	1928	P1-41-3	1	-
627	211.662760	212.929688	D#3	33	80	0	0	1932	P1-41-4	0	-
628	212.085938	213.049479	A3	33	80	0	0	1936	P1-41-5	1	-
629	212.500000	213.119792	C#4	41	80	0	0	1940	P1-41-6	1	-
630	212.934896	214.309896	D#3	37	80	0	0	1944	P1-41-7	0	-
631	212.966146	216.158854	G#1	31	80	0	0	1944	P1-41-15	0	-
632	212.968750	215.299479	G#2	30	80	0	0	1944	P1-41-16	0	-
633	212.983073	213.199219	G#3	28	80	0	0	-1	*	3	-
634	213.401042	215.559896	G#3	45	80	0	0	1948	P1-41-8	0	-
635	213.835938	215.079427	B#3	47	80	0	0	1952	P1-41-9	0	-
636	214.315104	215.859375	D#3	32	80	0	0	1956	P1-41-10	0	-
637	214.794271	215.968750	F#3	40	80	0	0	1960	P1-41-11	0	-
638	215.265625	216.149740	B#3	40	80	0	0	1964	P1-41-12	0	-
639	215.856771	219.789062	C#1	31	80	0	0	1968	P1-42-17	1	-
640	216.434896	217.069010	G#3	39	80	0	0	1972	P1-42-2	0	-
641	216.860677	217.658854	C#4	33	80	0	0	1976	P1-42-3	0	-
642	217.279948	218.229167	G#3	35	80	0	0	1980	P1-42-8	0	-
643	217.742188	218.679688	C#4	31	80	0	0	1984	P1-42-9	0	-
644	218.152344	218.799479	E4	37	80	0	0	1988	P1-42-10	0	-
645	218.572917	219.539062	G#3	35	80	0	0	1992	P1-42-11	0	-
646	218.986979	220.029948	C#4	35	80	0	0	1996	P1-42-12	0	-
647	219.428385	219.799479	E4	43	80	0	0	2000	P1-42-13	0	-
648	219.957031	221.000000	G#4	60	80	0	0	2004	P1-42-5	0	-
649	220.003906	221.049479	G#3	28	80	0	0	2004	P1-42-14	0	-
650	220.518229	221.378906	C#4	35	80	0	0	2008	P1-42-15	0	-
651	220.960938	221.289062	E4	38	80	0	0	2012	P1-42-16	0	-
652	221.201823	221.359375	G#4	61	80	0	0	2013	P1-42-6	0	-
653	221.493490	222.589844	G#4	49	80	0	0	2016	P1-43-1	0	-
654	221.519531	222.669271	G#3	37	80	0	0	2016	P1-43-4	0	-
655	221.609375	225.989583	G#2	24	80	0	0	2016	P1-43-17	0	-
656	221.609375	226.109375	B#2	25	80	0	0	2016	P1-43-18	0	-
657	221.610677	226.529948	B#1	26	80	0	0	2016	P1-43-16	0	-
658	222.023438	222.781250	D#4	35	80	0	0	2020	P1-43-5	0	-
659	222.404948	223.619792	F#4	40	80	0	0	2024	P1-43-6	0	-
660	222.802083	223.699219	G#3	25	80	0	0	2028	P1-43-7	0	-
661	223.210938	223.919271	D#4	43	80	0	0	2032	P1-43-8	0	-
662	223.626302	224.809896	F#4	46	80	0	0	2036	P1-43-9	0	-
663	224.013021	224.809896	G#3	39	80	0	0	2040	P1-43-10	0	-
664	224.453125	225.059896	D#4	31	80	0	0	2044	P1-43-11	0	-
665	224.816406	225.489583	F#4	46	80	0	0	2048	P1-43-12	0	-
666	225.246094	225.938802	G#4	61	80	0	0	2052	P1-43-2	0	-
667	225.266927	226.218750	G#3	41	80	0	0	2052	P1-43-13	0	-
668	225.703125	226.389323	D#4	39	80	0	0	2056	P1-43-14	0	-
669	226.105469	226.509115	F#4	47	80	0	0	2060	P1-43-15	0	-
670	226.302083	226.468750	G#4	67	80	0	0	2061	P1-43-3	0	-
671	226.575521	228.968750	G#4	59	80	0	0	2064	P1-44-1	0	-
672	226.622396	227.069010	G#3	36	80	0	0	2064	P1-44-3	0	-
673	226.667969	231.479167	C#2	36	80	0	0	2064	P1-44-15	0	-
674	227.063802	228.049479	C#4	41	80	0	0	2068	P1-44-4	0	-
675	227.484375	228.348958	E4	38	80	0	0	2072	P1-44-5	0	-
676	227.915365	229.109375	G#3	41	80	0	0	2076	P1-44-6	0	-
677	228.337240	229.279948	C#4	40	80	0	0	2080	P1-44-7	0	-
678	228.713542	229.250000	E4	46	80	0	0	2084	P1-44-8	0	-
679	229.138021	232.029948	A4	63	80	0	0	2088	P1-44-2	0	-
680	229.169271	230.158854	A3	38	80	0	0	2088	P1-44-9	0	-
681	229.183594	229.188802	F#2	34	80	0	0	2088	P1-44-18	0	-
682	229.184896	231.319010	F#1	33	80	0	0	2088	P1-44-17	0	-
683	229.604167	230.408854	C#4	37	80	0	0	2092	P1-44-10	0	-
684	230.014323	231.009115	F#4	48	80	0	0	2096	P1-44-11	0	-
685	230.433594	231.589844	A3	43	80	0	0	2100	P1-44-12	0	-
686	230.842448	231.609375	C#4	31	80	0	0	2104	P1-44-13	0	-
687	231.274740	231.968750	F#4	44	80	0	0	2108	P1-44-14	0	-
688	231.752604	234.489583	G#4	64	80	0	0	2112	P1-45-1	0	-
689	231.764323	233.919271	B1	37	80	0	0	2112	P1-45-16	0	-
690	232.234375	232.688802	B3	34	80	0	0	2116	P1-45-5	0	-
691	232.649740	233.468750	E4	33	80	0	0	2120	P1-45-6	0	-
692	233.070312	233.669271	G#3	38	80	0	0	2124	P1-45-7	0	-
693	233.490885	234.049479	B3	36	80	0	0	2128	P1-45-8	0	-
694	233.894531	234.529948	E4	37	80	0	0	2132	P1-45-9	0	-
695	234.367188	235.438802	F#4	59	80	0	0	2136	P1-45-2	0	-
696	234.415365	237.009115	B2	32	80	0	0	2136	P1-45-19	0	-
697	234.848958	235.329427	B3	35	80	0	0	2140	P1-45-11	0	-
698	235.252604	236.069010	D#4	38	80	0	0	2144	P1-45-12	0	-
699	235.776042	240.158854	B4	67	80	0	0	2148	P1-45-3	0	-
700	235.843750	236.449219	A3	30	80	0	0	2148	P1-45-13	0	-
701	236.234375	237.359375	B3	46	80	0	0	2152	P1-45-14	0	-
702	236.623698	237.289062	D#4	39	80	0	0	2156	P1-45-15	0	-
703	237.138021	237.829427	E4	54	80	0	0	2160	P1-46-1	0	-
704	237.174479	238.949219	G#3	45	80	0	0	2160	P1-46-5	0	-
705	237.184896	242.449219	E2	33	80	0	0	2160	P1-46-17	0	-
706	237.678385	238.128906	B3	34	80	0	0	2164	P1-46-6	0	-
707	238.065104	238.559896	E4	37	80	0	0	2168	P1-46-7	0	-
708	238.447917	239.250000	B3	38	80	0	0	2172	P1-46-8	0	-
709	238.826823	239.509115	E4	42	80	0	0	2176	P1-46-9	0	-
710	239.233073	240.188802	G#4	46	80	0	0	2180	P1-46-10	0	-
711	239.654948	240.468750	B3	41	80	0	0	2184	P1-46-11	0	-
712	240.054688	240.938802	E4	41	80	0	0	2188	P1-46-12	0	-
713	240.444010	241.429688	G#4	41	80	0	0	2192	P1-46-13	0	-
714	240.882812	241.809896	B4	67	80	0	0	2196	P1-46-3	1	-
715	240.933594	242.000000	B3	37	80	0	0	2196	P1-46-14	0	-
716	241.334635	242.329427	E4	43	80	0	0	2200	P1-46-15	0	-
717	241.716146	242.500000	G#4	44	80	0	0	2204	P1-46-16	0	-
718	241.914062	241.996094	B4	68	80	0	0	2205	P1-46-4	1	-
719	242.164062	245.619792	B4	60	80	0	0	2208	P1-47-1	1	-
720	242.207031	242.750000	B3	37	80	0	0	2208	P1-47-4	0	-
721	242.272135	246.619792	D#2	30	80	0	0	2208	P1-47-16	0	-
722	242.652344	243.389323	F#4	42	80	0	0	2212	P1-47-5	0	-
723	243.044271	244.039062	A4	46	80	0	0	2216	P1-47-6	0	-
724	243.416667	244.279948	B3	42	80	0	0	2220	P1-47-7	0	-
725	243.833333	244.769531	F#4	50	80	0	0	2224	P1-47-8	0	-
726	244.225260	245.179688	A4	47	80	0	0	2228	P1-47-9	0	-
727	244.644531	245.479167	B3	31	80	0	0	2232	P1-47-10	0	-
728	245.013021	245.929688	F#4	44	80	0	0	2236	P1-47-11	0	-
729	245.358073	246.309896	A4	48	80	0	0	2240	P1-47-12	0	-
730	245.805990	246.628906	B4	69	80	0	0	2244	P1-47-2	1	-
731	245.846354	246.459635	B3	35	80	0	0	2244	P1-47-13	0	-
732	246.255208	246.949219	F#4	49	80	0	0	2248	P1-47-14	0	-
733	246.557292	246.929688	A4	56	80	0	0	2252	P1-47-15	0	-
734	246.725260	246.825521	B4	73	80	0	0	2253	P1-47-3	1	-
735	246.975260	249.199219	B4	77	80	0	0	2256	P1-48-1	0	-
736	247.006510	247.479167	B3	53	80	0	0	2256	P1-48-4	0	-
737	247.062500	249.199219	E2	32	80	0	0	2256	P1-48-16	0	-
738	247.065104	247.079427	E3	33	80	0	0	2256	P1-48-17	0	-
739	247.434896	248.019531	E4	59	80	0	0	2260	P1-48-5	0	-
740	247.822917	248.679688	G#4	56	80	0	0	2264	P1-48-6	0	-
741	248.190104	249.169271	B3	48	80	0	0	2268	P1-48-7	0	-
742	248.541667	249.119792	E4	55	80	0	0	2272	P1-48-8	0	-
743	248.904948	249.799479	G#4	60	80	0	0	2276	P1-48-9	0	-
744	249.358073	250.718750	B#4	83	80	0	0	2280	P1-48-2	0	-
745	249.403646	250.269531	B#3	53	80	0	0	2280	P1-48-10	0	-
746	249.411458	249.799479	F#4	42	80	0	0	2280	*	3	-
747	249.414062	250.769531	D#2	45	80	0	0	2280	P1-48-18	0	-
748	249.856771	250.968750	F#4	56	80	0	0	2284	P1-48-11	0	-
749	250.214844	250.919271	G#4	55	80	0	0	2288	P1-48-12	0	-
750	250.636719	252.389323	C#5	84	80	0	0	2292	P1-48-3	0	-
751	250.694010	251.369792	C#4	50	80	0	0	2292	P1-48-13	0	-
752	250.697917	252.449219	C#2	48	80	0	0	2292	P1-48-20	0	-
753	251.115885	252.279948	E4	44	80	0	0	2296	P1-48-14	0	-
754	251.572917	252.500000	G#4	53	80	0	0	2300	P1-48-15	0	-
755	252.153646	254.500000	D#5	64	80	0	0	2304	P1-49-1	0	-
756	252.192708	253.019531	D#4	36	80	0	0	2304	P1-49-3	0	-
757	252.197917	254.128906	B#1	32	80	0	0	2304	P1-49-15	0	-
758	252.204427	252.209635	B#2	30	80	0	0	2304	P1-49-17	0	-
759	252.671875	253.569010	F#4	47	80	0	0	2308	P1-49-4	0	-
760	253.110677	253.899740	G#4	33	80	0	0	2312	P1-49-5	0	-
761	253.484375	254.059896	D#4	34	80	0	0	2316	P1-49-6	0	-
762	253.856771	254.438802	F#4	45	80	0	0	2320	P1-49-7	0	-
763	254.225260	254.908854	G#4	49	80	0	0	2324	P1-49-8	0	-
764	254.674479	257.009115	E5	62	80	0	0	2328	P1-49-2	0	-
765	254.683594	255.000000	E4	48	80	0	0	2328	P1-49-9	0	-
766	254.742188	256.929688	C#2	33	80	0	0	2328	P1-49-18	0	-
767	255.164062	256.049479	G#4	37	80	0	0	2332	P1-49-10	0	-
768	255.571615	256.239583	C#5	47	80	0	0	2336	P1-49-11	0	-
769	255.964844	256.869792	E4	33	80	0	0	2340	P1-49-12	0	-
770	256.382812	257.389323	G#4	39	80	0	0	2344	P1-49-13	0	-
771	256.753906	257.500000	C#5	46	80	0	0	2348	P1-49-14	0	-
772	257.178385	259.789062	D5	57	80	0	0	2352	P1-50-1	0	-
773	257.194010	257.649740	D4	37	80	0	0	2352	P1-50-3	0	-
774	257.253906	259.039062	F#2	27	80	0	0	2352	P1-50-16	0	-
775	257.253906	259.569010	F#1	27	80	0	0	2352	P1-50-15	0	-
776	257.634115	258.169271	F#4	35	80	0	0	2356	P1-50-4	0	-
777	258.036458	258.559896	A4	38	80	0	0	2360	P1-50-5	0	-
778	258.449219	258.979167	D4	38	80	0	0	2364	P1-50-6	0	-
779	258.841146	259.688802	F#4	42	80	0	0	2368	P1-50-7	0	-
780	259.243490	259.989583	A4	47	80	0	0	2372	P1-50-8	0	-
781	259.705729	262.279948	B#4	50	80	0	0	2376	P1-50-2	0	-
782	259.731771	260.539062	B#3	33	80	0	0	2376	P1-50-9	0	-
783	259.744792	262.069010	G#1	28	80	0	0	2376	P1-50-17	0	-
784	260.167969	260.539062	F#4	36	80	0	0	2380	P1-50-10	0	-
785	260.544271	261.000000	G#4	40	80	0	0	2384	P1-50-11	0	-
786	260.544271	261.359375	F#4	34	80	0	0	2384	*	3	-
787	260.944010	262.199219	B#3	31	80	0	0	2388	P1-50-12	0	-
788	261.365885	262.348958	F#4	36	80	0	0	2392	P1-50-13	0	-
789	261.785156	261.979167	G#4	42	80	0	0	2396	P1-50-14	0	-
790	262.196615	262.709635	G#4	48	80	0	0	2400	*	3	-
791	262.197917	264.819010	C#5	64	80	0	0	2400	P1-51-1	0	-
792	262.207031	263.158854	C#4	45	80	0	0	2400	P1-51-3	0	-
793	262.260417	265.779948	C#2	32	80	0	0	2400	P1-51-15	0	-
794	262.674479	263.269531	E4	34	80	0	0	2404	P1-51-4	0	-
795	263.072917	263.929688	G#4	32	80	0	0	2408	P1-51-5	0	-
796	263.445312	264.239583	C#4	27	80	0	0	2412	P1-51-6	0	-
797	263.835938	264.549479	E4	40	80	0	0	2416	P1-51-7	0	-
798	264.182292	264.869792	G#4	46	80	0	0	2420	P1-51-8	0	-
799	264.565104	265.519531	C#4	41	80	0	0	2424	P1-51-9	0	-
800	264.976562	266.019531	E#4	46	80	0	0	2428	P1-51-10	0	-
801	265.342448	266.069010	G#4	45	80	0	0	2432	P1-51-11	0	-
802	265.803385	267.329427	C#5	73	80	0	0	2436	P1-51-2	0	-
803	265.830729	266.878906	C#4	41	80	0	0	2436	P1-51-12	0	-
804	266.227865	267.389323	E#4	43	80	0	0	2440	P1-51-13	0	-
805	266.615885	267.500000	G#4	44	80	0	0	2444	P1-51-14	0	-
806	267.131510	269.329427	D5	75	80	0	0	2448	P1-52-1	0	-
807	267.175781	268.218750	C#4	53	80	0	0	2448	P1-52-3	0	-
808	267.598958	268.589844	F#4	35	80	0	0	2452	P1-52-4	0	-
809	267.985677	269.049479	A4	50	80	0	0	2456	P1-52-5	0	-
810	268.390625	268.628906	F#3	65	80	0	0	2460	P1-52-18	0	-
811	268.406250	269.378906	F#2	52	80	0	0	2460	P1-52-17	0	-
812	268.410156	268.699219	C#4	48	80	0	0	2460	P1-52-6	0	-
813	268.811198	269.438802	F#4	52	80	0	0	2464	P1-52-7	0	-
814	269.182292	270.049479	A4	60	80	0	0	2468	P1-52-8	0	-
815	269.667969	270.438802	A3	63	80	0	0	2472	P1-52-20	0	-
816	269.703125	270.149740	C#4	52	80	0	0	2472	P1-52-9	0	-
817	269.712240	270.329427	A2	43	80	0	0	2472	P1-52-19	0	-
818	270.164062	270.848958	F#4	41	80	0	0	2476	P1-52-10	0	-
819	270.553385	271.378906	A4	39	80	0	0	2480	P1-52-11	0	-
820	271.014323	272.519531	B#4	73	80	0	0	2484	P1-52-2	0	-
821	271.048177	272.059896	C#4	42	80	0	0	2484	P1-52-12	0	-
822	271.095052	271.639323	F#2	34	80	0	0	2484	P1-52-21	0	-
823	271.505208	272.649740	F#4	40	80	0	0	2488	P1-52-13	0	-
824	271.927083	272.688802	A4	37	80	0	0	2492	P1-52-14	0	-
825	272.425781	275.239583	C#5	56	80	0	0	2496	P1-53-1	0	-
826	272.471354	272.869792	C#4	30	80	0	0	2496	P1-53-3	0	-
827	272.477865	273.438802	C#2	30	80	0	0	2496	P1-53-15	0	-
828	272.864583	273.679688	E#4	38	80	0	0	2500	P1-53-4	0	-
829	273.217448	274.169271	G#4	35	80	0	0	2504	P1-53-5	0	-
830	273.632812	274.269531	C#4	33	80	0	0	2508	P1-53-6	0	-
831	274.053385	274.869792	E#4	33	80	0	0	2512	P1-53-7	0	-
832	274.414062	275.378906	G#4	39	80	0	0	2516	P1-53-8	0	-
833	274.813802	275.699219	C#4	36	80	0	0	2520	P1-53-9	0	-
834	275.205729	276.179688	E#4	33	80	0	0	2524	P1-53-10	0	-
835	275.563802	276.419271	G#4	42	80	0	0	2528	P1-53-11	0	-
836	275.968750	276.889323	C#5	74	80	0	0	2532	P1-53-2	0	-
837	276.019531	276.869792	C#4	43	80	0	0	2532	P1-53-12	0	-
838	276.355469	277.389323	E#4	59	80	0	0	2536	P1-53-13	0	-
839	276.765625	277.449219	G#4	59	80	0	0	2540	P1-53-14	0	-
840	277.197917	279.309896	D5	81	80	0	0	2544	P1-54-1	0	-
841	277.263021	278.209635	C#4	31	80	0	0	2544	P1-54-3	0	-
842	277.605469	278.658854	F#4	40	80	0	0	2548	P1-54-4	0	-
843	278.005208	279.128906	A4	54	80	0	0	2552	P1-54-5	0	-
844	278.432292	278.718750	F#3	65	80	0	0	2556	P1-54-18	0	-
845	278.464844	279.489583	F#2	50	80	0	0	2556	P1-54-17	0	-
846	278.841146	279.579427	F#4	59	80	0	0	2560	P1-54-7	0	-
847	279.242188	280.329427	A4	65	80	0	0	2564	P1-54-8	0	-
848	279.708333	280.250000	A3	65	80	0	0	2568	P1-54-20	0	-
849	279.748698	280.229167	A2	49	80	0	0	2568	P1-54-19	0	-
850	279.750000	280.029948	C#4	50	80	0	0	2568	P1-54-9	0	-
851	280.156250	280.809896	F#4	48	80	0	0	2572	P1-54-10	0	-
852	280.578125	281.389323	A4	48	80	0	0	2576	P1-54-11	0	-
853	281.135417	282.619792	B#4	60	80	0	0	2580	P1-54-2	0	-
854	281.175781	281.399740	F#4	32	80	0	0	2580	P1-54-22	1	-
855	281.182292	281.699219	F#2	35	80	0	0	2580	P1-54-21	0	-
856	281.558594	282.609375	F#4	38	80	0	0	2584	P1-54-13	0	-
857	281.994792	283.299479	A4	39	80	0	0	2588	P1-54-14	0	-
858	282.460938	284.598958	C#5	61	80	0	0	2592	P1-55-1	0	-
859	282.492188	282.500000	C#4	36	80	0	0	2592	P1-55-3	0	-
860	282.492188	283.709635	C#2	33	80	0	0	2592	P1-55-15	0	-
861	282.871094	283.489583	E#4	43	80	0	0	2596	P1-55-4	0	-
862	283.274740	284.229167	G#4	41	80	0	0	2600	P1-55-5	0	-
863	283.660156	284.378906	C#4	33	80	0	0	2604	P1-55-6	0	-
864	284.046875	285.039062	E#4	39	80	0	0	2608	P1-55-7	0	-
865	284.425781	285.329427	G#4	42	80	0	0	2612	P1-55-8	0	-
866	284.919271	287.500000	C#5	81	80	0	0	2616	P1-55-2	0	-
867	284.957031	285.899740	C#4	35	80	0	0	2616	P1-55-9	0	-
868	284.964844	284.979167	F#2	24	80	0	0	2616	P1-55-18	0	-
869	285.434896	286.408854	F#4	36	80	0	0	2620	P1-55-10	0	-
870	285.834635	286.829427	A4	42	80	0	0	2624	P1-55-11	0	-
871	286.231771	287.419271	C#4	30	80	0	0	2628	P1-55-12	0	-
872	286.647135	287.839844	F#4	35	80	0	0	2632	P1-55-13	0	-
873	287.013021	288.098958	A4	42	80	0	0	2636	P1-55-14	0	-
874	287.502604	290.750000	B4	77	80	0	0	2640	P1-56-1	0	-
875	287.533854	288.009115	B3	51	80	0	0	2640	P1-56-3	0	-
876	287.563802	287.569010	D#3	35	80	0	0	2640	P1-56-16	0	-
877	287.563802	291.250000	D#2	37	80	0	0	2640	P1-56-15	0	-
878	287.934896	288.899740	F#4	52	80	0	0	2644	P1-56-4	0	-
879	288.322917	289.259115	A4	52	80	0	0	2648	P1-56-5	0	-
880	288.720052	289.539062	B3	39	80	0	0	2652	P1-56-6	0	-
881	289.108073	289.869792	F#4	43	80	0	0	2656	P1-56-7	0	-
882	289.483073	290.348958	A4	43	80	0	0	2660	P1-56-8	0	-
883	289.876302	290.459635	B3	35	80	0	0	2664	P1-56-9	0	-
884	290.253906	291.059896	F#4	42	80	0	0	2668	P1-56-10	0	-
885	290.604167	291.389323	A4	48	80	0	0	2672	P1-56-11	0	-
886	291.057292	292.500000	B4	77	80	0	0	2676	P1-56-2	0	-
887	291.111979	292.049479	B3	51	80	0	0	2676	P1-56-12	0	-
888	291.119792	292.419271	E2	35	80	0	0	2676	P1-56-17	0	-
889	291.493490	292.098958	E4	50	80	0	0	2680	P1-56-13	0	-
890	291.876302	292.529948	G#4	64	80	0	0	2684	P1-56-14	0	-
891	292.322917	293.279948	A4	73	80	0	0	2688	P1-57-1	0	-
892	292.350260	292.359375	A3	47	80	0	0	2688	P1-57-5	0	-
893	292.385417	293.709635	C#2	36	80	0	0	2688	P1-57-17	0	-
894	292.733073	293.459635	E4	47	80	0	0	2692	P1-57-6	0	-
895	293.114583	293.848958	G#4	62	80	0	0	2696	P1-57-7	0	-
896	293.535156	294.089844	A4	68	80	0	0	2700	P1-57-2	0	-
897	293.575521	293.688802	A3	42	80	0	0	2700	P1-57-8	0	-
898	293.615885	295.029948	D#2	33	80	0	0	2700	P1-57-19	0	-
899	293.944010	294.979167	D#4	45	80	0	0	2704	P1-57-9	0	-
900	294.394531	295.079427	F#4	41	80	0	0	2708	P1-57-10	0	-
901	294.830729	295.839844	G#4	65	80	0	0	2712	P1-57-3	0	-
902	294.864583	295.598958	G#3	46	80	0	0	2712	P1-57-11	0	-
903	294.899740	295.959635	B#1	35	80	0	0	2712	P1-57-21	0	-
904	294.902344	295.929688	B#2	33	80	0	0	2712	P1-57-22	0	-
905	295.233073	296.218750	D#4	46	80	0	0	2716	P1-57-12	0	-
906	295.656250	296.348958	F#4	51	80	0	0	2720	P1-57-13	0	-
907	296.132812	297.579427	G#4	69	80	0	0	2724	P1-57-4	0	-
908	296.162760	297.029948	G#3	44	80	0	0	2724	P1-57-14	0	-
909	296.203125	297.750000	C#2	36	80	0	0	2724	P1-57-23	0	-
910	296.553385	297.679688	C#4	56	80	0	0	2728	P1-57-15	0	-
911	296.967448	297.459635	E4	65	80	0	0	2732	P1-57-16	0	-
912	297.472656	300.279948	F#4	78	80	0	0	2736	P1-58-1	0	-
913	297.518229	299.619792	A2	47	80	0	0	2736	P1-58-17	0	-
914	297.522135	299.789062	A1	49	80	0	0	2736	P1-58-16	0	-
915	297.930990	299.000000	C#4	44	80	0	0	2740	P1-58-5	0	-
916	298.322917	299.019531	D#4	63	80	0	0	2744	P1-58-6	0	-
917	298.722656	299.769531	F#3	66	80	0	0	2748	P1-58-7	0	-
918	299.128906	300.309896	C#4	60	80	0	0	2752	P1-58-8	0	-
919	299.506510	300.089844	D#4	71	80	0	0	2756	P1-58-9	0	-
920	299.988281	301.759115	G#4	83	80	0	0	2760	P1-58-2	0	-
921	300.026042	301.069010	G#3	59	80	0	0	2760	P1-58-10	0	-
922	300.033854	301.519531	G#2	52	80	0	0	2760	P1-58-19	0	-
923	300.035156	301.459635	G#1	50	80	0	0	2760	P1-58-18	0	-
924	300.445312	301.729167	C#4	56	80	0	0	2764	P1-58-11	0	-
925	300.854167	301.539062	D#4	73	80	0	0	2768	P1-58-12	0	-
926	301.351562	303.029948	A4	75	80	0	0	2772	P1-58-3	0	-
927	301.403646	302.979167	F#1	29	80	0	0	2772	P1-58-20	0	-
928	301.825521	302.500000	C#4	48	80	0	0	2776	P1-58-14	0	-
929	302.304688	303.139323	D#4	41	80	0	0	2780	P1-58-15	0	-
930	302.936198	305.259115	G#4	51	80	0	0	2784	P1-59-1	0	-
931	302.968750	303.579427	G#3	31	80	0	0	2784	P1-59-3	0	-
932	302.975260	305.598958	G#1	29	80	0	0	2784	P1-59-15	0	-
933	302.980469	307.649740	G#2	31	80	0	0	2784	P1-59-16	0	-
934	303.425781	304.239583	C#4	30	80	0	0	2788	P1-59-4	0	-
935	303.821615	304.269531	E4	37	80	0	0	2792	P1-59-5	0	-
936	304.263021	305.259115	G#3	29	80	0	0	2796	P1-59-6	0	-
937	304.634115	305.799479	C#4	38	80	0	0	2800	P1-59-7	0	-
938	305.062500	305.809896	E4	35	80	0	0	2804	P1-59-8	0	-
939	305.602865	309.869792	G#4	53	80	0	0	2808	P1-59-2	0	-
940	305.608073	308.339844	G#1	35	80	0	0	2808	P1-59-17	0	-
941	306.091146	306.989583	B#3	32	80	0	0	2812	P1-59-10	0	-
942	306.532552	307.348958	D#4	31	80	0	0	2816	P1-59-11	0	-
943	306.929688	308.229167	F#3	32	80	0	0	2820	P1-59-12	0	-
944	307.381510	308.049479	B#3	34	80	0	0	2824	P1-59-13	0	-
945	307.824219	308.369792	D#4	40	80	0	0	2828	P1-59-14	0	-
946	308.346354	309.259115	C#4	36	80	0	0	2832	P1-60-1	0	-
947	308.350260	309.449219	G#1	28	80	0	0	2832	P1-60-17	1	-
948	308.355469	308.968750	E4	32	80	0	0	2832	*	3	-
949	308.358073	308.369792	G#3	28	80	0	0	2832	P1-60-11	1	-
950	308.860677	309.429688	G#3	35	80	0	0	2836	P1-60-12	0	-
951	309.265625	310.049479	C#4	37	80	0	0	2840	P1-60-13	0	-
952	309.666667	310.598958	G#3	37	80	0	0	2844	P1-60-2	0	-
953	310.057292	311.269531	C#4	36	80	0	0	2848	P1-60-3	0	-
954	310.498698	311.399740	E4	34	80	0	0	2852	P1-60-4	0	-
955	310.886719	312.009115	G#3	37	80	0	0	2856	P1-60-5	0	-
956	311.281250	312.239583	C#4	39	80	0	0	2860	P1-60-6	0	-
957	311.671875	311.949219	E4	39	80	0	0	2864	P1-60-7	0	-
958	312.165365	313.128906	G#2	54	80	0	0	2868	P1-60-18	0	-
959	312.171875	312.250000	E4	44	80	0	0	2868	P1-60-8	1	-
960	312.593750	314.039062	C#4	42	80	0	0	2872	P1-60-9	0	-
961	313.036458	313.619792	E4	39	80	0	0	2876	P1-60-10	0	-
962	313.273438	316.878906	G#2	46	80	0	0	2877	P1-60-19	0	-
963	313.520833	314.489583	G#3	41	80	0	0	2880	P1-61-1	0	-
964	313.611979	313.779948	B#1	39	80	0	0	2880	P1-61-16	0	-
965	313.613281	313.619792	F#4	37	80	0	0	2880	P1-61-13	1	-
966	313.967448	313.979167	F#4	39	80	0	0	-1	*	3	-
967	313.968750	314.449219	D#4	40	80	0	0	2884	P1-61-2	0	-
968	314.361979	315.329427	F#4	40	80	0	0	2888	P1-61-3	0	-
969	314.778646	315.699219	G#3	39	80	0	0	2892	P1-61-4	0	-
970	315.194010	315.628906	D#4	37	80	0	0	2896	P1-61-5	0	-
971	315.582031	316.479167	F#4	44	80	0	0	2900	P1-61-6	0	-
972	315.957031	316.968750	G#3	40	80	0	0	2904	P1-61-7	0	-
973	316.354167	316.878906	D#4	30	80	0	0	2908	P1-61-8	0	-
974	316.735677	317.179688	F#4	37	80	0	0	2912	P1-61-9	0	-
975	317.183594	318.169271	G#2	53	80	0	0	2916	P1-61-14	0	-
976	317.194010	318.089844	F#4	42	80	0	0	2916	*	3	-
977	317.221354	317.559896	G#3	35	80	0	0	2916	P1-61-10	0	-
978	317.660156	318.579427	D#4	40	80	0	0	2920	P1-61-11	0	-
979	318.100260	319.049479	F#4	41	80	0	0	2924	P1-61-12	0	-
980	318.312500	318.569010	G#2	46	80	0	0	2925	P1-61-15	0	-
981	318.563802	320.250000	G#3	47	80	0	0	2928	P1-62-1	0	-
982	318.576823	321.819010	G#2	36	80	0	0	2928	P1-62-13	0	-
983	318.662760	323.529948	C#2	38	80	0	0	2928	P1-62-16	0	-
984	319.074219	319.589844	E4	35	80	0	0	2932	P1-62-2	0	-
985	319.462240	320.309896	C#4	43	80	0	0	2936	P1-62-3	0	-
986	319.845052	320.339844	G#4	52	80	0	0	2940	P1-62-4	0	-
987	320.216146	320.569010	E4	50	80	0	0	2944	P1-62-5	0	-
988	320.613281	321.098958	C#5	61	80	0	0	2948	P1-62-6	0	-
989	320.994792	321.429688	G#4	60	80	0	0	2952	P1-62-7	0	-
990	321.352865	321.859375	E5	62	80	0	0	2956	P1-62-8	0	-
991	321.704427	322.158854	C#5	69	80	0	0	2960	P1-62-9	0	-
992	322.118490	323.209635	G#5	74	80	0	0	2964	P1-62-10	0	-
993	322.123698	323.069010	G#2	61	80	0	0	2964	P1-62-14	0	-
994	322.123698	323.098958	G#1	57	80	0	0	2964	*	3	-
995	322.574219	323.179688	E5	60	80	0	0	2968	P1-62-11	0	-
996	322.976562	323.339844	C#5	63	80	0	0	2972	P1-62-12	0	-
997	323.173177	323.419271	G#2	57	80	0	0	2973	P1-62-15	0	-
998	323.415365	323.628906	B#4	60	80	0	0	2976	P1-63-1	0	-
999	323.513021	326.809896	G#2	60	80	0	0	2976	P1-63-14	0	-
1000	323.515625	329.519531	G#1	53	80	0	0	2976	P1-63-17	0	-
1001	323.898438	324.500000	D#5	64	80	0	0	2980	P1-63-2	0	-
1002	324.285156	324.419271	A4	55	80	0	0	2984	P1-63-3	0	-
1003	324.704427	325.339844	B#4	49	80	0	0	2988	P1-63-4	0	-
1004	325.092448	325.449219	F#4	47	80	0	0	2992	P1-63-5	0	-
1005	325.506510	325.949219	A4	45	80	0	0	2996	P1-63-6	0	-
1006	325.510417	325.959635	F#4	40	80	0	0	2996	*	3	-
1007	325.924479	326.679688	D#4	45	80	0	0	3000	P1-63-7	0	-
1008	326.341146	327.000000	F#4	46	80	0	0	3004	P1-63-8	0	-
1009	326.723958	326.769531	A3	50	80	0	0	3008	P1-63-9	0	-
1010	327.164062	328.109375	G#2	56	80	0	0	3012	P1-63-15	0	-
1011	327.167969	328.639323	B#3	55	80	0	0	3012	P1-63-11	0	-
1012	327.173177	328.339844	F#4	50	80	0	0	3012	*	3	-
1013	327.592448	328.039062	G#3	51	80	0	0	3016	P1-63-12	0	-
1014	328.031250	328.688802	F#3	54	80	0	0	3020	P1-63-13	0	-
1015	328.282552	331.389323	G#2	55	80	0	0	3021	P1-63-16	0	-
1016	328.537760	329.149740	C#4	47	80	0	0	3024	P1-64-2	0	-
1017	328.537760	329.109375	E3	47	80	0	0	3024	P1-64-1	0	-
1018	328.674479	333.839844	C#2	46	80	0	0	3024	P1-64-17	0	-
1019	329.014323	329.399740	E4	50	80	0	0	3028	P1-64-3	0	-
1020	329.390625	330.239583	C#4	50	80	0	0	3032	P1-64-4	0	-
1021	329.772135	330.229167	G#4	56	80	0	0	3036	P1-64-5	0	-
1022	330.139323	330.589844	E4	49	80	0	0	3040	P1-64-6	0	-
1023	330.529948	330.959635	C#5	62	80	0	0	3044	P1-64-7	0	-
1024	330.934896	331.389323	G#4	65	80	0	0	3048	P1-64-8	0	-
1025	331.311198	331.819010	E5	67	80	0	0	3052	P1-64-9	0	-
1026	331.695312	332.169271	C#5	74	80	0	0	3056	P1-64-10	0	-
1027	332.108073	332.369792	G#1	48	80	0	0	3060	*	3	-
1028	332.110677	333.049479	G#2	48	80	0	0	3060	P1-64-15	0	-
1029	332.118490	333.049479	G#5	71	80	0	0	3060	P1-64-11	0	-
1030	332.526042	333.139323	E5	66	80	0	0	3064	P1-64-12	0	-
1031	332.959635	333.479167	C#5	64	80	0	0	3068	P1-64-13	0	-
1032	333.178385	333.489583	G#2	39	80	0	0	3069	P1-64-16	0	-
1033	333.408854	333.899740	B#4	61	80	0	0	3072	P1-65-1	0	-
1034	333.555990	336.959635	G#2	46	80	0	0	3072	P1-65-14	0	-
1035	333.828125	334.779948	D#5	67	80	0	0	3076	P1-65-2	0	-
1036	334.648438	335.519531	B#4	55	80	0	0	3084	P1-65-4	0	-
1037	335.036458	335.438802	F#4	41	80	0	0	3088	P1-65-5	0	-
1038	335.451823	335.889323	F#4	38	80	0	0	3088	*	3	-
1039	335.453125	336.139323	A4	47	80	0	0	3092	P1-65-6	0	-
1040	335.835938	336.378906	D#4	44	80	0	0	3096	P1-65-7	0	-
1041	336.244792	337.329427	F#4	43	80	0	0	3100	P1-65-8	0	-
1042	336.675781	337.369792	A3	39	80	0	0	3104	P1-65-9	0	-
1043	337.183594	338.639323	B#3	47	80	0	0	3108	P1-65-11	0	-
1044	337.199219	338.279948	G#2	33	80	0	0	3108	P1-65-15	0	-
1045	337.683594	338.279948	G#3	41	80	0	0	3112	P1-65-12	0	-
1046	338.233073	338.979167	F#3	40	80	0	0	3116	P1-65-13	0	-
1047	338.516927	338.799479	G#2	41	80	0	0	3117	P1-65-16	0	-
1048	338.942708	341.649740	G#2	35	80	0	0	3120	P1-66-14	0	-
1049	338.946615	339.419271	C#4	42	80	0	0	3120	P1-66-2	0	-
1050	338.953125	338.959635	G#3	39	80	0	0	3120	*	3	-
1051	338.966146	341.559896	E3	33	80	0	0	3120	P1-66-1	0	-
1052	338.976562	344.979167	C#2	31	80	0	0	3120	P1-66-16	0	-
1053	339.385417	340.449219	G#3	42	80	0	0	3124	P1-66-3	0	-
1054	339.766927	340.299479	C#4	40	80	0	0	3128	P1-66-4	0	-
1055	340.203125	341.019531	E4	53	80	0	0	3132	P1-66-5	0	-
1056	340.574219	341.468750	C#4	44	80	0	0	3136	P1-66-6	0	-
1057	341.026042	341.509115	G#3	41	80	0	0	3140	P1-66-7	0	-
1058	341.395833	342.500000	C#3	42	80	0	0	3144	P1-66-15	0	-
1059	341.805990	343.019531	E3	35	80	0	0	3148	P1-66-9	0	-
1060	342.220052	342.759115	G#3	44	80	0	0	3152	P1-66-10	0	-
1061	342.630208	343.649740	C#4	41	80	0	0	3156	P1-66-11	0	-
1062	343.003906	344.119792	G#3	44	80	0	0	3160	P1-66-12	0	-
1063	343.415365	344.179688	E3	38	80	0	0	3164	P1-66-13	0	-
1064	343.852865	345.959635	G#2	31	80	0	0	3168	P1-67-8	0	-
1065	344.233073	345.489583	C#3	40	80	0	0	3172	P1-67-2	0	-
1066	344.643229	345.158854	E3	42	80	0	0	3176	P1-67-3	0	-
1067	345.070312	346.049479	G#3	47	80	0	0	3180	P1-67-4	0	-
1068	345.493490	345.968750	E3	30	80	0	0	3184	P1-67-5	0	-
1069	345.912760	346.569010	C#3	39	80	0	0	3188	P1-67-6	0	-
1070	346.338542	346.919271	G#2	44	80	0	0	3192	P1-67-9	0	-
1071	346.774740	348.529948	C#3	41	80	0	0	3196	P1-67-10	0	-
1072	347.227865	347.718750	G#2	41	80	0	0	3200	P1-67-11	0	-
1073	347.717448	347.989583	E2	27	80	0	0	3204	P1-67-12	0	-
1074	348.204427	348.839844	G#1	29	80	0	0	3208	P1-67-13	1	-
1075	348.692708	349.399740	E2	34	80	0	0	3212	P1-67-14	0	-
1076	349.334635	349.348958	C#1	31	80	0	0	3216	*	3	-
1077	349.335938	352.059896	C#2	29	80	0	0	3216	P1-68-5	0	-
1078	352.725260	356.149740	C#4	45	80	0	0	3240	P1-68-4	0	-
1079	352.764323	355.679688	G#3	28	80	0	0	3240	P1-68-3	0	-
1080	352.774740	355.819010	C#1	29	80	0	0	3240	*	3	-
1081	352.776042	357.128906	C#2	24	80	0	0	3240	P1-68-6	0	-
1082	357.385417	362.500000	C#4	33	80	0	0	3264	P1-69-3	0	-
1083	357.407552	360.688802	E4	26	80	0	0	3264	*	3	-
1084	357.415365	361.579427	E3	27	80	0	0	3264	P1-69-1	0	-
1085	357.416667	362.500000	G#3	25	80	0	0	3264	P1-69-2	0	-
1086	357.417969	357.429688	G#2	26	80	0	0	3264	P1-69-5	0	-
1087	357.421875	357.429688	G#1	26	80	0	0	3264	P1-69-4	1	-
//Missing 0	P1-1-1
//Missing 0	P1-1-13
//Missing 0	P1-1-14
//Missing 192	P1-5-21
//Missing 192	P1-5-22
//Missing 240	P1-6-17
//Missing 288	P1-7-16
//Missing 336	P1-8-17
//Missing 336	P1-8-4
//Missing 360	P1-8-18
//Missing 360	P1-8-19
//Missing 360	P1-8-10
//Missing 384	P1-9-17
//Missing 432	P1-10-18
//Missing 468	P1-10-14
//Missing 528	P1-12-19
//Missing 576	P1-13-4
//Missing 600	P1-13-10
//Missing 624	P1-14-3
//Missing 648	P1-14-9
//Missing 672	P1-15-17
//Missing 744	P1-16-19
//Missing 756	P1-16-22
//Missing 768	P1-17-15
//Missing 852	P1-18-22
//Missing 864	P1-19-16
//Missing 888	P1-19-18
//Missing 912	P1-20-15
//Missing 912	P1-20-16
//Missing 936	P1-20-18
//Missing 936	P1-20-9
//Missing 960	P1-21-3
//Missing 960	P1-21-15
//Missing 960	P1-21-16
//Missing 984	P1-21-9
//Missing 984	P1-21-18
//Missing 1008	P1-22-4
//Missing 1032	P1-22-10
//Missing 1056	P1-23-22
//Missing 1056	P1-23-23
//Missing 1104	P1-24-17
//Missing 1104	P1-24-18
//Missing 1188	P1-25-21
//Missing 1200	P1-26-16
//Missing 1200	P1-26-17
//Missing 1236	P1-26-19
//Missing 1236	P1-26-20
//Missing 1248	P1-27-17
//Missing 1248	P1-27-18
//Missing 1272	P1-27-20
//Missing 1488	P1-32-11
//Missing 1488	P1-32-17
//Missing 1632	P1-35-14
//Missing 1776	P1-38-16
//Missing 1776	P1-38-17
//Missing 1824	P1-39-16
//Missing 1872	P1-40-16
//Missing 1872	P1-40-17
//Missing 1968	P1-42-1
//Missing 1968	P1-42-18
//Missing 1968	P1-42-19
//Missing 2064	P1-44-16
//Missing 2112	P1-45-17
//Missing 2112	P1-45-4
//Missing 2136	P1-45-18
//Missing 2136	P1-45-10
//Missing 2160	P1-46-18
//Missing 2208	P1-47-17
//Missing 2280	P1-48-19
//Missing 2292	P1-48-21
//Missing 2304	P1-49-16
//Missing 2328	P1-49-19
//Missing 2328	P1-49-20
//Missing 2376	P1-50-18
//Missing 2400	P1-51-16
//Missing 2484	P1-52-22
//Missing 2496	P1-53-16
//Missing 2556	P1-54-6
//Missing 2580	P1-54-12
//Missing 2592	P1-55-16
//Missing 2616	P1-55-17
//Missing 2676	P1-56-18
//Missing 2688	P1-57-18
//Missing 2700	P1-57-20
//Missing 2724	P1-57-24
//Missing 2736	P1-58-4
//Missing 2772	P1-58-13
//Missing 2772	P1-58-21
//Missing 2808	P1-59-9
//Missing 2808	P1-59-18
//Missing 2832	P1-60-16
//Missing 3012	P1-63-10
//Missing 3024	P1-64-14
//Missing 3072	P1-65-17
//Missing 3080	P1-65-3
//Missing 3108	P1-65-10
//Missing 3240	P1-68-2
//Missing 3240	P1-68-7
//Missing 3240	P1-68-8
//Missing 3264	P1-69-6
