//Version: ScorePerfmMatch_v170503
// Score: ./musicxml_cleaned_hmm.txt
// Perfm: ./02563_spr.txt
// fmt3x: ./musicxml_cleaned_fmt3x.txt
0	0.434896	1.304688	C4	50	80	0	0	8	*	3	0
1	1.065104	2.459635	D4	39	80	0	0	16	P1-1-4	0	-
2	1.683594	2.450521	E4	61	80	0	0	24	P1-1-5	0	-
3	2.348958	3.389323	F4	53	80	0	0	32	P1-1-6	0	-
4	3.345052	3.548177	G4	56	80	0	0	44	P1-1-7	0	-
5	3.475260	3.682292	F4	58	80	0	0	46	P1-1-8	0	-
6	3.647135	4.346354	E4	66	80	0	0	48	P1-1-9	0	-
7	3.675781	3.688802	G2	35	80	0	0	48	*	3	-
8	4.291667	5.048177	A4	56	80	0	0	56	P1-1-10	0	-
9	4.928385	5.774740	D4	44	80	0	0	64	P1-2-6	0	-
10	5.634115	6.604167	G4	58	80	0	0	72	P1-2-7	0	-
11	6.600260	6.895833	A4	51	80	0	0	84	P1-2-9	0	-
12	6.893229	7.130208	G4	60	80	0	0	88	P1-2-10	0	-
13	7.166667	7.493490	F4	48	80	0	0	92	P1-2-11	0	-
14	7.480469	7.765625	E4	59	80	0	0	96	P1-2-12	0	-
15	7.781250	8.053385	F4	44	80	0	0	100	P1-2-13	0	-
16	8.054688	8.869792	G4	63	80	0	0	104	P1-2-3	0	-
17	8.057292	8.304688	E4	61	80	0	0	104	P1-2-14	0	-
18	8.334635	8.558594	D4	44	80	0	0	108	P1-2-15	0	-
19	8.605469	9.148438	A4	61	80	0	0	112	P1-2-4	0	-
20	8.614583	8.842448	C4	48	80	0	0	112	P1-2-16	0	-
21	8.854167	9.123698	D4	40	80	0	0	116	P1-2-17	0	-
22	9.119792	9.372396	C4	52	80	0	0	120	P1-2-18	0	-
23	9.123698	9.848958	B4	65	80	0	0	120	P1-2-5	0	-
24	9.393229	9.809896	B3	49	80	0	0	124	P1-2-19	0	-
25	9.712240	10.334635	A3	54	80	0	0	128	P1-3-12	0	-
26	9.713542	10.583333	C5	64	80	0	0	128	P1-3-1	0	-
27	10.300781	10.884115	F#4	50	80	0	0	136	P1-3-13	0	-
28	10.584635	10.839844	D5	54	80	0	0	140	P1-3-2	0	-
29	10.703125	10.847656	C5	62	80	0	0	142	P1-3-3	0	-
30	10.835938	11.459635	B4	64	80	0	0	144	P1-3-4	0	-
31	10.854167	12.605469	G4	60	80	0	0	144	P1-3-14	0	-
32	11.414062	12.050781	E5	60	80	0	0	152	P1-3-5	0	-
33	11.473958	11.529948	B4	33	80	0	0	160	*	3	-
34	11.977865	12.622396	A4	62	80	0	0	160	P1-3-6	0	-
35	12.532552	13.457031	D5	68	80	0	0	168	P1-3-7	0	-
36	12.546875	12.786458	F#4	49	80	0	0	168	P1-3-16	0	-
37	12.825521	13.125000	E4	55	80	0	0	172	P1-3-17	0	-
38	13.105469	13.839844	F#4	43	80	0	0	176	P1-3-18	0	-
39	13.391927	13.687500	E5	63	80	0	0	180	P1-3-9	0	-
40	13.684896	14.229167	D5	66	80	0	0	184	P1-3-10	0	-
41	13.694010	14.255208	D4	51	80	0	0	184	P1-3-19	0	-
42	13.954427	14.247396	C5	61	80	0	0	188	P1-3-11	0	-
43	14.247396	14.539062	G4	58	80	0	0	192	P1-4-15	0	-
44	14.253906	14.919271	B4	60	80	0	0	192	P1-4-1	0	-
45	14.546875	14.908854	G4	56	80	0	0	196	P1-4-2	0	-
46	14.828125	15.421875	G3	69	80	0	0	200	P1-4-25	0	-
47	14.839844	15.140625	A4	65	80	0	0	200	P1-4-3	0	-
48	14.843750	15.500000	F4	61	80	0	0	200	P1-4-16	0	-
49	15.132812	15.425781	B4	56	80	0	0	204	P1-4-4	0	-
50	15.385417	16.058594	A3	78	80	0	0	208	P1-4-26	0	-
51	15.391927	16.069010	E4	63	80	0	0	208	P1-4-17	0	-
52	15.401042	15.648438	C5	61	80	0	0	208	P1-4-5	0	-
53	15.652344	16.149740	B4	57	80	0	0	212	P1-4-6	0	-
54	15.941406	16.635417	B3	73	80	0	0	216	P1-4-27	0	-
55	15.953125	16.235677	C5	62	80	0	0	216	P1-4-7	0	-
56	15.966146	16.649740	D4	56	80	0	0	216	P1-4-18	0	-
57	16.225260	16.574219	D5	63	80	0	0	220	P1-4-8	0	-
58	16.524740	17.334635	C4	71	80	0	0	224	P1-4-28	0	-
59	16.527344	16.743490	E5	72	80	0	0	224	P1-4-9	0	-
60	16.783854	17.098958	D5	64	80	0	0	228	P1-4-10	0	-
61	17.079427	17.347656	E5	63	80	0	0	232	P1-4-11	0	-
62	17.106771	17.149740	D5	46	80	0	0	232	*	3	-
63	17.335938	17.475260	D4	61	80	0	0	236	P1-4-29	0	-
64	17.356771	17.679688	F#5	67	80	0	0	236	P1-4-12	0	-
65	17.483073	17.584635	C4	68	80	0	0	238	P1-4-30	0	-
66	17.593750	18.229167	B3	75	80	0	0	240	P1-4-31	0	-
67	17.631510	18.269531	G5	71	80	0	0	240	P1-4-13	0	-
68	18.197917	18.813802	E4	75	80	0	0	248	P1-4-32	0	-
69	18.214844	18.808594	B4	61	80	0	0	248	P1-4-14	0	-
70	18.227865	19.356771	G4	59	80	0	0	248	P1-4-22	0	-
71	18.236979	18.848958	B3	48	80	0	0	248	*	3	-
72	18.794271	19.361979	A3	70	80	0	0	256	P1-5-21	0	-
73	18.805990	19.718750	C5	67	80	0	0	256	P1-5-1	0	-
74	19.346354	20.009115	A4	62	80	0	0	264	P1-5-2	0	-
75	19.354167	20.319010	D4	63	80	0	0	264	P1-5-22	0	-
76	19.371094	19.729167	F4	58	80	0	0	264	P1-5-14	0	-
77	19.627604	19.980469	E4	65	80	0	0	268	P1-5-15	0	-
78	19.917969	20.243490	D5	73	80	0	0	272	P1-5-3	0	-
79	19.923177	21.079427	F4	52	80	0	0	272	P1-5-16	0	-
80	20.191406	20.479167	C5	65	80	0	0	276	P1-5-4	0	-
81	20.196615	20.548177	E4	60	80	0	0	276	P1-5-24	0	-
82	20.477865	20.768229	B4	68	80	0	0	280	P1-5-5	0	-
83	20.484375	21.079427	D4	53	80	0	0	280	P1-5-25	0	-
84	20.750000	21.438802	A4	61	80	0	0	284	P1-5-6	0	-
85	20.751302	21.078125	C4	56	80	0	0	284	P1-5-26	0	-
86	21.066406	21.688802	G4	67	80	0	0	288	P1-5-7	0	-
87	21.072917	21.949219	B3	55	80	0	0	288	P1-5-27	0	-
88	21.352865	21.699219	F4	55	80	0	0	292	P1-5-18	0	-
89	21.623698	22.203125	C3	81	80	0	0	296	P1-5-33	0	-
90	21.623698	22.259115	E4	64	80	0	0	296	P1-5-19	0	-
91	21.656250	21.878906	C4	54	80	0	0	296	P1-5-28	0	-
92	21.894531	22.658854	G4	60	80	0	0	300	P1-5-8	0	-
93	21.894531	22.289062	C4	52	80	0	0	-1	*	3	-
94	22.171875	22.859375	D3	78	80	0	0	304	P1-5-34	0	-
95	22.214844	22.479167	A4	55	80	0	0	-1	*	3	-
96	22.216146	22.464844	F4	60	80	0	0	304	P1-5-9	0	-
97	22.466146	23.348958	E4	62	80	0	0	308	P1-5-10	0	-
98	22.722656	23.300781	E3	76	80	0	0	312	P1-5-35	0	-
99	22.764323	23.009115	F4	58	80	0	0	312	P1-5-11	0	-
100	22.765625	23.299479	Bb3	63	80	0	0	312	P1-5-30	0	-
101	22.994792	23.325521	G4	69	80	0	0	316	P1-5-12	0	-
102	23.298177	24.102865	F3	75	80	0	0	320	P1-6-25	0	-
103	23.315104	23.563802	A4	68	80	0	0	320	P1-6-1	0	-
104	23.316406	23.886719	A3	67	80	0	0	320	P1-6-16	0	-
105	23.324219	23.619792	C4	55	80	0	0	320	P1-6-7	0	-
106	23.592448	23.863281	G4	66	80	0	0	324	P1-6-2	0	-
107	23.851562	24.152344	D4	67	80	0	0	328	P1-6-17	0	-
108	23.851562	24.218750	A4	61	80	0	0	328	P1-6-3	0	-
109	23.863281	24.459635	F4	57	80	0	0	328	P1-6-8	0	-
110	24.113281	24.199219	G3	74	80	0	0	332	P1-6-26	0	-
111	24.127604	24.381510	B4	65	80	0	0	332	P1-6-4	0	-
112	24.203125	24.361979	F3	73	80	0	0	334	P1-6-27	0	-
113	24.350260	24.975260	E3	81	80	0	0	336	P1-6-28	0	-
114	24.363281	24.968750	G3	75	80	0	0	336	P1-6-18	0	-
115	24.372396	25.000000	C5	75	80	0	0	336	P1-6-5	0	-
116	24.377604	25.000000	E4	68	80	0	0	336	*	3	-
117	24.653646	24.983073	G4	65	80	0	0	340	P1-6-10	0	-
118	24.944010	25.485677	A3	80	80	0	0	344	P1-6-29	0	-
119	24.954427	26.139323	C4	70	80	0	0	344	P1-6-19	0	-
120	24.964844	25.212240	F4	55	80	0	0	344	P1-6-11	0	-
121	25.221354	25.509115	E4	63	80	0	0	348	P1-6-12	0	-
122	25.494792	26.149740	D3	77	80	0	0	352	P1-6-30	0	-
123	25.542969	26.829427	F4	46	80	0	0	352	P1-6-13	0	-
124	25.805990	26.175781	A3	59	80	0	0	356	P1-6-21	0	-
125	26.128906	27.026042	G3	63	80	0	0	360	P1-6-31	0	-
126	26.161458	26.489583	B3	58	80	0	0	360	P1-6-22	0	-
127	26.162760	26.339844	D3	46	80	0	0	-1	*	3	-
128	26.462240	26.787760	C4	61	80	0	0	364	P1-6-23	0	-
129	26.738281	28.399740	B4	64	80	0	0	368	P1-6-6	0	-
130	26.743490	27.959635	D4	53	80	0	0	368	P1-6-24	0	-
131	26.744792	29.339844	G4	63	80	0	0	368	P1-6-15	0	-
132	27.014323	27.291667	A3	67	80	0	0	372	P1-6-33	0	-
133	27.283854	27.658854	G3	69	80	0	0	376	P1-6-34	0	-
134	27.562500	27.856771	F3	60	80	0	0	380	P1-6-35	0	-
135	27.845052	28.174479	E3	70	80	0	0	384	P1-7-21	0	-
136	27.852865	28.636719	G3	71	80	0	0	384	P1-7-13	0	-
137	28.091146	28.378906	F3	74	80	0	0	388	P1-7-22	0	-
138	28.358073	28.636719	E3	59	80	0	0	392	P1-7-23	0	-
139	28.361979	28.923177	C5	70	80	0	0	392	P1-7-2	0	-
140	28.626302	28.927083	D3	64	80	0	0	396	P1-7-24	0	-
141	28.901042	29.154948	C3	63	80	0	0	400	P1-7-25	0	-
142	28.902344	29.464844	D5	74	80	0	0	400	P1-7-3	0	-
143	29.165365	29.403646	D3	69	80	0	0	404	P1-7-26	0	-
144	29.403646	30.019531	G3	78	80	0	0	408	P1-7-15	0	-
145	29.436198	30.039062	E5	70	80	0	0	408	P1-7-4	0	-
146	29.436198	29.664062	C3	59	80	0	0	408	P1-7-27	0	-
147	29.705729	29.941406	B2	58	80	0	0	412	P1-7-28	0	-
148	29.963542	30.658854	A2	74	80	0	0	416	P1-7-29	0	-
149	29.968750	30.434896	A3	77	80	0	0	416	P1-7-16	0	-
150	29.996094	30.848958	F5	75	80	0	0	416	P1-7-5	0	-
151	30.539062	31.175781	B3	82	80	0	0	424	P1-7-17	0	-
152	30.563802	30.718750	D3	58	80	0	0	424	P1-7-30	0	-
153	30.841146	30.966146	G5	67	80	0	0	428	P1-7-6	0	-
154	30.964844	31.156250	F5	75	80	0	0	430	P1-7-7	0	-
155	31.095052	31.864583	C4	74	80	0	0	432	P1-7-18	0	-
156	31.106771	32.049479	E5	78	80	0	0	432	P1-7-8	0	-
157	31.138021	31.769531	A3	65	80	0	0	432	P1-7-31	0	-
158	31.664062	32.246094	A5	74	80	0	0	440	P1-7-9	0	-
159	31.664062	32.269531	F#3	73	80	0	0	440	P1-7-32	0	-
160	31.924479	32.299479	D4	68	80	0	0	444	P1-7-19	0	-
161	32.044271	32.223958	C4	77	80	0	0	446	P1-7-20	0	-
162	32.184896	32.829427	D5	75	80	0	0	448	P1-8-2	0	-
163	32.184896	32.509115	B3	77	80	0	0	448	P1-8-14	0	-
164	32.212240	32.569010	G3	73	80	0	0	448	P1-8-24	0	-
165	32.460938	32.708333	A3	67	80	0	0	452	P1-8-25	0	-
166	32.722656	33.136719	E4	81	80	0	0	456	P1-8-15	0	-
167	32.744792	33.559896	G5	74	80	0	0	456	P1-8-3	0	-
168	32.748698	33.235677	Bb3	73	80	0	0	456	P1-8-26	0	-
169	33.036458	33.279948	G3	63	80	0	0	460	P1-8-27	0	-
170	33.302083	33.924479	A3	74	80	0	0	464	P1-8-16	0	-
171	33.346354	33.912760	C#3	60	80	0	0	464	P1-8-28	0	-
172	33.596354	33.904948	A5	68	80	0	0	468	P1-8-5	0	-
173	33.886719	34.165365	G5	81	80	0	0	472	P1-8-6	0	-
174	33.891927	34.539062	D3	77	80	0	0	472	P1-8-29	0	-
175	33.894531	34.545573	D4	74	80	0	0	472	P1-8-17	0	-
176	34.153646	34.513021	F5	76	80	0	0	476	P1-8-7	0	-
177	34.455729	35.009115	E5	79	80	0	0	480	P1-8-8	0	-
178	34.455729	35.273438	A3	63	80	0	0	480	P1-8-30	0	-
179	34.726562	34.993490	E4	71	80	0	0	484	P1-8-19	0	-
180	34.977865	35.263021	D4	72	80	0	0	488	P1-8-20	0	-
181	34.984375	35.834635	A5	82	80	0	0	488	P1-8-9	0	-
182	35.252604	35.523438	C4	77	80	0	0	492	P1-8-21	0	-
183	35.533854	36.123698	B3	68	80	0	0	496	P1-8-22	0	-
184	35.541667	36.114583	E3	67	80	0	0	496	P1-8-31	0	-
185	35.811198	36.149740	B5	79	80	0	0	500	P1-8-11	0	-
186	36.091146	37.609375	E4	75	80	0	0	504	P1-8-23	0	-
187	36.092448	36.398438	A5	84	80	0	0	504	P1-8-12	0	-
188	36.364583	36.652344	G5	75	80	0	0	508	P1-8-13	0	-
189	36.626302	37.279948	F5	80	80	0	0	512	P1-9-1	0	-
190	36.664062	36.942708	A3	52	80	0	0	512	P1-9-24	0	-
191	36.902344	37.309896	B3	56	80	0	0	516	P1-9-25	0	-
192	37.180990	37.742188	G4	80	80	0	0	520	P1-9-6	0	-
193	37.183594	37.529948	C4	56	80	0	0	520	P1-9-26	0	-
194	37.444010	37.535156	D4	57	80	0	0	524	P1-9-27	0	-
195	37.686198	38.234375	A4	83	80	0	0	528	P1-9-7	0	-
196	37.714844	38.419271	D4	57	80	0	0	528	P1-9-15	0	-
197	37.716146	37.988281	C4	55	80	0	0	528	P1-9-28	0	-
198	37.955729	38.279948	B3	58	80	0	0	532	P1-9-29	0	-
199	38.216146	38.471354	A3	60	80	0	0	536	P1-9-30	0	-
200	38.216146	38.794271	B4	86	80	0	0	536	P1-9-8	0	-
201	38.464844	38.815104	G3	61	80	0	0	540	P1-9-31	0	-
202	38.748698	39.571615	C5	75	80	0	0	544	P1-9-9	0	-
203	38.756510	39.597656	E5	80	80	0	0	544	P1-9-2	0	-
204	38.763021	39.009115	C4	68	80	0	0	544	P1-9-32	0	-
205	39.032552	39.304688	B3	57	80	0	0	548	P1-9-17	0	-
206	39.277344	39.557292	C4	61	80	0	0	552	P1-9-18	0	-
207	39.533854	39.683594	F#5	72	80	0	0	556	P1-9-3	0	-
208	39.544271	39.756510	A3	63	80	0	0	556	P1-9-19	0	-
209	39.555990	39.682292	D5	71	80	0	0	556	P1-9-10	0	-
210	39.660156	39.809896	C5	77	80	0	0	558	P1-9-11	0	-
211	39.782552	40.364583	B4	80	80	0	0	560	P1-9-12	0	-
212	39.782552	42.000000	G5	81	80	0	0	560	P1-9-4	0	-
213	39.787760	40.044271	E4	67	80	0	0	560	P1-9-20	0	-
214	40.054688	40.274740	D4	59	80	0	0	564	P1-9-21	0	-
215	40.325521	40.917969	E5	81	80	0	0	568	P1-9-13	0	-
216	40.330729	40.566406	C4	56	80	0	0	568	P1-9-22	0	-
217	40.574219	40.889323	B3	55	80	0	0	572	P1-9-23	0	-
218	40.860677	41.549479	A4	80	80	0	0	576	P1-10-11	0	-
219	40.863281	41.106771	C4	59	80	0	0	576	P1-10-21	0	-
220	41.141927	41.471354	A3	62	80	0	0	580	P1-10-22	0	-
221	41.395833	41.946615	D5	82	80	0	0	584	P1-10-12	0	-
222	41.404948	41.714844	B3	62	80	0	0	584	P1-10-23	0	-
223	41.649740	41.950521	C4	60	80	0	0	588	P1-10-24	0	-
224	41.933594	42.869792	F#5	66	80	0	0	592	P1-10-2	0	-
225	41.964844	42.268229	D4	50	80	0	0	592	P1-10-25	0	-
226	42.225260	42.526042	E5	75	80	0	0	596	P1-10-14	0	-
227	42.255208	42.497396	C4	54	80	0	0	596	P1-10-26	0	-
228	42.503906	42.828125	D5	68	80	0	0	600	P1-10-15	0	-
229	42.509115	42.813802	B3	54	80	0	0	600	P1-10-27	0	-
230	42.782552	43.104167	C5	68	80	0	0	604	P1-10-16	0	-
231	42.782552	43.062500	A3	58	80	0	0	604	P1-10-28	0	-
232	43.083333	43.415365	G5	78	80	0	0	608	P1-10-3	0	-
233	43.113281	44.029948	B4	57	80	0	0	608	P1-10-17	0	-
234	43.114583	45.069010	G3	61	80	0	0	608	P1-10-29	0	-
235	43.391927	43.744792	F5	72	80	0	0	612	P1-10-4	0	-
236	43.700521	44.399740	G2	72	80	0	0	616	P1-10-33	0	-
237	43.703125	44.669271	E5	68	80	0	0	616	P1-10-5	0	-
238	43.996094	44.378906	D5	70	80	0	0	620	P1-10-6	0	-
239	44.283854	44.884115	A2	78	80	0	0	624	P1-10-34	0	-
240	44.292969	44.561198	C5	75	80	0	0	624	P1-10-7	0	-
241	44.566406	45.029948	D5	74	80	0	0	628	P1-10-8	0	-
242	44.858073	45.158854	C5	72	80	0	0	632	P1-10-9	0	-
243	44.876302	45.542969	B2	70	80	0	0	632	P1-10-35	0	-
244	44.877604	45.509115	D4	77	80	0	0	632	P1-10-20	0	-
245	45.141927	45.503906	B4	71	80	0	0	636	P1-10-10	0	-
246	45.453125	45.998698	A4	74	80	0	0	640	P1-11-1	0	-
247	45.453125	46.049479	E4	78	80	0	0	640	P1-11-13	0	-
248	45.459635	46.291667	C3	75	80	0	0	640	P1-11-23	0	-
249	45.722656	46.049479	C5	69	80	0	0	644	P1-11-2	0	-
250	45.992188	46.649740	F#4	78	80	0	0	648	P1-11-14	0	-
251	45.993490	46.598958	B4	82	80	0	0	648	P1-11-3	0	-
252	46.255208	46.595052	A4	67	80	0	0	652	P1-11-4	0	-
253	46.260417	46.455729	D3	66	80	0	0	652	P1-11-24	0	-
254	46.445312	46.575521	C3	66	80	0	0	654	P1-11-25	0	-
255	46.553385	47.489583	G4	80	80	0	0	656	P1-11-15	0	-
256	46.553385	47.183594	B2	69	80	0	0	656	P1-11-26	0	-
257	47.113281	47.684896	E3	78	80	0	0	664	P1-11-27	0	-
258	47.414062	47.669271	A4	70	80	0	0	668	P1-11-16	0	-
259	47.537760	47.673177	G4	74	80	0	0	670	P1-11-17	0	-
260	47.652344	48.500000	F#4	79	80	0	0	672	P1-11-18	0	-
261	47.653646	48.316406	A2	71	80	0	0	672	P1-11-28	0	-
262	47.954427	48.253906	C5	62	80	0	0	676	P1-11-8	0	-
263	48.227865	48.959635	B4	80	80	0	0	680	P1-11-19	0	-
264	48.227865	48.783854	D3	73	80	0	0	680	P1-11-29	0	-
265	48.501302	48.798177	A4	74	80	0	0	684	P1-11-10	0	-
266	48.791667	49.348958	G#4	86	80	0	0	688	P1-11-11	0	-
267	48.804688	49.218750	E4	62	80	0	0	688	P1-11-20	0	-
268	48.804688	48.819010	E3	55	80	0	0	692	*	3	-
269	49.044271	49.399740	E3	66	80	0	0	692	P1-11-31	0	-
270	49.364583	50.250000	E5	82	80	0	0	696	P1-11-12	0	-
271	49.365885	49.615885	D3	61	80	0	0	696	P1-11-32	0	-
272	49.376302	50.259115	A4	66	80	0	0	696	P1-11-21	0	-
273	49.626302	49.932292	C3	60	80	0	0	700	P1-11-33	0	-
274	49.914062	50.789062	B2	64	80	0	0	704	P1-12-36	0	-
275	49.915365	50.569010	D5	81	80	0	0	704	P1-12-1	0	-
276	50.221354	50.569010	B4	64	80	0	0	708	P1-12-16	0	-
277	50.457031	51.529948	E3	75	80	0	0	712	P1-12-37	0	-
278	50.484375	50.785156	C5	73	80	0	0	712	P1-12-2	0	-
279	50.501302	50.800781	A4	68	80	0	0	712	P1-12-17	0	-
280	50.763021	51.339844	B4	69	80	0	0	716	P1-12-3	0	-
281	50.821615	51.045573	G#4	60	80	0	0	716	P1-12-18	0	-
282	51.037760	51.628906	F#3	85	80	0	0	720	P1-12-29	0	-
283	51.044271	51.369792	A4	72	80	0	0	720	P1-12-4	0	-
284	51.045573	51.549479	F#4	77	80	0	0	720	P1-12-19	0	-
285	51.324219	51.769531	G#4	71	80	0	0	724	P1-12-5	0	-
286	51.588542	52.218750	G#3	80	80	0	0	728	P1-12-30	0	-
287	51.596354	51.949219	A4	80	80	0	0	728	P1-12-6	0	-
288	51.608073	52.209635	D3	62	80	0	0	728	P1-12-38	0	-
289	51.617188	52.119792	F4	62	80	0	0	728	P1-12-20	0	-
290	51.846354	52.213542	B4	65	80	0	0	732	P1-12-7	0	-
291	52.175781	52.968750	A3	88	80	0	0	736	P1-12-31	0	-
292	52.186198	53.079427	C3	74	80	0	0	736	P1-12-39	0	-
293	52.199219	52.389323	A2	73	80	0	0	-1	*	3	-
294	52.203125	53.069010	C5	69	80	0	0	736	P1-12-8	0	-
295	52.203125	52.750000	E4	60	80	0	0	736	P1-12-21	0	-
296	52.459635	52.809896	F#4	59	80	0	0	740	P1-12-9	0	-
297	52.716146	53.128906	G#4	70	80	0	0	744	P1-12-10	1	-
298	52.718750	53.199219	F3	67	80	0	0	744	P1-12-40	0	-
299	52.731771	53.378906	D4	59	80	0	0	744	P1-12-22	0	-
300	53.006510	53.289062	A4	68	80	0	0	748	P1-12-11	1	-
301	53.006510	53.138021	B3	74	80	0	0	748	P1-12-32	0	-
302	53.144531	53.283854	A3	85	80	0	0	750	P1-12-33	0	-
303	53.272135	53.908854	B4	78	80	0	0	752	P1-12-12	0	-
304	53.273438	53.859375	G#3	81	80	0	0	752	P1-12-34	0	-
305	53.285156	53.829427	G#4	75	80	0	0	-1	*	3	-
306	53.295573	54.529948	E3	74	80	0	0	-1	*	3	-
307	53.305990	53.468750	E4	71	80	0	0	-1	*	3	-
308	53.566406	53.854167	E4	65	80	0	0	756	P1-12-24	0	-
309	53.835938	54.489583	C4	77	80	0	0	760	P1-12-35	0	-
310	53.852865	54.171875	A4	73	80	0	0	760	P1-12-13	0	-
311	53.871094	54.279948	F#4	56	80	0	0	760	P1-12-25	0	-
312	54.110677	54.479167	B4	60	80	0	0	764	P1-12-14	0	-
313	54.171875	54.479167	G#4	65	80	0	0	764	P1-12-26	0	-
314	54.415365	55.013021	C5	78	80	0	0	768	P1-13-1	0	-
315	54.434896	55.026042	F#3	79	80	0	0	768	P1-13-27	0	-
316	54.442708	54.769531	A4	68	80	0	0	768	P1-13-10	0	-
317	54.705729	55.009115	G#4	69	80	0	0	772	P1-13-11	0	-
318	54.993490	55.609375	F5	84	80	0	0	776	P1-13-2	0	-
319	55.006510	55.259115	A4	71	80	0	0	776	P1-13-12	0	-
320	55.013021	55.899740	B3	70	80	0	0	776	P1-13-28	0	-
321	55.014323	56.199219	D3	68	80	0	0	776	P1-13-37	0	-
322	55.272135	55.829427	B4	62	80	0	0	780	P1-13-13	0	-
323	55.272135	55.598958	A4	61	80	0	0	780	*	3	-
324	55.582031	56.199219	E5	81	80	0	0	784	P1-13-3	0	-
325	55.602865	55.877604	G#4	70	80	0	0	784	P1-13-14	0	-
326	55.880208	56.218750	F#4	63	80	0	0	788	P1-13-15	0	-
327	55.881510	56.157552	C4	63	80	0	0	788	P1-13-30	0	-
328	56.166667	57.389323	D5	78	80	0	0	792	P1-13-4	0	-
329	56.174479	56.436198	B3	70	80	0	0	792	P1-13-31	0	-
330	56.175781	56.753906	E3	67	80	0	0	792	P1-13-38	0	-
331	56.180990	56.658854	G#4	68	80	0	0	792	P1-13-16	0	-
332	56.449219	56.750000	A3	73	80	0	0	796	P1-13-32	0	-
333	56.454427	56.764323	A4	69	80	0	0	796	P1-13-17	0	-
334	56.731771	57.313802	G#3	72	80	0	0	800	P1-13-33	0	-
335	56.753906	57.341146	B4	70	80	0	0	800	P1-13-18	0	-
336	56.753906	57.348958	F3	63	80	0	0	800	P1-13-39	0	-
337	56.755208	56.819010	A3	65	80	0	0	800	*	3	-
338	57.303385	58.649740	A3	67	80	0	0	808	P1-13-34	0	-
339	57.303385	57.669271	C5	74	80	0	0	808	P1-13-6	0	-
340	57.312500	57.552083	E3	66	80	0	0	808	P1-13-40	0	-
341	57.584635	58.009115	D3	62	80	0	0	812	P1-13-41	0	-
342	57.587240	57.882812	B4	81	80	0	0	812	P1-13-7	0	-
343	57.916667	58.002604	C5	68	80	0	0	816	P1-13-21	0	-
344	57.959635	59.500000	E3	62	80	0	0	816	P1-13-42	0	-
345	58.013021	58.072917	B4	67	80	0	0	817	P1-13-22	0	-
346	58.084635	58.152344	C5	60	80	0	0	818	P1-13-23	0	-
347	58.169271	58.220052	B4	64	80	0	0	819	P1-13-24	0	-
348	58.243490	58.325521	C5	73	80	0	0	820	P1-13-25	0	-
349	58.332031	59.014323	B4	70	80	0	0	821	P1-13-26	0	-
350	58.623698	59.519531	G#3	47	80	0	0	824	P1-13-35	0	-
351	59.003906	59.429688	A4	57	80	0	0	828	P1-13-9	0	-
352	59.506510	60.709635	A4	51	80	0	0	832	P1-14-1	0	-
353	59.513021	59.759115	E3	41	80	0	0	832	*	3	-
354	59.535156	60.408854	A3	43	80	0	0	832	P1-14-13	0	-
355	59.550781	60.326823	A2	46	80	0	0	832	P1-14-21	0	-
356	60.169271	60.782552	C4	58	80	0	0	840	P1-14-9	0	-
357	60.731771	61.313802	D4	61	80	0	0	848	P1-14-10	0	-
358	61.298177	61.954427	G3	60	80	0	0	856	P1-14-15	0	-
359	61.302083	61.955729	E4	62	80	0	0	856	P1-14-11	0	-
360	61.885417	62.531250	A3	62	80	0	0	864	P1-14-16	0	-
361	61.894531	62.899740	F4	64	80	0	0	864	P1-14-3	0	-
362	62.475260	63.052083	B3	65	80	0	0	872	P1-14-17	0	-
363	62.764323	63.119792	G4	60	80	0	0	876	P1-14-4	0	-
364	62.904948	63.053385	F4	59	80	0	0	878	P1-14-5	0	-
365	63.024740	63.979167	C4	67	80	0	0	880	P1-14-18	0	-
366	63.027344	63.039062	C3	61	80	0	0	880	*	3	-
367	63.027344	63.704427	E4	67	80	0	0	880	P1-14-6	0	-
368	63.609375	64.309896	A4	67	80	0	0	888	P1-14-7	0	-
369	63.895833	64.079427	D4	67	80	0	0	892	P1-14-19	0	-
370	64.022135	64.171875	C4	70	80	0	0	894	P1-14-20	0	-
371	64.154948	65.089844	D4	66	80	0	0	896	P1-15-9	0	-
372	64.167969	65.378906	B3	69	80	0	0	896	P1-15-16	0	-
373	64.733073	65.329427	G4	80	80	0	0	904	P1-15-10	0	-
374	64.736979	65.938802	E4	65	80	0	0	904	P1-15-17	0	-
375	64.760417	65.399740	G2	56	80	0	0	904	P1-15-24	0	-
376	65.305990	65.968750	A3	77	80	0	0	912	P1-15-18	0	-
377	65.326823	65.934896	A2	63	80	0	0	912	P1-15-25	0	-
378	65.334635	65.651042	G4	58	80	0	0	912	*	3	-
379	65.617188	65.989583	A4	73	80	0	0	916	P1-15-12	0	-
380	65.888021	66.481771	B2	61	80	0	0	920	P1-15-26	0	-
381	65.894531	66.688802	G4	72	80	0	0	920	P1-15-13	0	-
382	65.904948	66.639323	D4	65	80	0	0	920	P1-15-19	0	-
383	66.173177	66.522135	F4	65	80	0	0	924	P1-15-14	0	-
384	66.481771	67.049479	C3	63	80	0	0	928	P1-15-27	0	-
385	66.503906	67.029948	E4	70	80	0	0	928	P1-15-15	0	-
386	67.037760	67.658854	G4	74	80	0	0	936	P1-15-4	0	-
387	67.044271	67.442708	E4	62	80	0	0	936	P1-15-3	0	-
388	67.045573	67.475260	G3	73	80	0	0	936	P1-15-21	0	-
389	67.054688	67.319010	C3	62	80	0	0	936	*	3	-
390	67.328125	67.476562	D3	63	80	0	0	940	P1-15-28	0	-
391	67.484375	67.588542	C3	68	80	0	0	942	P1-15-29	0	-
392	67.583333	68.165365	A4	79	80	0	0	944	P1-15-6	0	-
393	67.585938	68.188802	F#4	67	80	0	0	944	P1-15-5	0	-
394	67.592448	68.180990	B2	66	80	0	0	944	P1-15-30	0	-
395	67.604167	68.169271	D4	59	80	0	0	944	P1-15-22	0	-
396	68.141927	68.714844	E3	71	80	0	0	952	P1-15-31	0	-
397	68.141927	68.799479	B4	78	80	0	0	952	P1-15-8	0	-
398	68.153646	69.199219	G4	74	80	0	0	952	P1-15-7	0	-
399	68.729167	69.598958	C5	79	80	0	0	960	P1-16-1	0	-
400	68.735677	69.399740	C4	65	80	0	0	960	P1-16-19	0	-
401	68.735677	69.369792	A2	68	80	0	0	960	P1-16-25	0	-
402	69.307292	69.979167	D3	58	80	0	0	968	P1-16-26	0	-
403	69.311198	69.829427	A3	64	80	0	0	968	P1-16-20	0	-
404	69.315104	69.889323	F#4	73	80	0	0	968	P1-16-14	0	-
405	69.598958	69.723958	D5	76	80	0	0	972	P1-16-2	0	-
406	69.704427	69.873698	C5	76	80	0	0	974	P1-16-3	0	-
407	69.869792	70.509115	B4	81	80	0	0	976	P1-16-5	0	-
408	69.880208	70.449219	G#4	77	80	0	0	976	P1-16-4	1	-
409	69.885417	70.519531	E4	64	80	0	0	976	P1-16-21	0	-
410	70.175781	70.473958	E3	63	80	0	0	980	P1-16-28	0	-
411	70.450521	70.938802	C5	80	80	0	0	984	P1-16-7	0	-
412	70.463542	71.319010	A4	76	80	0	0	984	P1-16-6	0	-
413	70.466146	70.701823	D3	59	80	0	0	984	P1-16-29	0	-
414	70.731771	70.959635	C3	61	80	0	0	988	P1-16-30	0	-
415	71.014323	71.539062	B2	66	80	0	0	992	P1-16-31	0	-
416	71.024740	71.489583	D5	87	80	0	0	992	P1-16-8	0	-
417	71.044271	71.329427	D4	71	80	0	0	992	P1-16-22	0	-
418	71.606771	72.229167	E5	84	80	0	0	1000	P1-16-9	0	-
419	71.613281	72.188802	Bb2	69	80	0	0	1000	P1-16-32	0	-
420	71.614583	71.628906	Bb3	69	80	0	0	-1	*	3	-
421	71.614583	72.098958	G4	79	80	0	0	1000	P1-16-16	0	-
422	72.180990	73.039062	F5	81	80	0	0	1008	P1-16-10	0	-
423	72.182292	72.759115	A4	81	80	0	0	1008	P1-16-17	0	-
424	72.190104	72.699219	A3	65	80	0	0	-1	*	3	-
425	72.201823	72.709635	A2	58	80	0	0	1008	P1-16-33	0	-
426	72.722656	73.309896	B4	85	80	0	0	1016	P1-16-18	0	-
427	72.742188	73.300781	G2	52	80	0	0	1016	P1-16-34	0	-
428	73.006510	73.279948	G5	66	80	0	0	1020	P1-16-11	0	-
429	73.132812	73.369792	F5	73	80	0	0	1022	P1-16-12	0	-
430	73.261719	73.829427	C5	75	80	0	0	1024	P1-17-11	0	-
431	73.276042	74.079427	E5	77	80	0	0	1024	P1-17-1	0	-
432	73.277344	73.699219	A2	60	80	0	0	1024	P1-17-31	0	-
433	73.277344	73.289062	A3	62	80	0	0	1024	*	3	-
434	73.794271	74.369792	A3	79	80	0	0	1032	P1-17-23	0	-
435	73.816406	74.848958	A5	84	80	0	0	1032	P1-17-2	0	-
436	73.817708	74.438802	F#3	68	80	0	0	1032	P1-17-32	0	-
437	74.097656	74.227865	D5	70	80	0	0	1036	P1-17-12	0	-
438	74.213542	74.342448	C5	71	80	0	0	1038	P1-17-13	0	-
439	74.348958	74.750000	B3	82	80	0	0	1040	P1-17-24	0	-
440	74.350260	74.949219	B4	77	80	0	0	1040	P1-17-14	0	-
441	74.352865	74.949219	D5	77	80	0	0	1040	P1-17-3	0	-
442	74.354167	74.449219	G3	71	80	0	0	1040	P1-17-33	0	-
443	74.877604	75.218750	C#4	79	80	0	0	1048	P1-17-25	0	-
444	74.886719	75.658854	G5	81	80	0	0	1048	P1-17-4	0	-
445	74.894531	75.289062	E3	63	80	0	0	1048	P1-17-34	0	-
446	74.898438	75.169271	E5	71	80	0	0	1048	P1-17-15	0	-
447	75.419271	76.269531	D4	81	80	0	0	1056	P1-17-26	0	-
448	75.421875	76.279948	D3	78	80	0	0	1056	P1-17-35	0	-
449	75.430990	75.889323	D5	67	80	0	0	1056	*	3	-
450	75.464844	76.128906	A4	66	80	0	0	1056	P1-17-16	0	-
451	75.750000	76.218750	A5	71	80	0	0	1060	P1-17-6	0	-
452	76.005208	76.339844	G5	73	80	0	0	1064	P1-17-7	0	-
453	76.013021	76.259115	D5	63	80	0	0	1064	P1-17-17	0	-
454	76.268229	76.789062	E4	67	80	0	0	1068	P1-17-27	0	-
455	76.272135	76.529948	F5	73	80	0	0	1068	P1-17-8	0	-
456	76.364583	76.569010	D4	71	80	0	0	1070	P1-17-28	0	-
457	76.518229	77.069010	E3	80	80	0	0	1072	P1-17-36	0	-
458	76.527344	77.089844	C5	70	80	0	0	1072	*	3	-
459	76.527344	76.809896	E5	69	80	0	0	1072	P1-17-9	0	-
460	76.531250	77.139323	C4	71	80	0	0	1072	P1-17-29	0	-
461	76.820312	77.128906	E5	63	80	0	0	1076	P1-17-19	0	-
462	77.059896	77.628906	F3	84	80	0	0	1080	P1-17-37	0	-
463	77.080729	77.729167	F4	73	80	0	0	1080	P1-17-30	0	-
464	77.113281	77.718750	A5	68	80	0	0	1080	P1-17-10	0	-
465	77.121094	77.363281	D5	66	80	0	0	1080	P1-17-20	0	-
466	77.351562	77.628906	C5	62	80	0	0	1084	P1-17-21	0	-
467	77.615885	78.326823	G3	78	80	0	0	1088	P1-18-36	0	-
468	77.630208	78.269531	B3	72	80	0	0	1088	P1-18-27	0	-
469	77.664062	77.908854	B4	68	80	0	0	1088	P1-18-15	0	-
470	77.665365	78.299479	D5	73	80	0	0	1088	P1-18-1	0	-
471	78.186198	78.769531	E4	71	80	0	0	1096	P1-18-28	0	-
472	78.186198	78.759115	Bb5	81	80	0	0	1096	P1-18-2	0	-
473	78.214844	78.869792	G5	57	80	0	0	1096	P1-18-16	0	-
474	78.464844	78.583333	A3	79	80	0	0	1100	P1-18-37	0	-
475	78.583333	78.731771	G3	73	80	0	0	1102	P1-18-38	0	-
476	78.695312	79.289062	F3	84	80	0	0	1104	P1-18-39	0	-
477	78.713542	78.718750	A2	70	80	0	0	1104	*	3	-
478	78.716146	79.549479	A5	82	80	0	0	1104	P1-18-3	0	-
479	78.722656	79.128906	C#5	76	80	0	0	1104	P1-18-17	0	-
480	78.972656	79.239583	F4	67	80	0	0	1108	P1-18-30	0	-
481	79.233073	79.899740	Bb3	75	80	0	0	1112	P1-18-40	0	-
482	79.236979	79.503906	E4	66	80	0	0	1112	P1-18-31	0	-
483	79.251302	79.569010	G5	80	80	0	0	1112	P1-18-4	0	-
484	79.257812	79.569010	D5	78	80	0	0	1112	P1-18-18	0	-
485	79.531250	79.809896	D4	59	80	0	0	1116	P1-18-32	0	-
486	79.533854	79.848958	F5	80	80	0	0	1116	P1-18-5	0	-
487	79.783854	80.519531	C#4	68	80	0	0	1120	P1-18-33	0	-
488	79.785156	80.408854	E3	71	80	0	0	1120	P1-18-41	0	-
489	79.811198	80.114583	G5	78	80	0	0	1120	P1-18-6	0	-
490	79.843750	80.105469	E5	73	80	0	0	1120	P1-18-19	0	-
491	80.074219	80.378906	F5	80	80	0	0	1124	P1-18-7	0	-
492	80.354167	81.250000	A3	72	80	0	0	1128	P1-18-42	0	-
493	80.355469	80.369792	A2	64	80	0	0	1128	*	3	-
494	80.363281	80.959635	G5	73	80	0	0	1128	P1-18-8	0	-
495	80.364583	80.718750	C#5	66	80	0	0	1128	P1-18-20	0	-
496	80.618490	80.920573	E5	81	80	0	0	1132	P1-18-9	0	-
497	80.654948	80.718750	A2	41	80	0	0	1132	*	3	-
498	80.901042	81.222656	F5	81	80	0	0	1136	P1-18-10	0	-
499	80.903646	81.299479	D5	70	80	0	0	1136	P1-18-21	0	-
500	81.173177	81.378906	G5	68	80	0	0	1140	P1-18-11	0	-
501	81.194010	81.476562	Bb3	73	80	0	0	1140	P1-18-44	0	-
502	81.444010	81.511719	A5	76	80	0	0	1144	P1-18-12	0	-
503	81.445312	81.649740	E5	70	80	0	0	1144	P1-18-22	0	-
504	81.486979	82.019531	A3	65	80	0	0	1144	P1-18-45	0	-
505	81.514323	81.669271	G5	73	80	0	0	1145	P1-18-24	0	-
506	81.606771	81.718750	A5	72	80	0	0	1146	P1-18-25	0	-
507	81.678385	81.799479	G5	68	80	0	0	1147	P1-18-26	0	-
508	81.764323	82.002604	G3	70	80	0	0	1148	P1-18-46	0	-
509	81.774740	81.854167	F5	75	80	0	0	1148	P1-18-13	0	-
510	81.864583	82.049479	G5	73	80	0	0	1150	P1-18-14	0	-
511	82.003906	82.539062	A5	79	80	0	0	1152	P1-19-1	0	-
512	82.018229	82.273438	F3	68	80	0	0	1152	P1-19-34	0	-
513	82.054688	83.109375	A4	65	80	0	0	1152	P1-19-10	0	-
514	82.285156	82.598958	C#5	73	80	0	0	1156	P1-19-2	0	-
515	82.292969	82.598958	E3	71	80	0	0	1156	P1-19-35	0	-
516	82.545573	83.289062	A3	80	80	0	0	1160	P1-19-26	0	-
517	82.558594	82.839844	D5	78	80	0	0	1160	P1-19-3	0	-
518	82.595052	82.799479	F3	59	80	0	0	1160	P1-19-36	0	-
519	82.815104	83.149740	G5	72	80	0	0	1164	P1-19-4	0	-
520	82.817708	83.309896	D3	70	80	0	0	1164	P1-19-37	0	-
521	83.082031	83.218750	F5	78	80	0	0	1168	P1-19-19	0	-
522	83.092448	83.609375	B3	84	80	0	0	1168	P1-19-27	0	-
523	83.132812	83.709635	G3	62	80	0	0	1168	P1-19-38	0	-
524	83.162760	83.235677	E5	75	80	0	0	1169	P1-19-20	0	-
525	83.233073	83.359375	F5	71	80	0	0	1170	P1-19-21	0	-
526	83.359375	84.009115	E5	72	80	0	0	1171	P1-19-22	0	-
527	83.515625	83.569010	D5	56	80	0	0	1173	P1-19-5	1	-
528	83.671875	84.250000	C#4	83	80	0	0	1176	P1-19-28	0	-
529	83.713542	84.269531	E4	83	80	0	0	1176	P1-19-13	0	-
530	83.714844	84.279948	A3	55	80	0	0	1176	P1-19-39	0	-
531	83.716146	84.009115	G3	52	80	0	0	-1	*	3	-
532	83.988281	84.188802	D5	64	80	0	0	1180	P1-19-6	0	-
533	84.287760	86.639323	D5	81	80	0	0	1184	P1-19-7	0	-
534	84.291667	85.000000	F#4	78	80	0	0	1184	P1-19-14	0	-
535	84.296875	86.848958	D3	63	80	0	0	1184	P1-19-40	0	-
536	84.300781	85.169271	D4	68	80	0	0	1184	P1-19-29	0	-
537	84.304688	84.319010	D2	58	80	0	0	-1	*	3	-
538	84.834635	85.259115	G4	68	80	0	0	1192	P1-19-15	0	-
539	85.123698	85.248698	E4	70	80	0	0	1196	P1-19-30	0	-
540	85.235677	85.878906	D4	78	80	0	0	1198	P1-19-31	0	-
541	85.364583	86.449219	C4	78	80	0	0	1200	P1-19-32	0	-
542	85.371094	85.944010	A4	72	80	0	0	1200	P1-19-16	0	-
543	85.944010	86.375000	F#4	76	80	0	0	1208	P1-19-33	0	-
544	85.959635	85.968750	A2	48	80	0	0	1208	*	3	-
545	86.239583	86.377604	B4	63	80	0	0	1212	P1-19-17	0	-
546	86.363281	86.769531	A4	73	80	0	0	1214	P1-19-18	0	-
547	86.484375	86.949219	B3	65	80	0	0	1216	P1-20-17	0	-
548	86.485677	87.119792	G4	77	80	0	0	1216	P1-20-5	0	-
549	86.789062	87.066406	E3	62	80	0	0	1220	P1-20-25	0	-
550	86.794271	86.979167	E4	59	80	0	0	1224	*	3	-
551	87.065104	87.959635	C5	82	80	0	0	1224	P1-20-6	0	-
552	87.075521	87.334635	D3	68	80	0	0	1224	P1-20-26	0	-
553	87.075521	88.158854	E4	74	80	0	0	1224	P1-20-18	0	-
554	87.333333	87.533854	C3	68	80	0	0	1228	P1-20-27	0	-
555	87.589844	87.878906	F#4	78	80	0	0	1232	P1-20-7	0	-
556	87.617188	87.882812	B2	68	80	0	0	1232	P1-20-28	0	-
557	87.884115	88.147135	A2	68	80	0	0	1236	P1-20-29	0	-
558	87.885417	88.179688	F#4	62	80	0	0	1236	P1-20-20	0	-
559	88.154948	89.069010	B4	82	80	0	0	1240	P1-20-8	0	-
560	88.160156	88.449219	G2	67	80	0	0	1240	P1-20-30	0	-
561	88.165365	88.423177	E4	68	80	0	0	1240	P1-20-21	0	-
562	88.183594	88.188802	D4	64	80	0	0	1240	*	3	-
563	88.420573	88.703125	F#2	61	80	0	0	1244	P1-20-31	0	-
564	88.423177	88.829427	D4	75	80	0	0	1244	P1-20-22	0	-
565	88.708333	89.239583	E2	69	80	0	0	1248	P1-20-32	0	-
566	88.723958	89.299479	C4	75	80	0	0	1248	P1-20-23	0	-
567	89.014323	89.688802	C5	70	80	0	0	1252	P1-20-10	0	-
568	89.273438	89.893229	E3	80	80	0	0	1256	P1-20-33	0	-
569	89.313802	90.438802	C4	56	80	0	0	1256	*	3	-
570	89.316406	89.848958	B4	66	80	0	0	1256	P1-20-11	0	-
571	89.604167	89.919271	A4	67	80	0	0	1260	P1-20-12	0	-
572	89.848958	90.432292	F#3	81	80	0	0	1264	P1-20-34	0	-
573	89.886719	90.218750	G4	69	80	0	0	1264	P1-20-13	0	-
574	90.156250	90.440104	F#4	58	80	0	0	1268	P1-20-14	0	-
575	90.417969	91.579427	G3	71	80	0	0	1272	P1-20-35	0	-
576	90.424479	91.089844	G4	72	80	0	0	1272	P1-20-4	0	-
577	90.462240	90.829427	E4	63	80	0	0	1272	P1-20-15	0	-
578	90.700521	91.009115	D4	61	80	0	0	1276	P1-20-16	0	-
579	90.985677	91.000000	G2	54	80	0	0	1280	*	3	-
580	90.985677	91.658854	A4	79	80	0	0	1280	P1-21-1	0	-
581	90.994792	91.848958	E4	61	80	0	0	1280	P1-21-10	0	-
582	91.256510	91.549479	D4	64	80	0	0	1284	P1-21-21	0	-
583	91.513021	91.519531	A2	71	80	0	0	1288	*	3	-
584	91.514323	91.785156	A3	74	80	0	0	1288	P1-21-33	0	-
585	91.514323	91.791667	C4	76	80	0	0	1288	P1-21-22	0	-
586	91.514323	92.139323	B4	80	80	0	0	1288	P1-21-2	0	-
587	91.783854	92.049479	B3	71	80	0	0	1292	P1-21-23	0	-
588	91.783854	91.951823	G3	72	80	0	0	1292	P1-21-34	0	-
589	92.059896	92.333333	A3	73	80	0	0	1296	P1-21-24	0	-
590	92.063802	92.873698	C5	78	80	0	0	1296	P1-21-3	0	-
591	92.063802	92.449219	F#3	75	80	0	0	1296	P1-21-35	0	-
592	92.072917	92.524740	D4	73	80	0	0	1296	P1-21-11	0	-
593	92.332031	92.549479	G3	79	80	0	0	1300	P1-21-25	0	-
594	92.591146	92.886719	D3	72	80	0	0	1304	P1-21-36	0	-
595	92.593750	92.885417	A3	73	80	0	0	1304	P1-21-26	0	-
596	92.871094	93.013021	D5	80	80	0	0	1308	P1-21-4	0	-
597	92.901042	92.908854	F#4	61	80	0	0	1308	*	3	-
598	92.903646	93.154948	F#3	67	80	0	0	1308	P1-21-27	0	-
599	93.014323	93.158854	C5	77	80	0	0	1310	P1-21-5	0	-
600	93.145833	94.329427	G3	62	80	0	0	1312	P1-21-37	0	-
601	93.156250	93.549479	B4	73	80	0	0	1312	P1-21-6	0	-
602	93.164062	93.378906	D4	55	80	0	0	1312	*	3	-
603	93.438802	93.769531	A4	59	80	0	0	1316	P1-21-13	0	-
604	93.696615	94.299479	B3	81	80	0	0	1320	P1-21-29	0	-
605	93.714844	94.809896	E5	75	80	0	0	1320	P1-21-7	0	-
606	93.730469	94.339844	G4	71	80	0	0	1320	P1-21-14	0	-
607	93.959635	94.299479	F4	60	80	0	0	1324	P1-21-15	0	-
608	94.253906	94.781250	C4	79	80	0	0	1328	P1-21-30	0	-
609	94.266927	94.729167	E4	64	80	0	0	1328	P1-21-16	0	-
610	94.272135	94.718750	A4	68	80	0	0	1328	P1-21-8	0	-
611	94.526042	94.794271	G4	58	80	0	0	1332	P1-21-17	0	-
612	94.783854	95.399740	D4	83	80	0	0	1336	P1-21-31	0	-
613	94.794271	95.069010	D5	73	80	0	0	1336	P1-21-9	0	-
614	94.813802	95.158854	F4	66	80	0	0	1336	P1-21-18	0	-
615	94.815104	94.869792	A4	56	80	0	0	1340	*	3	-
616	95.074219	95.399740	A4	57	80	0	0	1340	P1-21-19	0	-
617	95.082031	95.429688	D5	55	80	0	0	1340	*	3	-
618	95.324219	96.174479	E4	77	80	0	0	1344	P1-22-24	0	-
619	95.358073	96.216146	G4	68	80	0	0	1344	P1-22-17	0	-
620	95.632812	95.921875	E5	72	80	0	0	1348	P1-22-2	0	-
621	95.903646	96.154948	D5	76	80	0	0	1352	P1-22-3	0	-
622	96.154948	96.292969	F4	69	80	0	0	1356	P1-22-25	0	-
623	96.165365	96.459635	C5	64	80	0	0	1356	P1-22-4	0	-
624	96.169271	96.179688	F3	57	80	0	0	1356	*	3	-
625	96.277344	96.404948	E4	77	80	0	0	1358	P1-22-26	0	-
626	96.386719	97.039062	D4	81	80	0	0	1360	P1-22-27	0	-
627	96.407552	96.696615	B4	75	80	0	0	1360	P1-22-5	0	-
628	96.691406	97.003906	C5	74	80	0	0	1364	P1-22-6	0	-
629	96.691406	97.009115	A4	71	80	0	0	1364	P1-22-19	0	-
630	96.962240	97.529948	D5	80	80	0	0	1368	P1-22-7	0	-
631	96.963542	97.554688	G4	79	80	0	0	1368	P1-22-28	0	-
632	96.979167	97.389323	Bb4	66	80	0	0	1368	P1-22-20	0	-
633	97.213542	97.533854	E5	80	80	0	0	1372	P1-22-8	0	-
634	97.483073	97.835938	F5	80	80	0	0	1376	P1-22-9	0	-
635	97.488281	98.688802	A3	65	80	0	0	1376	P1-22-36	0	-
636	97.490885	97.899740	C5	67	80	0	0	1376	P1-22-21	0	-
637	97.496094	98.639323	C4	63	80	0	0	1376	P1-22-29	0	-
638	97.773438	98.111979	G5	85	80	0	0	1380	P1-22-10	0	-
639	98.063802	98.377604	A5	86	80	0	0	1384	P1-22-11	0	-
640	98.065104	99.009115	F4	64	80	0	0	1384	P1-22-30	0	-
641	98.071615	98.619792	C5	53	80	0	0	1384	*	3	-
642	98.343750	98.759115	G5	79	80	0	0	1388	P1-22-12	0	-
643	98.610677	99.049479	F5	80	80	0	0	1392	P1-22-13	0	-
644	98.625000	98.968750	D5	76	80	0	0	1392	P1-22-22	0	-
645	98.625000	99.169271	B3	69	80	0	0	1392	P1-22-37	0	-
646	98.886719	99.229167	E5	84	80	0	0	1396	P1-22-14	0	-
647	98.894531	98.994792	G4	73	80	0	0	1396	P1-22-32	0	-
648	99.170573	99.485677	D5	86	80	0	0	1400	P1-22-15	0	-
649	99.173177	99.559896	G4	76	80	0	0	1400	P1-22-23	0	-
650	99.174479	99.464844	F4	71	80	0	0	1400	P1-22-33	0	-
651	99.175781	99.476562	C4	69	80	0	0	1400	P1-22-38	0	-
652	99.444010	99.799479	E4	72	80	0	0	1404	P1-22-34	0	-
653	99.444010	99.829427	C5	74	80	0	0	1404	P1-22-16	0	-
654	99.770833	101.079427	B4	76	80	0	0	1408	P1-23-1	0	-
655	99.773438	100.044271	F3	71	80	0	0	1408	P1-23-18	0	-
656	99.800781	100.658854	D4	62	80	0	0	1408	P1-23-12	0	-
657	99.807292	101.229167	G4	60	80	0	0	1408	P1-23-7	0	-
658	100.053385	100.311198	A3	76	80	0	0	1412	P1-23-19	0	-
659	100.299479	100.605469	G3	79	80	0	0	1416	P1-23-20	0	-
660	100.580729	100.929688	F3	79	80	0	0	1420	P1-23-21	0	-
661	100.851562	101.468750	C5	80	80	0	0	1424	P1-23-2	0	-
662	100.854167	101.136719	E3	82	80	0	0	1424	P1-23-22	0	-
663	101.125000	101.451823	D3	81	80	0	0	1428	P1-23-23	0	-
664	101.416667	102.269531	D5	79	80	0	0	1432	P1-23-3	0	-
665	101.429688	102.500000	F4	71	80	0	0	1432	P1-23-8	0	-
666	101.440104	101.722656	C3	72	80	0	0	1432	P1-23-24	0	-
667	101.454427	102.319010	D4	68	80	0	0	1432	P1-23-14	0	-
668	101.695312	102.075521	B2	72	80	0	0	1436	P1-23-25	0	-
669	102.010417	102.449219	C3	82	80	0	0	1440	P1-23-26	0	-
670	102.014323	104.449219	G4	75	80	0	0	1440	P1-23-4	0	-
671	102.305990	102.640625	D3	79	80	0	0	1444	P1-23-27	0	-
672	102.610677	104.009115	C5	84	80	0	0	1448	P1-23-5	0	-
673	102.610677	102.989583	G3	76	80	0	0	1448	P1-23-16	0	-
674	102.617188	103.239583	E3	76	80	0	0	1448	P1-23-28	0	-
675	102.894531	103.250000	F3	77	80	0	0	1452	P1-23-29	0	-
676	103.252604	106.889323	G3	75	80	0	0	1456	P1-23-30	0	-
677	103.253906	103.899740	D4	67	80	0	0	1456	P1-23-11	0	-
678	103.884115	104.819010	B4	78	80	0	0	1464	P1-23-6	0	-
679	103.893229	104.789062	G2	58	80	0	0	1464	P1-23-31	0	-
680	103.908854	104.329427	D4	50	80	0	0	1464	*	3	-
681	104.712240	107.500000	C5	73	80	0	0	1472	P1-24-1	0	-
682	104.748698	107.389323	E4	56	80	0	0	1472	P1-24-7	0	-
683	104.751302	105.408854	C3	61	80	0	0	1472	P1-24-23	0	-
684	105.423177	107.328125	C3	80	80	0	0	1480	P1-24-15	0	-
685	105.454427	105.559896	A4	59	80	0	0	1480	P1-24-8	0	-
686	105.471354	105.479167	C4	50	80	0	0	1480	*	3	-
687	106.040365	106.805990	D3	84	80	0	0	1488	P1-24-16	0	-
688	106.065104	106.878906	B4	67	80	0	0	1488	P1-24-2	0	-
689	106.643229	107.332031	E3	85	80	0	0	1496	P1-24-17	0	-
690	106.658854	107.408854	Bb4	59	80	0	0	1496	P1-24-3	0	-
691	106.678385	107.438802	G4	55	80	0	0	1496	P1-24-9	0	-
692	107.285156	108.192708	F3	76	80	0	0	1504	P1-24-18	0	-
693	107.329427	107.929688	A4	56	80	0	0	1504	P1-24-4	0	-
694	107.333333	107.628906	F4	53	80	0	0	1504	*	3	-
695	107.888021	108.529948	F4	73	80	0	0	1512	P1-24-11	0	-
696	107.889323	109.139323	D5	70	80	0	0	1512	P1-24-5	0	-
697	107.944010	108.500000	A4	41	80	0	0	1512	*	3	-
698	108.194010	108.324219	G3	64	80	0	0	1516	P1-24-19	0	-
699	108.334635	108.466146	F3	68	80	0	0	1518	P1-24-20	0	-
700	108.445312	109.098958	E3	70	80	0	0	1520	P1-24-21	0	-
701	108.446615	109.095052	G4	74	80	0	0	1520	P1-24-12	0	-
702	109.059896	109.707031	A3	72	80	0	0	1528	P1-24-22	0	-
703	109.061198	109.729167	C5	70	80	0	0	1528	P1-24-6	0	-
704	109.062500	109.750000	A4	75	80	0	0	1528	P1-24-13	0	-
705	109.684896	110.399740	D5	75	80	0	0	1536	P1-25-1	0	-
706	109.684896	110.569010	Bb4	74	80	0	0	1536	P1-25-12	0	-
707	109.703125	110.304688	D3	62	80	0	0	1536	P1-25-23	0	-
708	110.256510	111.113281	G3	62	80	0	0	1544	P1-25-24	0	-
709	110.259115	110.799479	E5	65	80	0	0	1544	P1-25-2	0	-
710	110.571615	110.730469	C5	65	80	0	0	1548	P1-25-13	0	-
711	110.688802	110.859375	Bb4	71	80	0	0	1550	P1-25-14	0	-
712	110.822917	112.128906	F5	70	80	0	0	1552	P1-25-3	0	-
713	110.825521	111.589844	A4	67	80	0	0	1552	P1-25-15	0	-
714	111.126302	111.446615	A3	57	80	0	0	1556	P1-25-26	0	-
715	111.442708	112.391927	D5	81	80	0	0	1560	P1-25-16	0	-
716	111.444010	111.695312	G3	56	80	0	0	1560	P1-25-27	0	-
717	111.733073	111.984375	F3	59	80	0	0	1564	P1-25-28	0	-
718	112.044271	112.303385	E3	55	80	0	0	1568	P1-25-29	0	-
719	112.044271	113.718750	G4	73	80	0	0	1568	P1-25-17	0	-
720	112.342448	112.661458	D3	54	80	0	0	1572	P1-25-30	0	-
721	112.354167	112.750000	A5	83	80	0	0	1572	P1-25-5	0	-
722	112.635417	113.399740	G5	80	80	0	0	1576	P1-25-6	0	-
723	112.639323	113.319010	C5	70	80	0	0	1576	P1-25-18	0	-
724	112.658854	112.937500	E3	61	80	0	0	1576	P1-25-31	0	-
725	112.912760	113.209635	F3	66	80	0	0	1580	P1-25-32	0	-
726	112.919271	113.299479	F5	77	80	0	0	1580	P1-25-7	0	-
727	113.226562	113.546875	E5	78	80	0	0	1584	P1-25-8	0	-
728	113.233073	113.513021	G3	60	80	0	0	1584	P1-25-33	0	-
729	113.516927	113.868490	F5	78	80	0	0	1588	P1-25-9	0	-
730	113.520833	113.908854	A3	66	80	0	0	1588	P1-25-34	0	-
731	113.523438	113.861979	D5	73	80	0	0	1588	P1-25-20	0	-
732	113.824219	115.169271	E5	80	80	0	0	1592	P1-25-10	0	-
733	113.834635	114.128906	C5	61	80	0	0	1592	P1-25-21	0	-
734	113.834635	114.319010	Bb3	65	80	0	0	1592	P1-25-35	0	-
735	114.102865	114.425781	G3	66	80	0	0	1596	P1-25-36	0	-
736	114.108073	114.475260	D5	75	80	0	0	1596	P1-25-11	0	-
737	114.125000	114.473958	Bb4	62	80	0	0	1596	P1-25-22	0	-
738	114.425781	114.753906	C5	71	80	0	0	1600	P1-26-1	0	-
739	114.430990	114.755208	A4	75	80	0	0	1600	P1-26-10	0	-
740	114.433594	114.744792	A3	69	80	0	0	1600	P1-26-21	0	-
741	114.734375	115.066406	Bb4	76	80	0	0	1604	P1-26-11	0	-
742	114.735677	115.001302	E3	58	80	0	0	1604	P1-26-22	0	-
743	115.015625	115.369792	A4	75	80	0	0	1608	P1-26-12	0	-
744	115.019531	115.364583	F3	64	80	0	0	1608	P1-26-23	0	-
745	115.334635	115.654948	G3	68	80	0	0	1612	P1-26-24	0	-
746	115.334635	115.653646	G4	74	80	0	0	1612	P1-26-13	0	-
747	115.648438	115.986979	A3	71	80	0	0	1616	P1-26-25	0	-
748	115.656250	115.994792	F4	67	80	0	0	1616	P1-26-14	0	-
749	115.957031	116.274740	G4	76	80	0	0	1620	P1-26-15	0	-
750	115.957031	116.239583	B3	62	80	0	0	1620	P1-26-26	0	-
751	116.282552	116.649740	C4	63	80	0	0	1624	P1-26-27	0	-
752	116.291667	116.656250	F4	68	80	0	0	1624	P1-26-16	0	-
753	116.619792	117.014323	E4	69	80	0	0	1628	P1-26-17	0	-
754	116.621094	117.020833	A3	55	80	0	0	1628	P1-26-28	0	-
755	116.985677	119.968750	D4	68	80	0	0	1632	P1-26-18	0	-
756	116.994792	119.819010	B3	64	80	0	0	1632	P1-26-29	0	-
757	117.305990	117.446615	G4	74	80	0	0	1636	P1-26-3	0	-
758	117.453125	117.636719	A4	77	80	0	0	1638	P1-26-4	0	-
759	117.602865	118.059896	B4	73	80	0	0	1640	P1-26-5	0	-
760	117.914062	118.208333	C5	79	80	0	0	1644	P1-26-6	0	-
761	118.218750	118.583333	D5	75	80	0	0	1648	P1-26-7	0	-
762	118.529948	118.928385	E5	79	80	0	0	1652	P1-26-8	0	-
763	118.873698	119.859375	F5	83	80	0	0	1656	P1-26-9	0	-
764	119.207031	119.949219	G4	67	80	0	0	1660	P1-26-20	0	-
765	119.591146	121.329427	A4	67	80	0	0	1664	P1-27-10	0	-
766	119.593750	124.408854	C4	46	80	0	0	1664	P1-27-16	0	-
767	119.755208	119.917969	C5	66	80	0	0	1666	P1-27-2	0	-
768	119.921875	120.065104	D5	65	80	0	0	1668	P1-27-3	0	-
769	120.075521	120.315104	E5	71	80	0	0	1670	P1-27-4	0	-
770	120.265625	121.039062	F5	81	80	0	0	1672	P1-27-5	0	-
771	120.606771	121.399740	G5	77	80	0	0	1676	P1-27-6	0	-
772	121.033854	122.468750	A5	76	80	0	0	1680	P1-27-7	0	-
773	121.415365	122.579427	F5	57	80	0	0	1684	P1-27-12	0	-
774	121.873698	123.299479	D5	49	80	0	0	1688	P1-27-13	0	-
775	122.424479	123.479167	B5	67	80	0	0	1692	P1-27-8	0	-
776	123.296875	127.069010	C6	71	80	0	0	1696	P1-27-9	0	-
777	123.325521	126.799479	E5	50	80	0	0	1696	P1-27-14	0	-
778	123.326823	126.899740	G5	53	80	0	0	1696	P1-27-15	0	-
//Missing 8	P1-1-3
//Missing 304	P1-5-20
//Missing 360	P1-6-14
//Missing 760	P1-12-41
//Missing 816	P1-13-8
//Missing 960	P1-16-13
//Missing 992	P1-16-15
//Missing 1172	P1-19-23
//Missing 1424	P1-23-13
//Missing 1448	P1-23-10
//Missing 1173	P1-19-24
