//Version: ScorePerfmMatch_v170503
// Score: ./Sonata_No._18_Mvt_2_Mozart_hmm.txt
// Perfm: ./05197_spr.txt
// fmt3x: ./Sonata_No._18_Mvt_2_Mozart_fmt3x.txt
0	0.675781	2.089844	C#5	56	80	0	0	0	*	3	0
1	0.717448	4.559896	A3	24	80	0	0	0	*	3	-
2	0.723958	0.839844	A2	25	80	0	0	0	*	3	-
3	0.731771	6.729167	E4	24	80	0	0	0	*	3	-
4	2.076823	2.225260	D5	39	80	0	0	12	P1-1-3	0	-
5	2.238281	2.373698	C#5	49	80	0	0	13	P1-1-4	0	-
6	2.399740	3.329427	B4	51	80	0	0	14	P1-1-5	0	-
7	2.557292	3.019531	C#5	53	80	0	0	15	P1-1-6	0	-
8	2.876302	3.869792	E5	57	80	0	0	16	P1-1-7	0	-
9	3.654948	4.658854	D5	51	80	0	0	24	P1-1-8	0	-
10	4.437500	5.324219	B4	43	80	0	0	32	P1-1-9	0	-
11	4.473958	6.239583	D4	23	80	0	0	32	P1-1-14	0	-
12	5.203125	6.329427	G#4	40	80	0	0	40	P1-1-10	0	-
13	6.084635	8.139323	C#4	21	80	0	0	48	P1-2-8	0	-
14	6.084635	7.438802	A4	30	80	0	0	48	P1-2-2	0	-
15	7.380208	7.533854	C#5	36	80	0	0	60	P1-2-3	0	-
16	7.563802	8.399740	A4	39	80	0	0	62	P1-2-4	0	-
17	7.895833	12.500000	E5	55	80	0	0	64	P1-2-5	0	-
18	8.709635	8.981771	D5	29	80	0	0	72	P1-2-11	0	-
19	8.712240	8.981771	G#4	23	80	0	0	72	P1-2-10	0	-
20	9.476562	9.829427	D5	31	80	0	0	80	P1-2-13	0	-
21	9.479167	9.799479	G#4	28	80	0	0	80	P1-2-12	0	-
22	10.221354	10.739583	G#4	31	80	0	0	88	P1-2-14	0	-
23	10.222656	11.039062	D5	29	80	0	0	88	P1-2-15	0	-
24	10.966146	12.438802	A4	25	80	0	0	96	P1-3-15	0	-
25	10.970052	12.348958	C#5	34	80	0	0	96	P1-3-16	0	-
26	11.355469	12.109375	A5	51	80	0	0	100	P1-3-3	0	-
27	11.729167	12.218750	G#5	59	80	0	0	104	P1-3-4	0	-
28	12.095052	12.493490	G5	65	80	0	0	108	P1-3-5	0	-
29	12.464844	12.938802	E#5	58	80	0	0	112	P1-3-6	0	-
30	12.492188	14.359375	D4	26	80	0	0	112	P1-3-17	0	-
31	12.845052	13.313802	F#5	62	80	0	0	116	P1-3-7	0	-
32	13.195312	13.614583	E5	63	80	0	0	120	P1-3-8	0	-
33	13.539062	13.924479	D5	63	80	0	0	124	P1-3-9	0	-
34	13.895833	14.335938	C#5	59	80	0	0	128	P1-3-10	0	-
35	14.252604	14.692708	B4	53	80	0	0	132	P1-3-11	0	-
36	14.610677	15.149740	D5	58	80	0	0	136	P1-3-12	0	-
37	14.975260	15.559896	F#5	60	80	0	0	140	P1-3-13	0	-
38	15.484375	16.750000	A4	42	80	0	0	144	P1-4-2	0	-
39	15.513021	17.169271	C#4	25	80	0	0	144	P1-4-15	0	-
40	15.513021	18.519531	E3	25	80	0	0	144	P1-4-13	0	-
41	16.709635	16.861979	B4	37	80	0	0	156	P1-4-3	0	-
42	16.873698	17.100260	A4	40	80	0	0	158	P1-4-4	0	-
43	17.083333	17.515625	G#4	41	80	0	0	160	P1-4-5	0	-
44	17.085938	18.479167	B3	31	80	0	0	160	P1-4-16	0	-
45	17.434896	17.937500	E4	37	80	0	0	164	P1-4-6	0	-
46	17.783854	18.339844	F#4	46	80	0	0	168	P1-4-7	0	-
47	18.117188	18.523438	G#4	50	80	0	0	172	P1-4-8	0	-
48	18.471354	18.855469	A4	53	80	0	0	176	P1-4-9	0	-
49	18.816406	19.229167	A#4	54	80	0	0	180	P1-4-10	0	-
50	19.174479	19.585938	B4	62	80	0	0	184	P1-4-11	0	-
51	19.537760	20.269531	B#4	63	80	0	0	188	P1-4-12	0	-
52	20.055990	21.449219	C#5	62	80	0	0	192	P1-5-2	0	-
53	20.062500	22.559896	A3	40	80	0	0	192	P1-5-12	0	-
54	21.313802	21.598958	D5	40	80	0	0	204	P1-5-3	0	-
55	21.457031	21.605469	C#5	49	80	0	0	205	P1-5-4	0	-
56	21.615885	22.259115	B4	60	80	0	0	206	P1-5-5	0	-
57	21.770833	22.188802	C#5	68	80	0	0	207	P1-5-6	0	-
58	22.053385	23.299479	E5	67	80	0	0	208	P1-5-7	0	-
59	22.055990	24.039062	G#4	46	80	0	0	208	P1-5-15	0	-
60	22.063802	23.779948	B3	39	80	0	0	208	P1-5-14	0	-
61	22.850260	23.848958	D5	58	80	0	0	216	P1-5-8	0	-
62	23.662760	24.709635	B4	53	80	0	0	224	P1-5-9	0	-
63	23.692708	25.529948	D4	29	80	0	0	224	P1-5-16	0	-
64	23.696615	26.759115	E4	31	80	0	0	224	P1-5-17	0	-
65	24.466146	25.549479	G#4	47	80	0	0	232	P1-5-10	0	-
66	25.350260	26.589844	A4	40	80	0	0	240	P1-6-2	0	-
67	25.355469	26.989583	C#4	26	80	0	0	240	P1-6-11	0	-
68	26.570312	26.722656	C#5	44	80	0	0	252	P1-6-3	0	-
69	26.751302	27.161458	A4	53	80	0	0	254	P1-6-4	0	-
70	27.042969	29.188802	E#5	64	80	0	0	256	P1-6-5	0	-
71	27.835938	28.229167	B4	31	80	0	0	264	P1-6-15	0	-
72	27.845052	28.718750	D4	22	80	0	0	264	P1-6-14	0	-
73	28.570312	29.003906	C5	42	80	0	0	272	P1-6-17	0	-
74	28.619792	29.139323	D#4	32	80	0	0	272	P1-6-16	0	-
75	28.985677	29.500000	F#5	61	80	0	0	276	P1-6-7	0	-
76	29.352865	29.783854	G#5	74	80	0	0	280	P1-6-8	0	-
77	29.375000	30.069010	C5	47	80	0	0	280	P1-6-19	0	-
78	29.378906	29.899740	Eb5	47	80	0	0	280	*	3	-
79	29.382812	30.468750	D#4	42	80	0	0	280	P1-6-18	0	-
80	29.748698	30.089844	A5	74	80	0	0	284	P1-6-9	0	-
81	30.300781	31.438802	A5	62	80	0	0	288	P1-7-2	0	-
82	30.313802	32.098958	C#5	45	80	0	0	288	P1-7-17	0	-
83	30.334635	31.938802	E4	29	80	0	0	288	P1-7-16	0	-
84	31.274740	31.649740	B5	55	80	0	0	298	P1-7-4	0	-
85	31.463542	31.647135	C#6	68	80	0	0	300	P1-7-5	0	-
86	31.635417	31.889323	A5	68	80	0	0	302	P1-7-6	0	-
87	31.854167	32.218750	E5	65	80	0	0	304	P1-7-7	0	-
88	32.222656	32.739583	A5	71	80	0	0	308	P1-7-8	0	-
89	32.233073	32.378906	E5	48	80	0	0	308	*	3	-
90	32.583333	33.059896	C#5	57	80	0	0	312	P1-7-9	0	-
91	32.934896	33.438802	F#5	56	80	0	0	316	P1-7-10	0	-
92	33.320312	33.684896	E5	53	80	0	0	320	P1-7-11	0	-
93	33.688802	34.115885	D#5	53	80	0	0	324	P1-7-12	0	-
94	34.061198	34.483073	D5	49	80	0	0	328	P1-7-13	0	-
95	34.071615	35.179688	E3	30	80	0	0	328	P1-7-20	0	-
96	34.450521	34.739583	B4	47	80	0	0	332	P1-7-14	0	-
97	34.480469	34.489583	G2	25	80	0	0	-1	*	3	-
98	35.020833	36.855469	B4	40	80	0	0	336	P1-8-2	0	-
99	35.024740	37.269531	A3	29	80	0	0	336	P1-8-5	0	-
100	35.040365	37.029948	D4	24	80	0	0	336	P1-8-7	0	-
101	36.714844	37.829427	A4	30	80	0	0	352	P1-8-3	0	-
102	36.716146	37.128906	C#4	18	80	0	0	352	P1-8-8	0	-
103	37.540365	38.519531	E3	28	80	0	0	360	P1-8-9	0	-
104	38.304688	39.179688	C#3	28	80	0	0	368	P1-8-10	0	-
105	39.063802	40.092448	A2	30	80	0	0	376	P1-8-11	0	-
106	39.944010	42.209635	E3	28	80	0	0	384	P1-9-17	0	-
107	39.963542	41.169271	D5	56	80	0	0	384	P1-9-2	0	-
108	40.805990	41.250000	B3	24	80	0	0	392	P1-9-22	0	-
109	40.807292	41.259115	G#3	22	80	0	0	392	P1-9-21	0	-
110	40.985677	41.175781	F#5	48	80	0	0	394	P1-9-4	0	-
111	41.180990	41.337240	E5	50	80	0	0	396	P1-9-5	0	-
112	41.338542	41.542969	F#5	55	80	0	0	398	P1-9-6	0	-
113	41.524740	42.289062	B3	38	80	0	0	400	P1-9-24	0	-
114	41.527344	41.746094	D5	57	80	0	0	400	P1-9-7	0	-
115	41.529948	42.269531	G#3	36	80	0	0	400	P1-9-23	0	-
116	41.703125	41.875000	E5	59	80	0	0	402	P1-9-8	0	-
117	41.867188	42.014323	C#5	51	80	0	0	404	P1-9-9	0	-
118	42.039062	42.194010	D5	56	80	0	0	406	P1-9-10	0	-
119	42.214844	42.378906	B4	48	80	0	0	408	P1-9-11	0	-
120	42.214844	43.848958	E3	35	80	0	0	408	*	3	-
121	42.216146	42.949219	A3	36	80	0	0	408	P1-9-25	0	-
122	42.221354	42.729167	C#4	34	80	0	0	408	P1-9-26	0	-
123	42.386719	42.524740	C#5	53	80	0	0	410	P1-9-12	0	-
124	42.550781	42.704427	A4	46	80	0	0	412	P1-9-13	0	-
125	42.721354	42.944010	B4	46	80	0	0	414	P1-9-14	0	-
126	42.957031	43.759115	G#4	43	80	0	0	416	P1-9-15	0	-
127	42.963542	43.097656	A3	29	80	0	0	416	*	3	-
128	42.967448	43.429688	D4	30	80	0	0	416	P1-9-28	0	-
129	42.970052	43.438802	B3	29	80	0	0	416	P1-9-27	0	-
130	43.714844	44.718750	D4	33	80	0	0	424	P1-9-30	0	-
131	43.717448	44.529948	B3	30	80	0	0	424	P1-9-29	0	-
132	44.475260	46.649740	A3	36	80	0	0	432	P1-10-17	0	-
133	44.481771	45.416667	E5	64	80	0	0	432	P1-10-2	0	-
134	45.235677	45.750000	E4	33	80	0	0	440	P1-10-22	0	-
135	45.268229	45.799479	C#4	27	80	0	0	440	P1-10-21	0	-
136	45.434896	45.649740	D#5	53	80	0	0	442	P1-10-4	0	-
137	45.605469	45.781250	F#5	62	80	0	0	444	P1-10-5	0	-
138	45.777344	45.951823	E5	64	80	0	0	446	P1-10-6	0	-
139	45.936198	46.639323	C#4	40	80	0	0	448	P1-10-23	0	-
140	45.936198	46.135417	A5	72	80	0	0	448	P1-10-7	0	-
141	45.936198	46.628906	E4	40	80	0	0	448	P1-10-24	0	-
142	46.113281	46.295573	G#5	75	80	0	0	450	P1-10-8	0	-
143	46.283854	46.639323	B5	72	80	0	0	452	P1-10-9	0	-
144	46.453125	46.640625	A5	74	80	0	0	454	P1-10-10	0	-
145	46.593750	47.438802	D4	45	80	0	0	456	P1-10-26	0	-
146	46.623698	47.438802	B3	48	80	0	0	456	P1-10-25	0	-
147	46.625000	46.842448	C#6	80	80	0	0	456	P1-10-11	0	-
148	46.792969	47.389323	B5	76	80	0	0	458	P1-10-12	0	-
149	46.964844	47.389323	D6	80	80	0	0	460	P1-10-13	0	-
150	47.130208	47.433594	C#6	83	80	0	0	462	P1-10-14	0	-
151	47.373698	48.319010	E6	74	80	0	0	464	P1-10-15	0	-
152	47.375000	48.218750	C#4	56	80	0	0	464	P1-10-27	0	-
153	48.114583	49.139323	B3	60	80	0	0	472	P1-10-28	0	-
154	48.121094	49.019531	G#3	56	80	0	0	472	P1-10-19	0	-
155	48.953125	52.500000	F#3	46	80	0	0	480	P1-11-23	0	-
156	48.992188	50.209635	A5	80	80	0	0	480	P1-11-2	0	-
157	49.773438	50.389323	C#4	45	80	0	0	488	P1-11-27	0	-
158	49.776042	50.229167	A3	44	80	0	0	488	P1-11-26	0	-
159	49.973958	50.279948	C#6	76	80	0	0	490	P1-11-4	0	-
160	50.156250	50.509115	B5	77	80	0	0	492	P1-11-5	0	-
161	50.324219	50.549479	C#6	86	80	0	0	494	P1-11-6	0	-
162	50.513021	50.733073	A5	77	80	0	0	496	P1-11-7	0	-
163	50.522135	51.049479	C#4	48	80	0	0	496	P1-11-29	0	-
164	50.522135	51.039062	A3	50	80	0	0	496	P1-11-28	0	-
165	50.687500	50.906250	B5	83	80	0	0	498	P1-11-8	0	-
166	50.869792	51.055990	G#5	85	80	0	0	500	P1-11-9	0	-
167	51.042969	51.242188	A5	82	80	0	0	502	P1-11-10	0	-
168	51.216146	51.436198	F#5	84	80	0	0	504	P1-11-11	0	-
169	51.236979	51.929688	C#4	49	80	0	0	504	P1-11-31	0	-
170	51.239583	51.750000	A3	53	80	0	0	504	P1-11-30	0	-
171	51.395833	51.789062	G#5	83	80	0	0	506	P1-11-12	0	-
172	51.576823	51.763021	E5	81	80	0	0	508	P1-11-13	0	-
173	51.743490	51.971354	F#5	81	80	0	0	510	P1-11-14	0	-
174	51.923177	52.108073	D#5	78	80	0	0	512	P1-11-15	0	-
175	51.925781	52.589844	B3	54	80	0	0	512	P1-11-33	0	-
176	51.928385	52.559896	A3	53	80	0	0	512	P1-11-32	0	-
177	52.113281	52.335938	E5	81	80	0	0	514	P1-11-16	0	-
178	52.302083	52.619792	F#5	84	80	0	0	516	P1-11-17	0	-
179	52.484375	52.755208	G#5	80	80	0	0	518	P1-11-18	0	-
180	52.703125	53.139323	B5	80	80	0	0	520	P1-11-19	0	-
181	52.721354	53.188802	A3	48	80	0	0	520	P1-11-34	0	-
182	52.723958	53.188802	B3	51	80	0	0	520	P1-11-35	0	-
183	52.916667	53.153646	A5	77	80	0	0	522	P1-11-20	0	-
184	53.123698	53.354167	F#5	71	80	0	0	524	P1-11-21	0	-
185	53.328125	53.779948	D#5	72	80	0	0	526	P1-11-22	0	-
186	53.686198	56.039062	F#5	67	80	0	0	528	P1-12-2	0	-
187	53.692708	55.609375	A3	45	80	0	0	528	P1-12-13	0	-
188	53.695312	56.774740	B3	45	80	0	0	528	P1-12-14	0	-
189	53.703125	56.819010	E3	42	80	0	0	528	P1-12-12	0	-
190	55.485677	56.799479	G#3	25	80	0	0	544	P1-12-16	0	-
191	55.891927	56.109375	D#5	47	80	0	0	548	P1-12-4	0	-
192	56.270833	56.723958	E5	46	80	0	0	552	P1-12-5	0	-
193	56.645833	57.269531	E#5	46	80	0	0	556	P1-12-6	0	-
194	57.036458	57.542969	G#5	45	80	0	0	560	P1-12-7	0	-
195	57.416667	57.911458	F#5	46	80	0	0	564	P1-12-8	0	-
196	57.795573	58.270833	E5	50	80	0	0	568	P1-12-9	0	-
197	58.201823	58.919271	D5	53	80	0	0	572	P1-12-10	0	-
198	58.820312	60.239583	C#5	63	80	0	0	576	P1-13-2	0	-
199	58.822917	62.449219	G4	53	80	0	0	576	P1-13-13	0	-
200	58.824219	61.250000	A#3	50	80	0	0	576	P1-13-12	0	-
201	60.222656	60.373698	D5	42	80	0	0	588	P1-13-3	0	-
202	60.385417	60.518229	C#5	46	80	0	0	589	P1-13-4	0	-
203	60.531250	62.199219	B4	50	80	0	0	590	P1-13-5	0	-
204	60.695312	61.218750	C#5	64	80	0	0	591	P1-13-6	0	-
205	61.028646	62.098958	E5	62	80	0	0	592	P1-13-7	0	-
206	61.037760	62.489583	F#4	36	80	0	0	592	P1-13-15	0	-
207	61.041667	62.859375	B3	33	80	0	0	592	P1-13-14	0	-
208	61.880208	62.799479	D5	53	80	0	0	600	P1-13-8	0	-
209	62.683594	63.529948	B4	46	80	0	0	608	P1-13-9	0	-
210	62.690104	64.399740	F4	29	80	0	0	608	P1-13-17	0	-
211	62.695312	64.509115	D4	30	80	0	0	608	P1-13-16	0	-
212	63.453125	64.399740	G#4	38	80	0	0	616	P1-13-10	0	-
213	64.311198	65.699219	A4	36	80	0	0	624	P1-14-2	0	-
214	64.320312	65.929688	E4	29	80	0	0	624	P1-14-8	0	-
215	64.322917	65.709635	C#4	26	80	0	0	624	P1-14-7	0	-
216	65.653646	66.049479	C#5	43	80	0	0	636	P1-14-3	0	-
217	65.861979	66.382812	A4	49	80	0	0	638	P1-14-4	0	-
218	66.239583	69.059896	G5	61	80	0	0	640	P1-14-5	0	-
219	67.033854	67.529948	A#4	33	80	0	0	648	P1-14-11	0	-
220	67.076823	67.658854	C#4	15	80	0	0	648	P1-14-10	0	-
221	67.813802	68.609375	B4	42	80	0	0	656	P1-14-13	0	-
222	67.825521	68.688802	D4	31	80	0	0	656	P1-14-12	0	-
223	68.591146	68.945312	C#5	44	80	0	0	664	P1-14-15	0	-
224	68.596354	68.923177	E4	31	80	0	0	664	P1-14-14	0	-
225	69.382812	69.679688	E#5	58	80	0	0	672	P1-15-2	0	-
226	69.411458	70.199219	D5	41	80	0	0	672	P1-15-18	0	-
227	69.424479	70.729167	D4	30	80	0	0	672	P1-15-17	0	-
228	69.589844	69.794271	F#5	57	80	0	0	674	P1-15-3	0	-
229	69.785156	70.179688	G#5	58	80	0	0	676	P1-15-4	0	-
230	69.955729	70.192708	F#5	58	80	0	0	678	P1-15-5	0	-
231	70.153646	70.320312	E5	65	80	0	0	680	P1-15-6	0	-
232	70.334635	70.554688	D5	65	80	0	0	682	P1-15-7	0	-
233	70.519531	70.753906	C#5	64	80	0	0	684	P1-15-8	0	-
234	70.722656	71.002604	B4	58	80	0	0	686	P1-15-9	0	-
235	70.955729	71.119792	A4	51	80	0	0	688	P1-15-10	0	-
236	70.958333	71.959635	E3	35	80	0	0	688	P1-15-20	0	-
237	70.964844	72.449219	C#4	36	80	0	0	688	P1-15-21	0	-
238	71.375000	71.494792	C#5	58	80	0	0	692	P1-15-11	0	-
239	71.839844	73.609375	E5	52	80	0	0	696	P1-15-12	0	-
240	71.881510	72.179688	C#5	29	80	0	0	704	*	3	-
241	71.882812	71.959635	A2	22	80	0	0	704	*	3	-
242	72.662760	74.378906	E3	22	80	0	0	704	P1-15-23	0	-
243	72.664062	74.369792	D4	23	80	0	0	704	P1-15-24	0	-
244	73.074219	73.688802	E4	39	80	0	0	708	P1-15-13	0	-
245	73.500000	74.033854	F#4	49	80	0	0	712	P1-15-14	0	-
246	73.960938	74.915365	G#4	51	80	0	0	716	P1-15-15	0	-
247	74.653646	76.739583	B4	41	80	0	0	720	P1-16-2	0	-
248	74.678385	76.739583	D4	23	80	0	0	720	P1-16-9	0	-
249	74.692708	77.000000	A3	23	80	0	0	720	P1-16-7	0	-
250	76.584635	77.500000	A4	30	80	0	0	736	P1-16-3	0	-
251	76.589844	77.529948	C#4	18	80	0	0	736	P1-16-10	0	-
252	77.484375	78.309896	A#4	38	80	0	0	744	P1-16-4	0	-
253	78.332031	79.188802	B4	31	80	0	0	752	P1-16-5	0	-
254	79.223958	79.639323	B#4	27	80	0	0	760	P1-16-6	0	-
255	80.325521	81.139323	C#5	29	80	0	0	768	P1-17-2	0	-
256	80.326823	80.779948	F#3	22	80	0	0	768	P1-17-12	0	-
257	81.071615	81.225260	A4	26	80	0	0	772	P1-17-14	0	-
258	81.115885	81.214844	F#4	12	80	0	0	772	P1-17-13	0	-
259	81.488281	81.675781	A4	28	80	0	0	776	P1-17-16	0	-
260	81.524740	81.670573	F#4	12	80	0	0	776	P1-17-15	0	-
261	81.907552	82.054688	A4	30	80	0	0	780	P1-17-18	0	-
262	81.914062	82.050781	F#4	20	80	0	0	780	P1-17-17	0	-
263	82.322917	82.437500	A4	28	80	0	0	784	P1-17-20	0	-
264	82.341146	82.430990	F#4	18	80	0	0	784	P1-17-19	0	-
265	82.704427	83.299479	F#5	44	80	0	0	788	P1-17-4	0	-
266	82.727865	82.864583	A4	28	80	0	0	788	P1-17-22	0	-
267	82.743490	82.864583	F#4	20	80	0	0	788	P1-17-21	0	-
268	83.105469	83.718750	A5	53	80	0	0	792	P1-17-5	0	-
269	83.123698	83.281250	A4	38	80	0	0	792	P1-17-24	0	-
270	83.127604	83.286458	F#4	24	80	0	0	792	P1-17-23	0	-
271	83.505208	84.059896	E#5	51	80	0	0	796	P1-17-6	0	-
272	83.516927	83.750000	A4	38	80	0	0	796	P1-17-26	0	-
273	83.919271	84.289062	F#5	50	80	0	0	800	P1-17-7	0	-
274	83.925781	84.139323	A4	38	80	0	0	800	P1-17-28	0	-
275	83.934896	84.139323	F#4	28	80	0	0	800	P1-17-27	0	-
276	84.295573	84.485677	B#4	48	80	0	0	804	P1-17-8	0	-
277	84.313802	84.475260	A4	38	80	0	0	804	P1-17-30	0	-
278	84.316406	84.484375	F#4	27	80	0	0	804	P1-17-29	0	-
279	84.707031	84.873698	D5	44	80	0	0	808	P1-17-9	0	-
280	84.718750	84.865885	A4	33	80	0	0	808	P1-17-32	0	-
281	84.726562	84.908854	F#4	24	80	0	0	808	P1-17-31	0	-
282	85.114583	85.247396	C#5	39	80	0	0	812	P1-17-10	0	-
283	85.115885	85.289062	A4	31	80	0	0	812	P1-17-34	0	-
284	85.118490	85.309896	F#4	27	80	0	0	812	P1-17-33	0	-
285	85.645833	86.579427	C#5	30	80	0	0	816	P1-18-2	0	-
286	86.113281	86.240885	G#4	33	80	0	0	820	P1-18-14	0	-
287	86.114583	86.236979	E#4	27	80	0	0	820	P1-18-13	0	-
288	86.507812	86.630208	G#4	33	80	0	0	824	P1-18-16	0	-
289	86.523438	86.623698	E#4	20	80	0	0	824	P1-18-15	0	-
290	86.894531	87.096354	G#4	36	80	0	0	828	P1-18-18	0	-
291	86.899740	87.096354	E#4	28	80	0	0	828	P1-18-17	0	-
292	87.305990	87.393229	G#4	36	80	0	0	832	P1-18-20	0	-
293	87.305990	87.401042	E#4	30	80	0	0	832	P1-18-19	0	-
294	87.680990	88.269531	G#5	61	80	0	0	836	P1-18-4	0	-
295	87.694010	87.871094	G#4	45	80	0	0	836	P1-18-22	0	-
296	87.694010	87.855469	E#4	30	80	0	0	836	P1-18-21	0	-
297	88.097656	88.649740	B5	70	80	0	0	840	P1-18-5	0	-
298	88.114583	88.243490	G#4	43	80	0	0	840	P1-18-24	0	-
299	88.118490	88.235677	E#4	38	80	0	0	840	P1-18-23	0	-
300	88.492188	88.942708	E#5	63	80	0	0	844	P1-18-6	0	-
301	88.505208	88.673177	G#4	41	80	0	0	844	P1-18-26	0	-
302	88.511719	88.647135	E#4	37	80	0	0	844	P1-18-25	0	-
303	88.885417	89.139323	G#5	65	80	0	0	848	P1-18-7	0	-
304	88.903646	89.044271	G#4	43	80	0	0	848	P1-18-28	0	-
305	88.904948	89.089844	E#4	31	80	0	0	848	P1-18-27	0	-
306	89.279948	89.628906	B#4	53	80	0	0	852	P1-18-8	0	-
307	89.283854	89.679688	G#4	41	80	0	0	852	P1-18-30	0	-
308	89.285156	89.559896	E#4	33	80	0	0	852	P1-18-29	0	-
309	89.662760	89.782552	D5	49	80	0	0	856	P1-18-9	0	-
310	89.684896	89.878906	G#4	22	80	0	0	856	P1-18-32	0	-
311	89.690104	89.878906	E#4	19	80	0	0	856	P1-18-31	0	-
312	90.036458	90.165365	C#5	42	80	0	0	860	P1-18-10	0	-
313	90.042969	90.156250	G#4	34	80	0	0	860	P1-18-34	0	-
314	90.044271	90.145833	E#4	28	80	0	0	860	P1-18-33	0	-
315	90.445312	92.378906	C#5	35	80	0	0	864	P1-19-14	0	-
316	90.466146	91.339844	F#4	30	80	0	0	864	P1-19-16	0	-
317	90.847656	91.752604	A5	65	80	0	0	868	P1-19-3	0	-
318	91.255208	92.339844	E4	38	80	0	0	872	P1-19-17	0	-
319	91.692708	92.649740	G#5	64	80	0	0	876	P1-19-5	0	-
320	92.208333	95.628906	D4	35	80	0	0	880	P1-19-18	0	-
321	92.601562	93.179688	E#5	56	80	0	0	884	P1-19-7	0	-
322	92.998698	93.459635	F#5	61	80	0	0	888	P1-19-8	0	-
323	93.388021	94.269531	G#5	67	80	0	0	892	P1-19-9	0	-
324	93.816406	94.759115	B5	69	80	0	0	896	P1-19-10	0	-
325	93.872396	95.029948	B#4	36	80	0	0	896	P1-19-15	0	-
326	94.226562	94.677083	A5	67	80	0	0	900	P1-19-11	0	-
327	94.626302	95.209635	G#5	58	80	0	0	904	P1-19-12	0	-
328	95.032552	95.964844	F#5	52	80	0	0	908	P1-19-13	0	-
329	95.475260	96.598958	C#5	39	80	0	0	912	P1-20-11	0	-
330	95.497396	97.509115	C#4	23	80	0	0	912	P1-20-10	0	-
331	95.871094	96.579427	E#5	49	80	0	0	916	P1-20-3	0	-
332	96.347656	96.968750	G#5	44	80	0	0	920	P1-20-4	0	-
333	96.739583	97.218750	B#4	37	80	0	0	924	P1-20-5	0	-
334	97.144531	98.000000	C#5	46	80	0	0	928	P1-20-6	0	-
335	97.502604	97.968750	E#4	32	80	0	0	932	P1-20-13	0	-
336	97.884115	98.261719	G#4	53	80	0	0	936	P1-20-14	0	-
337	98.264323	98.694010	C#4	39	80	0	0	940	P1-20-15	0	-
338	98.664062	99.152344	D4	40	80	0	0	944	P1-20-16	0	-
339	99.033854	99.476562	G#3	40	80	0	0	948	P1-20-17	0	-
340	99.428385	99.979167	B3	35	80	0	0	952	P1-20-18	0	-
341	99.821615	100.158854	E#3	24	80	0	0	956	P1-20-19	0	-
342	100.281250	100.688802	F#3	24	80	0	0	960	P1-21-12	0	-
343	100.322917	102.139323	C#5	35	80	0	0	960	P1-21-2	0	-
344	100.825521	100.954427	A4	32	80	0	0	964	P1-21-14	0	-
345	100.837240	101.029948	F#4	24	80	0	0	964	P1-21-13	0	-
346	101.208333	101.358073	A4	35	80	0	0	968	P1-21-16	0	-
347	101.218750	101.352865	F#4	26	80	0	0	968	P1-21-15	0	-
348	101.604167	101.733073	A4	33	80	0	0	972	P1-21-18	0	-
349	101.614583	101.723958	F#4	27	80	0	0	972	P1-21-17	0	-
350	101.985677	102.095052	A4	32	80	0	0	976	P1-21-20	0	-
351	101.989583	102.092448	F#4	26	80	0	0	976	P1-21-19	0	-
352	102.345052	102.829427	F#5	53	80	0	0	980	P1-21-4	0	-
353	102.375000	102.519531	A4	34	80	0	0	980	P1-21-22	0	-
354	102.381510	102.529948	F#4	27	80	0	0	980	P1-21-21	0	-
355	102.721354	103.289062	A5	59	80	0	0	984	P1-21-5	0	-
356	102.743490	102.989583	A4	40	80	0	0	984	P1-21-24	0	-
357	102.744792	102.989583	F#4	32	80	0	0	984	P1-21-23	0	-
358	103.123698	103.628906	E#5	57	80	0	0	988	P1-21-6	0	-
359	103.134115	103.389323	A4	36	80	0	0	988	P1-21-26	0	-
360	103.135417	103.329427	F#4	29	80	0	0	988	P1-21-25	0	-
361	103.526042	103.919271	F#5	50	80	0	0	992	P1-21-7	0	-
362	103.527344	103.739583	A4	36	80	0	0	992	P1-21-28	0	-
363	103.533854	103.729167	F#4	34	80	0	0	992	P1-21-27	0	-
364	103.914062	104.359375	B#4	47	80	0	0	996	P1-21-8	0	-
365	103.916667	104.188802	A4	38	80	0	0	996	P1-21-30	0	-
366	103.916667	104.149740	F#4	34	80	0	0	996	P1-21-29	0	-
367	104.334635	104.669271	D5	43	80	0	0	1000	P1-21-9	0	-
368	104.335938	104.549479	A4	33	80	0	0	1000	P1-21-32	0	-
369	104.352865	104.529948	F#4	24	80	0	0	1000	P1-21-31	0	-
370	104.707031	104.833333	C#5	42	80	0	0	1004	P1-21-10	0	-
371	104.714844	104.938802	A4	28	80	0	0	1004	P1-21-34	0	-
372	104.721354	104.812500	F#4	26	80	0	0	1004	P1-21-33	0	-
373	105.170573	106.169271	C#5	39	80	0	0	1008	P1-22-2	0	-
374	105.175781	106.289062	E5	32	80	0	0	1012	*	3	-
375	105.177083	105.269531	G4	26	80	0	0	1012	*	3	-
376	105.178385	105.274740	E3	26	80	0	0	1012	*	3	-
377	105.186198	105.299479	E4	20	80	0	0	1012	*	3	-
378	105.574219	105.654948	G4	26	80	0	0	1012	P1-22-14	0	-
379	105.575521	105.653646	E4	25	80	0	0	1012	P1-22-13	0	-
380	105.947917	106.075521	G4	30	80	0	0	1016	P1-22-16	0	-
381	105.953125	106.070312	E4	27	80	0	0	1016	P1-22-15	0	-
382	106.317708	106.424479	G4	33	80	0	0	1020	P1-22-18	0	-
383	106.319010	106.419271	E4	30	80	0	0	1020	P1-22-17	0	-
384	106.694010	106.798177	G4	33	80	0	0	1024	P1-22-20	0	-
385	106.695312	106.794271	E4	28	80	0	0	1024	P1-22-19	0	-
386	107.059896	107.502604	G5	62	80	0	0	1028	P1-22-4	0	-
387	107.067708	107.186198	G4	36	80	0	0	1028	P1-22-22	0	-
388	107.075521	107.184896	E4	32	80	0	0	1028	P1-22-21	0	-
389	107.444010	107.819010	G4	39	80	0	0	1032	P1-22-24	0	-
390	107.445312	108.319010	B5	65	80	0	0	1032	P1-22-5	0	-
391	107.450521	107.628906	E4	35	80	0	0	1032	P1-22-23	0	-
392	107.819010	108.489583	E5	68	80	0	0	1036	P1-22-6	0	-
393	107.825521	108.139323	G4	43	80	0	0	1036	P1-22-26	0	-
394	107.826823	108.069010	E4	39	80	0	0	1036	P1-22-25	0	-
395	108.216146	108.718750	G5	67	80	0	0	1040	P1-22-7	0	-
396	108.222656	108.317708	E4	35	80	0	0	1040	P1-22-27	0	-
397	108.225260	108.239583	G3	33	80	0	0	1040	*	3	-
398	108.233073	108.389323	G4	37	80	0	0	1040	P1-22-28	0	-
399	108.575521	109.269531	B4	54	80	0	0	1044	P1-22-8	0	-
400	108.617188	108.809896	G4	34	80	0	0	1044	P1-22-30	0	-
401	108.621094	108.848958	E4	31	80	0	0	1044	P1-22-29	0	-
402	108.941406	109.438802	D5	61	80	0	0	1048	P1-22-9	0	-
403	108.946615	109.139323	G4	43	80	0	0	1048	P1-22-32	0	-
404	108.953125	109.109375	E4	36	80	0	0	1048	P1-22-31	0	-
405	109.312500	109.789062	C#5	59	80	0	0	1052	P1-22-10	0	-
406	109.312500	109.769531	G4	50	80	0	0	1052	P1-22-34	0	-
407	109.313802	109.799479	E4	39	80	0	0	1052	P1-22-33	0	-
408	109.712240	111.378906	F#4	37	80	0	0	1056	P1-23-14	0	-
409	109.713542	110.569010	A4	40	80	0	0	1056	P1-23-18	0	-
410	110.070312	110.779948	D5	64	80	0	0	1060	P1-23-3	0	-
411	110.492188	111.369792	C5	50	80	0	0	1064	P1-23-19	0	-
412	110.855469	111.750000	D#5	71	80	0	0	1068	P1-23-5	0	-
413	111.265625	112.500000	B4	52	80	0	0	1072	P1-23-15	0	-
414	111.266927	112.119792	G4	47	80	0	0	1072	P1-23-20	0	-
415	111.630208	112.096354	E5	77	80	0	0	1076	P1-23-7	0	-
416	112.044271	112.949219	D5	56	80	0	0	1080	P1-23-16	0	-
417	112.044271	112.968750	G#4	50	80	0	0	1080	P1-23-21	0	-
418	112.444010	113.269531	F5	74	80	0	0	1084	P1-23-9	0	-
419	112.856771	113.539062	A4	59	80	0	0	1088	P1-23-22	0	-
420	113.218750	113.839844	F#5	72	80	0	0	1092	P1-23-11	0	-
421	113.703125	114.125000	A5	71	80	0	0	1096	P1-23-12	0	-
422	113.704427	114.259115	A3	43	80	0	0	1096	P1-23-23	0	-
423	113.704427	114.569010	G4	45	80	0	0	1096	P1-23-17	0	-
424	114.115885	114.505208	C#5	65	80	0	0	1100	P1-23-13	0	-
425	114.506510	114.911458	F#4	50	80	0	0	1104	P1-24-28	0	-
426	114.507812	114.725260	D5	67	80	0	0	1104	P1-24-2	0	-
427	114.513021	114.769531	A3	42	80	0	0	1104	*	3	-
428	114.519531	117.639323	D4	44	80	0	0	1104	P1-24-26	0	-
429	114.686198	114.888021	E5	68	80	0	0	1106	P1-24-3	0	-
430	114.872396	114.924479	A4	61	80	0	0	1108	P1-24-29	0	-
431	114.872396	115.024740	D5	65	80	0	0	1108	P1-24-4	0	-
432	115.029948	115.184896	C#5	73	80	0	0	1110	P1-24-5	0	-
433	115.200521	115.384115	D5	67	80	0	0	1112	P1-24-6	0	-
434	115.203125	115.389323	A4	61	80	0	0	1112	P1-24-30	0	-
435	115.368490	115.535156	E5	78	80	0	0	1114	P1-24-7	0	-
436	115.536458	115.709635	A4	56	80	0	0	1116	P1-24-31	0	-
437	115.536458	115.704427	F#5	76	80	0	0	1116	P1-24-8	0	-
438	115.703125	115.904948	G5	76	80	0	0	1118	P1-24-9	0	-
439	115.885417	116.212240	F#4	48	80	0	0	1120	P1-24-32	0	-
440	115.885417	116.059896	A5	79	80	0	0	1120	P1-24-10	0	-
441	116.053385	116.229167	B5	79	80	0	0	1122	P1-24-11	0	-
442	116.223958	116.412760	A5	77	80	0	0	1124	P1-24-12	0	-
443	116.225260	116.389323	A4	58	80	0	0	1124	P1-24-33	0	-
444	116.394531	116.572917	G#5	82	80	0	0	1126	P1-24-13	0	-
445	116.563802	116.751302	A5	82	80	0	0	1128	P1-24-14	0	-
446	116.565104	116.704427	A4	61	80	0	0	1128	P1-24-34	0	-
447	116.725260	116.924479	B5	87	80	0	0	1130	P1-24-15	0	-
448	116.895833	117.096354	C#6	83	80	0	0	1132	P1-24-16	0	-
449	116.897135	117.109375	A4	62	80	0	0	1132	P1-24-35	0	-
450	117.066406	117.287760	D6	80	80	0	0	1134	P1-24-17	0	-
451	117.212240	118.239583	A3	51	80	0	0	1136	P1-24-27	0	-
452	117.244792	117.587240	G4	59	80	0	0	1136	P1-24-36	0	-
453	117.251302	117.433594	C#6	84	80	0	0	1136	P1-24-18	0	-
454	117.419271	117.610677	E6	80	80	0	0	1138	P1-24-19	0	-
455	117.584635	117.769531	A4	60	80	0	0	1140	P1-24-37	0	-
456	117.588542	117.753906	C#6	76	80	0	0	1140	P1-24-20	0	-
457	117.753906	117.932292	A5	75	80	0	0	1142	P1-24-21	0	-
458	117.924479	118.100260	G5	70	80	0	0	1144	P1-24-22	0	-
459	117.925781	118.119792	A4	51	80	0	0	1144	P1-24-38	0	-
460	118.096354	118.265625	A5	72	80	0	0	1146	P1-24-23	0	-
461	118.264323	118.401042	G5	65	80	0	0	1148	P1-24-24	0	-
462	118.265625	118.324219	A4	49	80	0	0	1148	P1-24-39	0	-
463	118.429688	118.652344	E5	70	80	0	0	1150	P1-24-25	0	-
464	118.615885	118.787760	D5	65	80	0	0	1152	P1-25-2	0	-
465	118.622396	118.908854	F#4	47	80	0	0	1152	P1-25-28	0	-
466	118.634115	121.658854	D4	42	80	0	0	1152	P1-25-26	0	-
467	118.796875	118.976562	E5	71	80	0	0	1154	P1-25-3	0	-
468	118.954427	119.023438	A4	56	80	0	0	1156	P1-25-29	0	-
469	118.955729	119.113281	D5	65	80	0	0	1156	P1-25-4	0	-
470	119.125000	119.273438	C#5	67	80	0	0	1158	P1-25-5	0	-
471	119.294271	119.472656	D5	64	80	0	0	1160	P1-25-6	0	-
472	119.303385	119.372396	A4	58	80	0	0	1160	P1-25-30	0	-
473	119.464844	119.622396	E5	75	80	0	0	1162	P1-25-7	0	-
474	119.630208	119.709635	A4	55	80	0	0	1164	P1-25-31	0	-
475	119.630208	119.782552	F#5	76	80	0	0	1164	P1-25-8	0	-
476	119.794271	119.993490	G5	75	80	0	0	1166	P1-25-9	0	-
477	119.975260	120.141927	A5	78	80	0	0	1168	P1-25-10	0	-
478	119.977865	120.324219	F#4	49	80	0	0	1168	P1-25-32	0	-
479	120.126302	120.312500	B5	79	80	0	0	1170	P1-25-11	0	-
480	120.300781	120.480469	A5	78	80	0	0	1172	P1-25-12	0	-
481	120.303385	120.368490	A4	60	80	0	0	1172	P1-25-33	0	-
482	120.459635	120.643229	G#5	80	80	0	0	1174	P1-25-13	0	-
483	120.634115	120.856771	A5	78	80	0	0	1176	P1-25-14	0	-
484	120.634115	120.759115	A4	62	80	0	0	1176	P1-25-34	0	-
485	120.802083	120.992188	B5	80	80	0	0	1178	P1-25-15	0	-
486	120.975260	121.035156	A4	59	80	0	0	1180	P1-25-35	0	-
487	120.975260	121.177083	C#6	81	80	0	0	1180	P1-25-16	0	-
488	121.136719	121.352865	D6	77	80	0	0	1182	P1-25-17	0	-
489	121.320312	121.503906	C#6	86	80	0	0	1184	P1-25-18	0	-
490	121.321615	122.065104	A3	58	80	0	0	1184	P1-25-27	0	-
491	121.322917	121.671875	G4	60	80	0	0	1184	P1-25-36	0	-
492	121.486979	121.695312	E6	79	80	0	0	1186	P1-25-19	0	-
493	121.658854	121.822917	C#6	75	80	0	0	1188	P1-25-20	0	-
494	121.660156	121.750000	A4	62	80	0	0	1188	P1-25-37	0	-
495	121.821615	122.003906	A5	73	80	0	0	1190	P1-25-21	0	-
496	121.992188	122.165365	G5	69	80	0	0	1192	P1-25-22	0	-
497	121.994792	122.052083	A4	53	80	0	0	1192	P1-25-38	0	-
498	122.170573	122.322917	A5	70	80	0	0	1194	P1-25-23	0	-
499	122.313802	122.345052	A4	52	80	0	0	1196	P1-25-39	0	-
500	122.324219	122.466146	G5	58	80	0	0	1196	P1-25-24	0	-
501	122.486979	122.671875	E5	60	80	0	0	1198	P1-25-25	0	-
502	122.665365	123.779948	D5	59	80	0	0	1200	P1-26-2	0	-
503	122.833333	123.020833	D3	48	80	0	0	1202	P1-26-7	0	-
504	123.014323	123.213542	E3	47	80	0	0	1204	P1-26-8	0	-
505	123.173177	123.399740	F#3	54	80	0	0	1206	P1-26-9	0	-
506	123.354167	123.484375	G3	55	80	0	0	1208	P1-26-10	0	-
507	123.505208	123.725260	A3	57	80	0	0	1210	P1-26-11	0	-
508	123.678385	123.868490	B3	63	80	0	0	1212	P1-26-12	0	-
509	123.847656	124.000000	C#4	59	80	0	0	1214	P1-26-13	0	-
510	124.006510	124.175781	D4	58	80	0	0	1216	P1-26-14	0	-
511	124.164062	124.322917	C#4	56	80	0	0	1218	P1-26-15	0	-
512	124.325521	124.483073	E4	62	80	0	0	1220	P1-26-16	0	-
513	124.485677	124.805990	D4	55	80	0	0	1222	P1-26-17	0	-
514	124.656250	124.816406	F#4	63	80	0	0	1224	P1-26-18	0	-
515	124.819010	124.962240	E4	58	80	0	0	1226	P1-26-19	0	-
516	124.973958	125.132812	G4	61	80	0	0	1228	P1-26-20	0	-
517	125.138021	125.283854	F#4	70	80	0	0	1230	P1-26-21	0	-
518	125.289062	125.440104	A4	64	80	0	0	1232	P1-26-22	0	-
519	125.442708	125.686198	G#4	62	80	0	0	1234	P1-26-23	0	-
520	125.613281	125.778646	C5	65	80	0	0	1236	P1-26-24	0	-
521	125.774740	125.954427	B4	59	80	0	0	1238	P1-26-25	0	-
522	125.945312	126.079427	A4	61	80	0	0	1240	P1-26-26	0	-
523	126.108073	126.268229	G4	55	80	0	0	1242	P1-26-27	0	-
524	126.272135	126.429688	F#4	59	80	0	0	1244	P1-26-28	0	-
525	126.450521	126.614583	E4	51	80	0	0	1246	P1-26-29	0	-
526	126.628906	127.869792	D#4	51	80	0	0	1248	P1-27-27	0	-
527	126.798177	127.007812	B4	56	80	0	0	1250	P1-27-3	0	-
528	126.972656	127.122396	C#5	59	80	0	0	1252	P1-27-4	0	-
529	127.132812	127.282552	D#5	71	80	0	0	1254	P1-27-5	0	-
530	127.294271	127.481771	E5	72	80	0	0	1256	P1-27-6	0	-
531	127.451823	127.674479	F#5	72	80	0	0	1258	P1-27-7	0	-
532	127.619792	127.924479	G#5	72	80	0	0	1260	P1-27-8	0	-
533	127.777344	127.925781	A#5	76	80	0	0	1262	P1-27-9	0	-
534	127.928385	128.093750	B5	81	80	0	0	1264	P1-27-10	0	-
535	128.091146	128.281250	A5	79	80	0	0	1266	P1-27-11	0	-
536	128.250000	128.416667	C6	75	80	0	0	1268	P1-27-12	0	-
537	128.421875	128.574219	B5	80	80	0	0	1270	P1-27-13	0	-
538	128.576823	128.731771	A5	78	80	0	0	1272	P1-27-14	0	-
539	128.742188	128.897135	G5	68	80	0	0	1274	P1-27-15	0	-
540	128.898438	129.053385	F#5	70	80	0	0	1276	P1-27-16	0	-
541	129.063802	129.214844	E5	64	80	0	0	1278	P1-27-17	0	-
542	129.225260	129.391927	D#5	66	80	0	0	1280	P1-27-18	0	-
543	129.384115	129.548177	E5	62	80	0	0	1282	P1-27-19	0	-
544	129.557292	129.804688	F#5	63	80	0	0	1284	P1-27-20	0	-
545	129.713542	129.876302	E5	59	80	0	0	1286	P1-27-21	0	-
546	129.886719	130.014323	D#5	64	80	0	0	1288	P1-27-22	0	-
547	130.041667	130.197917	C5	62	80	0	0	1290	P1-27-23	0	-
548	130.197917	130.397135	B4	59	80	0	0	1292	P1-27-24	0	-
549	130.369792	130.609375	A4	57	80	0	0	1294	P1-27-25	0	-
550	130.598958	131.399740	G4	57	80	0	0	1296	P1-28-2	0	-
551	130.791667	131.122396	E3	55	80	0	0	1298	P1-28-7	0	-
552	130.972656	131.126302	F#3	56	80	0	0	1300	P1-28-8	0	-
553	131.131510	131.365885	G3	64	80	0	0	1302	P1-28-9	0	-
554	131.305990	131.462240	A3	64	80	0	0	1304	P1-28-10	0	-
555	131.454427	131.623698	B3	65	80	0	0	1306	P1-28-11	0	-
556	131.613281	131.864583	C#4	61	80	0	0	1308	P1-28-12	0	-
557	131.783854	131.938802	D#4	66	80	0	0	1310	P1-28-13	0	-
558	131.944010	132.105469	E4	66	80	0	0	1312	P1-28-14	0	-
559	132.102865	132.332031	D#4	60	80	0	0	1314	P1-28-15	0	-
560	132.290365	132.591146	F#4	65	80	0	0	1316	P1-28-16	0	-
561	132.432292	132.602865	E4	63	80	0	0	1318	P1-28-17	0	-
562	132.617188	132.785156	G4	64	80	0	0	1320	P1-28-18	0	-
563	132.783854	132.985677	F#4	64	80	0	0	1322	P1-28-19	0	-
564	132.954427	133.119792	A4	64	80	0	0	1324	P1-28-20	0	-
565	133.105469	133.269531	G4	64	80	0	0	1326	P1-28-21	0	-
566	133.283854	133.442708	B4	64	80	0	0	1328	P1-28-22	0	-
567	133.446615	133.606771	A#4	63	80	0	0	1330	P1-28-23	0	-
568	133.617188	133.792969	D5	66	80	0	0	1332	P1-28-24	0	-
569	133.774740	133.958333	C#5	67	80	0	0	1334	P1-28-25	0	-
570	133.936198	134.084635	B4	61	80	0	0	1336	P1-28-26	0	-
571	134.106771	134.277344	A4	64	80	0	0	1338	P1-28-27	0	-
572	134.263021	134.475260	G#4	60	80	0	0	1340	P1-28-28	1	-
573	134.416667	134.619792	F#4	66	80	0	0	1342	P1-28-29	0	-
574	134.623698	136.000000	E#4	67	80	0	0	1344	P1-29-27	0	-
575	134.798177	134.975260	C#5	65	80	0	0	1346	P1-29-3	0	-
576	134.954427	135.095052	D#5	71	80	0	0	1348	P1-29-4	0	-
577	135.106771	135.303385	E#5	72	80	0	0	1350	P1-29-5	0	-
578	135.265625	135.457031	F#5	79	80	0	0	1352	P1-29-6	0	-
579	135.432292	135.625000	G#5	78	80	0	0	1354	P1-29-7	0	-
580	135.591146	135.694010	A#5	77	80	0	0	1356	P1-29-8	0	-
581	135.744792	135.912760	B#5	79	80	0	0	1358	P1-29-9	0	-
582	135.912760	136.113281	C#6	84	80	0	0	1360	P1-29-10	0	-
583	136.063802	136.253906	B5	83	80	0	0	1362	P1-29-11	0	-
584	136.229167	136.559896	D6	80	80	0	0	1364	P1-29-12	0	-
585	136.388021	136.565104	C#6	85	80	0	0	1366	P1-29-13	0	-
586	136.545573	136.714844	B5	81	80	0	0	1368	P1-29-14	0	-
587	136.710938	136.884115	A5	78	80	0	0	1370	P1-29-15	0	-
588	136.868490	137.131510	G#5	77	80	0	0	1372	P1-29-16	0	-
589	137.033854	137.212240	F#5	80	80	0	0	1374	P1-29-17	0	-
590	137.194010	137.369792	E#5	76	80	0	0	1376	P1-29-18	0	-
591	137.348958	137.535156	F#5	78	80	0	0	1378	P1-29-19	0	-
592	137.516927	137.822917	G#5	70	80	0	0	1380	P1-29-20	0	-
593	137.673177	137.828125	F#5	75	80	0	0	1382	P1-29-21	0	-
594	137.834635	137.963542	E#5	70	80	0	0	1384	P1-29-22	0	-
595	137.998698	138.154948	D5	67	80	0	0	1386	P1-29-23	0	-
596	138.147135	138.321615	C#5	69	80	0	0	1388	P1-29-24	0	-
597	138.308594	138.464844	B4	62	80	0	0	1390	P1-29-25	0	-
598	138.481771	138.654948	A4	66	80	0	0	1392	P1-30-2	0	-
599	138.483073	139.479167	F#3	51	80	0	0	1392	P1-30-27	0	-
600	138.652344	138.808594	F#4	69	80	0	0	1394	P1-30-3	0	-
601	138.816406	138.970052	G#4	69	80	0	0	1396	P1-30-4	0	-
602	138.972656	139.213542	A4	70	80	0	0	1398	P1-30-5	0	-
603	139.136719	139.302083	B4	70	80	0	0	1400	P1-30-6	0	-
604	139.296875	139.446615	C#5	75	80	0	0	1402	P1-30-7	0	-
605	139.455729	139.604167	D#5	75	80	0	0	1404	P1-30-8	0	-
606	139.618490	139.833333	E#5	77	80	0	0	1406	P1-30-9	0	-
607	139.772135	141.128906	B3	56	80	0	0	1408	P1-30-29	0	-
608	139.799479	141.218750	D#3	49	80	0	0	1408	P1-30-28	0	-
609	139.799479	139.988281	F#5	79	80	0	0	1408	P1-30-10	0	-
610	139.954427	140.269531	G#5	80	80	0	0	1410	P1-30-11	0	-
611	140.121094	140.300781	F#5	85	80	0	0	1412	P1-30-12	0	-
612	140.278646	140.457031	E#5	79	80	0	0	1414	P1-30-13	0	-
613	140.438802	140.626302	F#5	78	80	0	0	1416	P1-30-14	0	-
614	140.598958	140.919271	G#5	75	80	0	0	1418	P1-30-15	0	-
615	140.768229	140.930990	F#5	67	80	0	0	1420	P1-30-16	0	-
616	140.934896	141.110677	E#5	66	80	0	0	1422	P1-30-17	0	-
617	141.089844	142.699219	B#3	46	80	0	0	1424	P1-30-31	0	-
618	141.097656	141.307292	F#5	66	80	0	0	1424	P1-30-18	0	-
619	141.105469	142.718750	D3	43	80	0	0	1424	P1-30-30	0	-
620	141.274740	141.459635	G#5	68	80	0	0	1426	P1-30-19	0	-
621	141.446615	141.634115	A5	60	80	0	0	1428	P1-30-20	0	-
622	141.613281	141.834635	G#5	60	80	0	0	1430	P1-30-21	0	-
623	141.824219	142.158854	B5	60	80	0	0	1432	P1-30-22	0	-
624	142.006510	142.204427	A5	55	80	0	0	1434	P1-30-23	0	-
625	142.187500	142.361979	G#5	58	80	0	0	1436	P1-30-24	0	-
626	142.360677	142.598958	F#5	56	80	0	0	1438	P1-30-25	0	-
627	142.574219	142.813802	E#5	55	80	0	0	1440	P1-31-2	0	-
628	142.583333	144.250000	C#3	32	80	0	0	1440	P1-31-23	0	-
629	142.805990	142.981771	F#5	51	80	0	0	1442	P1-31-3	0	-
630	142.985677	143.158854	G#5	52	80	0	0	1444	P1-31-4	0	-
631	143.152344	143.317708	F#5	51	80	0	0	1446	P1-31-5	0	-
632	143.332031	143.483073	E#5	55	80	0	0	1448	P1-31-6	0	-
633	143.494792	143.664062	D#5	59	80	0	0	1450	P1-31-7	0	-
634	143.671875	143.817708	C#5	56	80	0	0	1452	P1-31-8	0	-
635	143.833333	144.005208	B#4	52	80	0	0	1454	P1-31-9	0	-
636	143.998698	144.205729	C#5	57	80	0	0	1456	P1-31-10	0	-
637	144.184896	144.342448	B4	42	80	0	0	1458	P1-31-11	0	-
638	144.363281	144.523438	D5	45	80	0	0	1460	P1-31-12	0	-
639	144.519531	144.734375	C#5	50	80	0	0	1462	P1-31-13	0	-
640	144.704427	144.851562	B4	48	80	0	0	1464	P1-31-14	0	-
641	144.882812	145.046875	A4	46	80	0	0	1466	P1-31-15	0	-
642	145.057292	145.303385	G#4	44	80	0	0	1468	P1-31-16	0	-
643	145.231771	145.414062	F#4	39	80	0	0	1470	P1-31-17	0	-
644	145.425781	145.651042	E#4	34	80	0	0	1472	P1-31-18	0	-
645	145.595052	145.779948	D4	33	80	0	0	1474	P1-31-27	0	-
646	145.786458	145.938802	C#4	37	80	0	0	1476	P1-31-28	0	-
647	145.954427	146.144531	B#3	41	80	0	0	1478	P1-31-29	0	-
648	146.161458	146.367188	C#4	35	80	0	0	1480	P1-31-30	0	-
649	146.361979	146.533854	B3	39	80	0	0	1482	P1-31-31	0	-
650	146.554688	146.726562	A3	34	80	0	0	1484	P1-31-32	0	-
651	146.753906	147.123698	G#3	29	80	0	0	1486	P1-31-33	0	-
652	147.108073	147.559896	F#3	21	80	0	0	1488	P1-32-12	0	-
653	147.147135	148.468750	C#5	37	80	0	0	1488	P1-32-2	0	-
654	147.851562	148.002604	A4	28	80	0	0	1492	P1-32-14	0	-
655	147.863281	147.984375	F#4	20	80	0	0	1492	P1-32-13	0	-
656	148.243490	148.354167	A4	32	80	0	0	1496	P1-32-16	0	-
657	148.255208	148.658854	F#4	19	80	0	0	1496	P1-32-15	0	-
658	148.623698	148.768229	A4	32	80	0	0	1500	P1-32-18	0	-
659	148.673177	148.763021	F#4	11	80	0	0	1500	P1-32-17	0	-
660	148.994792	149.114583	A4	29	80	0	0	1504	P1-32-20	0	-
661	149.020833	149.106771	F#4	14	80	0	0	1504	P1-32-19	0	-
662	149.423177	149.908854	F#5	47	80	0	0	1508	P1-32-4	0	-
663	149.433594	149.658854	A4	29	80	0	0	1508	P1-32-22	0	-
664	149.441406	149.669271	F#4	25	80	0	0	1508	P1-32-21	0	-
665	149.873698	150.119792	A4	38	80	0	0	1512	P1-32-24	0	-
666	149.875000	150.329427	A5	57	80	0	0	1512	P1-32-5	0	-
667	149.877604	149.889323	F#2	28	80	0	0	-1	*	3	-
668	149.881510	150.399740	F#4	29	80	0	0	1512	P1-32-23	0	-
669	150.269531	150.468750	A4	40	80	0	0	1516	P1-32-26	0	-
670	150.269531	150.769531	E#5	59	80	0	0	1516	P1-32-6	0	-
671	150.274740	150.339844	F#2	32	80	0	0	-1	*	3	-
672	150.279948	150.408854	F#3	30	80	0	0	1516	P1-32-25	1	-
673	150.674479	151.149740	F#5	51	80	0	0	1520	P1-32-7	0	-
674	150.677083	150.889323	A4	40	80	0	0	1520	P1-32-28	0	-
675	150.683594	150.688802	F2	31	80	0	0	-1	*	3	-
676	151.055990	151.639323	B#4	49	80	0	0	1524	P1-32-8	0	-
677	151.061198	151.279948	A4	35	80	0	0	1524	P1-32-30	0	-
678	151.061198	151.348958	F#4	32	80	0	0	1524	P1-32-29	0	-
679	151.475260	151.908854	D5	46	80	0	0	1528	P1-32-9	0	-
680	151.480469	151.679688	A4	31	80	0	0	1528	P1-32-32	0	-
681	151.842448	151.953125	A4	30	80	0	0	1532	P1-32-34	0	-
682	151.888021	152.059896	C#5	34	80	0	0	1532	P1-32-10	0	-
683	152.347656	153.579427	C#5	39	80	0	0	1536	P1-33-2	0	-
684	152.351562	152.473958	E#3	24	80	0	0	1536	P1-33-12	0	-
685	152.773438	152.867188	G#4	31	80	0	0	1540	P1-33-14	0	-
686	152.774740	152.864583	E#4	25	80	0	0	1540	P1-33-13	0	-
687	153.162760	153.272135	E#4	28	80	0	0	1544	P1-33-15	0	-
688	153.164062	153.273438	G#4	32	80	0	0	1544	P1-33-16	0	-
689	153.523438	153.644531	G#4	36	80	0	0	1548	P1-33-18	0	-
690	153.524740	153.636719	E#4	30	80	0	0	1548	P1-33-17	0	-
691	153.911458	153.984375	G#4	38	80	0	0	1552	P1-33-20	0	-
692	153.914062	153.984375	E#4	27	80	0	0	1552	P1-33-19	0	-
693	154.283854	154.809896	G#5	56	80	0	0	1556	P1-33-4	0	-
694	154.299479	154.519531	G#4	34	80	0	0	1556	P1-33-22	0	-
695	154.304688	154.569010	E#4	23	80	0	0	1556	P1-33-21	0	-
696	154.686198	154.794271	G#4	39	80	0	0	1560	P1-33-24	0	-
697	154.687500	155.299479	B5	66	80	0	0	1560	P1-33-5	0	-
698	154.694010	154.859375	E#4	34	80	0	0	1560	P1-33-23	0	-
699	155.053385	155.479167	E#5	59	80	0	0	1564	P1-33-6	0	-
700	155.062500	155.214844	G#4	40	80	0	0	1564	P1-33-26	0	-
701	155.063802	155.194010	E#4	35	80	0	0	1564	P1-33-25	0	-
702	155.434896	155.619792	E#4	32	80	0	0	1568	P1-33-27	0	-
703	155.437500	155.567708	G#5	60	80	0	0	1568	P1-33-7	0	-
704	155.442708	155.558594	G#4	43	80	0	0	1568	P1-33-28	0	-
705	155.833333	156.098958	B#4	51	80	0	0	1572	P1-33-8	0	-
706	155.834635	156.128906	E#4	31	80	0	0	1572	P1-33-29	0	-
707	155.837240	155.945312	G#4	41	80	0	0	1572	P1-33-30	0	-
708	156.238281	156.649740	D5	40	80	0	0	1576	P1-33-9	0	-
709	156.252604	156.628906	G#4	28	80	0	0	1576	P1-33-32	0	-
710	156.259115	156.619792	E#4	16	80	0	0	1576	P1-33-31	0	-
711	156.625000	156.714844	E#4	23	80	0	0	1580	P1-33-33	0	-
712	156.634115	156.734375	G#4	27	80	0	0	1580	P1-33-34	0	-
713	156.634115	156.743490	C#5	39	80	0	0	1580	P1-33-10	0	-
714	157.106771	160.039062	C#5	32	80	0	0	1584	P1-34-14	0	-
715	157.115885	158.069010	F#4	24	80	0	0	1584	P1-34-16	0	-
716	157.542969	158.440104	A5	57	80	0	0	1588	P1-34-3	0	-
717	157.964844	159.009115	E4	28	80	0	0	1592	P1-34-17	0	-
718	158.385417	159.269531	G#5	62	80	0	0	1596	P1-34-5	0	-
719	158.855469	162.209635	D4	28	80	0	0	1600	P1-34-18	0	-
720	159.230469	159.769531	E#5	53	80	0	0	1604	P1-34-7	0	-
721	159.615885	160.059896	F#5	58	80	0	0	1608	P1-34-8	0	-
722	159.973958	160.430990	G#5	67	80	0	0	1612	P1-34-9	0	-
723	160.380208	161.089844	B5	61	80	0	0	1616	P1-34-10	0	-
724	160.399740	161.968750	B#4	46	80	0	0	1616	P1-34-15	0	-
725	160.783854	161.201823	A5	59	80	0	0	1620	P1-34-11	0	-
726	161.180990	161.643229	G#5	45	80	0	0	1624	P1-34-12	0	-
727	161.615885	162.575521	F#5	46	80	0	0	1628	P1-34-13	0	-
728	162.123698	163.158854	C#5	34	80	0	0	1632	P1-35-11	0	-
729	162.128906	163.759115	C#4	22	80	0	0	1632	P1-35-10	0	-
730	162.506510	162.980469	E#5	46	80	0	0	1636	P1-35-3	0	-
731	162.925781	163.438802	G#5	42	80	0	0	1640	P1-35-4	0	-
732	163.305990	163.704427	B#4	44	80	0	0	1644	P1-35-5	0	-
733	163.699219	164.214844	C#5	41	80	0	0	1648	P1-35-6	0	-
734	164.076823	164.527344	E#4	32	80	0	0	1652	P1-35-13	0	-
735	164.440104	164.841146	G#4	50	80	0	0	1656	P1-35-14	0	-
736	164.811198	165.207031	C#4	41	80	0	0	1660	P1-35-15	0	-
737	165.204427	165.648438	D4	39	80	0	0	1664	P1-35-16	0	-
738	165.558594	165.993490	G#3	36	80	0	0	1668	P1-35-17	0	-
739	165.929688	166.479167	B3	32	80	0	0	1672	P1-35-18	0	-
740	166.307292	166.750000	E#3	28	80	0	0	1676	P1-35-19	0	-
741	166.713542	167.128906	F#3	31	80	0	0	1680	P1-36-12	0	-
742	166.753906	168.549479	C#5	43	80	0	0	1680	P1-36-2	0	-
743	167.234375	167.356771	A4	27	80	0	0	1684	P1-36-14	0	-
744	167.621094	167.742188	A4	36	80	0	0	1688	P1-36-16	0	-
745	167.635417	167.735677	F#4	22	80	0	0	1688	P1-36-15	0	-
746	167.994792	168.092448	A4	30	80	0	0	1692	P1-36-18	0	-
747	168.000000	168.188802	F#4	26	80	0	0	1692	P1-36-17	0	-
748	168.391927	168.545573	A4	43	80	0	0	1696	P1-36-20	0	-
749	168.394531	168.544271	F#4	31	80	0	0	1696	P1-36-19	0	-
750	168.766927	169.259115	F#5	53	80	0	0	1700	P1-36-4	0	-
751	168.792969	168.923177	A4	34	80	0	0	1700	P1-36-22	0	-
752	168.794271	168.933594	F#4	27	80	0	0	1700	P1-36-21	0	-
753	169.174479	169.351562	A4	41	80	0	0	1704	P1-36-24	0	-
754	169.174479	169.343750	F#4	31	80	0	0	1704	P1-36-23	0	-
755	169.175781	169.679688	A5	57	80	0	0	1704	P1-36-5	0	-
756	169.565104	170.039062	E#5	60	80	0	0	1708	P1-36-6	0	-
757	169.572917	169.789062	A4	40	80	0	0	1708	P1-36-26	0	-
758	169.574219	169.665365	F#4	37	80	0	0	1708	P1-36-25	0	-
759	169.953125	170.438802	F#5	60	80	0	0	1712	P1-36-7	0	-
760	169.954427	170.149740	A4	44	80	0	0	1712	P1-36-28	0	-
761	169.954427	170.149740	F#4	38	80	0	0	1712	P1-36-27	0	-
762	170.312500	170.739583	B#4	55	80	0	0	1716	P1-36-8	0	-
763	170.325521	170.549479	A4	44	80	0	0	1716	P1-36-30	0	-
764	170.329427	170.519531	F#4	36	80	0	0	1716	P1-36-29	0	-
765	170.699219	170.800781	A4	43	80	0	0	1720	P1-36-32	0	-
766	170.704427	170.809896	F#4	32	80	0	0	1720	P1-36-31	0	-
767	170.704427	171.109375	D5	48	80	0	0	1720	P1-36-9	0	-
768	171.057292	171.164062	C#5	62	80	0	0	1724	P1-36-10	0	-
769	171.066406	171.143229	A4	45	80	0	0	1724	P1-36-34	0	-
770	171.075521	171.147135	F#4	34	80	0	0	1724	P1-36-33	0	-
771	171.080729	171.089844	F#3	29	80	0	0	1724	*	3	-
772	171.477865	172.209635	C#5	53	80	0	0	1728	P1-37-2	0	-
773	171.480469	171.625000	E3	32	80	0	0	1728	P1-37-12	0	-
774	171.483073	171.489583	G4	40	80	0	0	1728	*	3	-
775	171.875000	172.006510	E4	38	80	0	0	1732	P1-37-13	0	-
776	171.878906	172.007812	G4	40	80	0	0	1732	P1-37-14	0	-
777	172.247396	172.386719	G4	51	80	0	0	1736	P1-37-16	0	-
778	172.252604	172.384115	E4	45	80	0	0	1736	P1-37-15	0	-
779	172.281250	172.348958	E3	26	80	0	0	1736	*	3	-
780	172.623698	172.776042	G4	45	80	0	0	1740	P1-37-18	0	-
781	172.634115	172.763021	E4	37	80	0	0	1740	P1-37-17	0	-
782	173.005208	173.378906	G4	53	80	0	0	1744	P1-37-20	0	-
783	173.011719	173.378906	E4	44	80	0	0	1744	P1-37-19	0	-
784	173.384115	173.882812	G5	74	80	0	0	1748	P1-37-4	0	-
785	173.388021	173.819010	E4	36	80	0	0	1748	P1-37-21	0	-
786	173.394531	173.399740	G3	37	80	0	0	-1	*	3	-
787	173.394531	174.023438	G4	41	80	0	0	1748	P1-37-22	0	-
788	173.843750	174.658854	A#5	76	80	0	0	1752	P1-37-5	0	-
789	173.861979	174.028646	E4	37	80	0	0	1752	P1-37-23	0	-
790	174.239583	174.779948	E5	70	80	0	0	1756	P1-37-6	0	-
791	174.247396	174.519531	G4	43	80	0	0	1756	P1-37-26	0	-
792	174.251302	174.589844	E4	41	80	0	0	1756	P1-37-25	0	-
793	174.643229	175.259115	G5	72	80	0	0	1760	P1-37-7	0	-
794	174.647135	174.658854	G3	41	80	0	0	1760	*	3	-
795	174.653646	175.039062	E4	39	80	0	0	1760	P1-37-27	0	-
796	174.653646	174.859375	G4	47	80	0	0	1760	P1-37-28	0	-
797	175.031250	175.489583	C#5	65	80	0	0	1764	P1-37-8	0	-
798	175.039062	175.429688	G4	45	80	0	0	1764	P1-37-30	0	-
799	175.044271	175.419271	E4	34	80	0	0	1764	P1-37-29	0	-
800	175.421875	176.049479	E5	65	80	0	0	1768	P1-37-9	0	-
801	175.430990	175.438802	G3	33	80	0	0	-1	*	3	-
802	175.433594	175.829427	E4	34	80	0	0	1768	P1-37-31	0	-
803	175.437500	176.218750	G4	38	80	0	0	1768	P1-37-32	0	-
804	175.834635	176.319010	A#4	55	80	0	0	1772	P1-37-10	0	-
805	175.843750	176.378906	E4	32	80	0	0	1772	P1-37-33	0	-
806	175.843750	175.848958	G3	31	80	0	0	-1	*	3	-
807	176.302083	177.152344	D#4	40	80	0	0	1776	P1-38-18	0	-
808	176.312500	179.039062	F#4	38	80	0	0	1776	P1-38-14	0	-
809	176.709635	177.718750	B4	59	80	0	0	1780	P1-38-3	0	-
810	177.135417	178.239583	D4	47	80	0	0	1784	P1-38-19	0	-
811	177.563802	178.539062	B#4	60	80	0	0	1788	P1-38-5	0	-
812	178.076823	179.019531	C#4	33	80	0	0	1792	P1-38-20	0	-
813	178.506510	178.993490	C#5	50	80	0	0	1796	P1-38-7	0	-
814	178.940104	179.291667	F#5	59	80	0	0	1800	P1-38-8	0	-
815	179.354167	179.845052	A4	51	80	0	0	1804	P1-38-9	0	-
816	179.798177	180.718750	A3	33	80	0	0	1808	P1-38-22	0	-
817	179.802083	180.789062	C#5	52	80	0	0	1808	P1-38-10	0	-
818	179.812500	181.959635	C#3	28	80	0	0	1808	P1-38-17	0	-
819	180.235677	180.772135	F#4	38	80	0	0	1812	P1-38-11	0	-
820	180.694010	181.149740	G#3	29	80	0	0	1816	P1-38-23	0	-
821	180.694010	181.117188	B4	39	80	0	0	1816	P1-38-12	0	-
822	181.148438	181.799479	E#4	33	80	0	0	1820	P1-38-13	0	-
823	181.699219	182.203125	F#4	37	80	0	0	1824	P1-39-2	0	-
824	181.703125	182.269531	A3	31	80	0	0	1824	P1-39-27	0	-
825	181.707031	183.489583	F#3	28	80	0	0	1824	P1-39-25	0	-
826	182.145833	182.296875	G#4	44	80	0	0	1828	P1-39-3	0	-
827	182.151042	182.299479	C#4	29	80	0	0	1828	P1-39-28	0	-
828	182.308594	182.575521	A4	49	80	0	0	1830	P1-39-4	0	-
829	182.494792	182.664062	B4	49	80	0	0	1832	P1-39-5	0	-
830	182.501302	182.613281	C#4	34	80	0	0	1832	P1-39-29	0	-
831	182.666667	182.820312	C#5	58	80	0	0	1834	P1-39-6	0	-
832	182.854167	183.018229	D#5	62	80	0	0	1836	P1-39-7	0	-
833	182.861979	183.250000	C#4	37	80	0	0	1836	P1-39-30	0	-
834	183.033854	183.214844	E#5	63	80	0	0	1838	P1-39-8	0	-
835	183.195312	183.545573	A3	46	80	0	0	1840	P1-39-31	0	-
836	183.204427	183.412760	F#5	63	80	0	0	1840	P1-39-9	0	-
837	183.391927	183.566406	G#5	70	80	0	0	1842	P1-39-10	0	-
838	183.557292	183.665365	C#4	42	80	0	0	1844	P1-39-32	0	-
839	183.558594	183.755208	A5	70	80	0	0	1844	P1-39-11	0	-
840	183.723958	183.917969	B5	78	80	0	0	1846	P1-39-12	0	-
841	183.902344	184.063802	C#6	78	80	0	0	1848	P1-39-13	0	-
842	183.910156	184.020833	C#4	42	80	0	0	1848	P1-39-33	0	-
843	184.072917	184.269531	A5	75	80	0	0	1850	P1-39-14	0	-
844	184.242188	184.533854	G#5	77	80	0	0	1852	P1-39-15	0	-
845	184.243490	184.325521	C#4	44	80	0	0	1852	P1-39-34	0	-
846	184.421875	184.598958	F#5	75	80	0	0	1854	P1-39-16	0	-
847	184.578125	184.989583	B3	46	80	0	0	1856	P1-39-35	0	-
848	184.583333	185.819010	C#3	44	80	0	0	1856	P1-39-26	0	-
849	184.591146	184.812500	E#5	70	80	0	0	1856	P1-39-17	0	-
850	184.772135	184.953125	G#5	71	80	0	0	1858	P1-39-18	0	-
851	184.954427	185.082031	E#5	70	80	0	0	1860	P1-39-19	0	-
852	184.955729	185.044271	C#4	42	80	0	0	1860	P1-39-36	0	-
853	185.114583	185.253906	C#5	71	80	0	0	1862	P1-39-20	0	-
854	185.283854	185.457031	B4	63	80	0	0	1864	P1-39-21	0	-
855	185.286458	185.404948	C#4	41	80	0	0	1864	P1-39-37	0	-
856	185.451823	185.600260	C#5	66	80	0	0	1866	P1-39-22	0	-
857	185.623698	185.785156	B4	61	80	0	0	1868	P1-39-23	0	-
858	185.631510	185.718750	C#4	41	80	0	0	1868	P1-39-38	0	-
859	185.795573	186.046875	G#4	59	80	0	0	1870	P1-39-24	0	-
860	186.015625	186.403646	F#4	52	80	0	0	1872	P1-40-2	0	-
861	186.024740	186.433594	A3	37	80	0	0	1872	P1-40-27	0	-
862	186.401042	186.566406	G#4	54	80	0	0	1876	P1-40-3	0	-
863	186.403646	186.524740	C#4	38	80	0	0	1876	P1-40-28	0	-
864	186.574219	186.804688	A4	51	80	0	0	1878	P1-40-4	0	-
865	186.734375	186.893229	B4	52	80	0	0	1880	P1-40-5	0	-
866	186.746094	186.864583	C#4	33	80	0	0	1880	P1-40-29	0	-
867	186.907552	187.067708	C#5	54	80	0	0	1882	P1-40-6	0	-
868	187.079427	187.233073	D#5	61	80	0	0	1884	P1-40-7	0	-
869	187.104167	187.539062	C#4	31	80	0	0	1884	P1-40-30	0	-
870	187.244792	187.411458	E#5	59	80	0	0	1886	P1-40-8	0	-
871	187.425781	187.606771	F#5	60	80	0	0	1888	P1-40-9	0	-
872	187.432292	187.764323	A3	40	80	0	0	1888	P1-40-31	0	-
873	187.604167	187.753906	G#5	58	80	0	0	1890	P1-40-10	0	-
874	187.764323	187.893229	C#4	37	80	0	0	1892	P1-40-32	0	-
875	187.765625	187.971354	A5	62	80	0	0	1892	P1-40-11	0	-
876	187.941406	188.109375	B5	66	80	0	0	1894	P1-40-12	0	-
877	188.114583	188.283854	C#6	60	80	0	0	1896	P1-40-13	0	-
878	188.125000	188.272135	C#4	32	80	0	0	1896	P1-40-33	0	-
879	188.303385	188.485677	A5	56	80	0	0	1898	P1-40-14	0	-
880	188.471354	188.542969	C#4	38	80	0	0	1900	P1-40-34	0	-
881	188.471354	188.722656	G#5	58	80	0	0	1900	P1-40-15	0	-
882	188.641927	188.786458	F#5	59	80	0	0	1902	P1-40-16	0	-
883	188.813802	188.954427	E#5	54	80	0	0	1904	P1-40-17	0	-
884	188.824219	189.229167	B3	33	80	0	0	1904	P1-40-35	0	-
885	188.835938	189.158854	C#3	32	80	0	0	1904	P1-40-26	0	-
886	188.983073	189.152344	G#5	53	80	0	0	1906	P1-40-18	0	-
887	189.164062	189.298177	E#5	57	80	0	0	1908	P1-40-19	0	-
888	189.169271	189.679688	C#3	33	80	0	0	1908	*	3	-
889	189.170573	189.289062	C#4	34	80	0	0	1908	P1-40-36	0	-
890	189.324219	189.449219	C#5	56	80	0	0	1910	P1-40-20	0	-
891	189.497396	189.601562	C#4	34	80	0	0	1912	P1-40-37	0	-
892	189.497396	189.664062	B4	47	80	0	0	1912	P1-40-21	0	-
893	189.667969	189.867188	C#5	52	80	0	0	1914	P1-40-22	0	-
894	189.837240	189.884115	C#4	39	80	0	0	1916	P1-40-38	0	-
895	189.837240	189.994792	B4	48	80	0	0	1916	P1-40-23	0	-
896	190.022135	190.204427	G#4	47	80	0	0	1918	P1-40-24	0	-
897	190.194010	191.389323	F#4	42	80	0	0	1920	P1-41-2	0	-
898	190.352865	190.618490	F#2	37	80	0	0	1922	P1-41-21	0	-
899	190.528646	190.774740	G#2	42	80	0	0	1924	P1-41-22	0	-
900	190.705729	190.824219	A2	49	80	0	0	1926	P1-41-23	0	-
901	190.854167	191.020833	B2	49	80	0	0	1928	P1-41-24	0	-
902	191.024740	191.247396	C#3	46	80	0	0	1930	P1-41-25	0	-
903	191.196615	191.305990	D#3	46	80	0	0	1932	P1-41-26	0	-
904	191.341146	191.505208	E#3	44	80	0	0	1934	P1-41-27	0	-
905	191.520833	192.134115	F#3	46	80	0	0	1936	P1-41-28	0	-
906	191.694010	191.929688	F#4	42	80	0	0	1938	P1-41-4	0	-
907	191.851562	192.000000	G#4	54	80	0	0	1940	P1-41-5	0	-
908	192.006510	192.247396	A4	55	80	0	0	1942	P1-41-6	0	-
909	192.166667	192.335938	B4	58	80	0	0	1944	P1-41-7	0	-
910	192.333333	192.485677	C#5	62	80	0	0	1946	P1-41-8	0	-
911	192.497396	192.644531	D#5	64	80	0	0	1948	P1-41-9	0	-
912	192.671875	192.854167	E#5	68	80	0	0	1950	P1-41-10	0	-
913	192.839844	193.024740	F#5	69	80	0	0	1952	P1-41-11	0	-
914	192.990885	193.179688	G#5	70	80	0	0	1954	P1-41-12	0	-
915	193.154948	193.345052	A5	73	80	0	0	1956	P1-41-13	0	-
916	193.312500	193.549479	B5	78	80	0	0	1958	P1-41-14	0	-
917	193.472656	193.727865	C#6	79	80	0	0	1960	P1-41-15	0	-
918	193.643229	193.816406	A5	70	80	0	0	1962	P1-41-16	0	-
919	193.808594	193.957031	F#5	68	80	0	0	1964	P1-41-17	0	-
920	193.955729	194.085938	C#5	73	80	0	0	1966	P1-41-18	0	-
921	194.136719	195.019531	D5	64	80	0	0	1968	P1-42-2	0	-
922	194.304688	194.490885	F3	55	80	0	0	1970	P1-42-21	0	-
923	194.459635	194.687500	G3	62	80	0	0	1972	P1-42-22	0	-
924	194.623698	194.795573	A3	62	80	0	0	1974	P1-42-23	0	-
925	194.798177	194.960938	B3	66	80	0	0	1976	P1-42-24	0	-
926	194.957031	195.201823	C#4	66	80	0	0	1978	P1-42-25	0	-
927	195.125000	195.341146	D4	66	80	0	0	1980	P1-42-26	0	-
928	195.291667	195.476562	E4	73	80	0	0	1982	P1-42-27	0	-
929	195.459635	196.389323	F4	69	80	0	0	1984	P1-42-28	0	-
930	195.628906	195.825521	A4	75	80	0	0	1986	P1-42-4	0	-
931	195.785156	195.959635	B4	74	80	0	0	1988	P1-42-5	0	-
932	195.944010	196.085938	C#5	79	80	0	0	1990	P1-42-6	0	-
933	196.113281	196.320312	D5	79	80	0	0	1992	P1-42-7	0	-
934	196.270833	196.453125	E5	86	80	0	0	1994	P1-42-8	0	-
935	196.434896	196.626302	F5	86	80	0	0	1996	P1-42-9	0	-
936	196.591146	196.779948	G5	79	80	0	0	1998	P1-42-10	0	-
937	196.753906	197.098958	A5	81	80	0	0	2000	P1-42-11	0	-
938	196.916667	197.092448	D5	78	80	0	0	2002	P1-42-12	0	-
939	197.074219	197.273438	F5	83	80	0	0	2004	P1-42-13	0	-
940	197.252604	197.450521	A5	84	80	0	0	2006	P1-42-14	0	-
941	197.430990	197.739583	D6	87	80	0	0	2008	P1-42-15	0	-
942	197.617188	197.804688	C6	81	80	0	0	2010	P1-42-16	0	-
943	197.791667	198.023438	B5	82	80	0	0	2012	P1-42-17	0	-
944	197.981771	198.279948	A5	79	80	0	0	2014	P1-42-18	0	-
945	198.281250	201.559896	B3	54	80	0	0	2016	P1-43-28	0	-
946	198.289062	198.570312	A5	74	80	0	0	2016	P1-43-2	0	-
947	198.292969	204.089844	D4	55	80	0	0	2016	P1-43-29	0	-
948	198.294271	203.119792	E3	52	80	0	0	2016	P1-43-27	0	-
949	198.554688	198.802083	G#5	77	80	0	0	2018	P1-43-3	0	-
950	198.769531	198.992188	B5	72	80	0	0	2020	P1-43-4	0	-
951	198.962240	199.195312	A#5	75	80	0	0	2022	P1-43-5	0	-
952	199.171875	199.489583	C#6	70	80	0	0	2024	P1-43-6	0	-
953	199.345052	199.557292	B5	69	80	0	0	2026	P1-43-7	0	-
954	199.526042	199.734375	A5	64	80	0	0	2028	P1-43-8	0	-
955	199.712240	200.079427	G#5	70	80	0	0	2030	P1-43-9	0	-
956	199.884115	200.106771	F#5	70	80	0	0	2032	P1-43-10	0	-
957	200.052083	200.243490	E5	71	80	0	0	2034	P1-43-11	0	-
958	200.247396	200.455729	F#5	67	80	0	0	2036	P1-43-12	0	-
959	200.421875	200.643229	E#5	64	80	0	0	2038	P1-43-13	0	-
960	200.634115	200.919271	G#5	63	80	0	0	2040	P1-43-14	0	-
961	200.804688	201.097656	F#5	51	80	0	0	2042	P1-43-15	0	-
962	201.006510	201.174479	E5	53	80	0	0	2044	P1-43-16	0	-
963	201.190104	201.378906	D5	49	80	0	0	2046	P1-43-17	0	-
964	201.397135	201.592448	C#5	44	80	0	0	2048	P1-43-18	0	-
965	201.417969	203.479167	G#3	29	80	0	0	2048	P1-43-31	0	-
966	201.605469	201.808594	B4	44	80	0	0	2050	P1-43-19	0	-
967	201.822917	202.014323	D5	45	80	0	0	2052	P1-43-20	0	-
968	202.035156	202.279948	C#5	43	80	0	0	2054	P1-43-21	0	-
969	202.292969	202.563802	E5	43	80	0	0	2056	P1-43-22	0	-
970	202.562500	202.799479	D5	35	80	0	0	2058	P1-43-23	0	-
971	202.826823	203.188802	C#5	34	80	0	0	2060	P1-43-24	0	-
972	203.143229	203.929688	B#4	36	80	0	0	2062	P1-43-25	0	-
973	203.880208	205.309896	C#5	40	80	0	0	2064	P1-44-2	0	-
974	203.907552	206.500000	A3	22	80	0	0	2064	P1-44-12	0	-
975	203.914062	209.908854	E4	20	80	0	0	2064	P1-44-11	0	-
976	205.268229	205.437500	D5	38	80	0	0	2076	P1-44-3	0	-
977	205.451823	205.602865	C#5	42	80	0	0	2077	P1-44-4	0	-
978	205.615885	205.783854	B4	44	80	0	0	2078	P1-44-5	0	-
979	205.795573	206.378906	C#5	49	80	0	0	2079	P1-44-6	0	-
980	206.187500	207.468750	E5	54	80	0	0	2080	P1-44-7	0	-
981	206.207031	208.019531	B3	29	80	0	0	2080	P1-44-13	0	-
982	207.079427	208.080729	D5	47	80	0	0	2088	P1-44-8	0	-
983	207.895833	208.864583	B4	42	80	0	0	2096	P1-44-9	0	-
984	207.924479	209.829427	D4	24	80	0	0	2096	P1-44-14	0	-
985	208.718750	209.799479	G#4	43	80	0	0	2104	P1-44-10	0	-
986	209.604167	210.893229	A4	36	80	0	0	2112	P1-45-2	0	-
987	209.658854	211.869792	C#4	13	80	0	0	2112	P1-45-6	0	-
988	210.895833	211.239583	C#5	41	80	0	0	2124	P1-45-3	0	-
989	211.084635	212.309896	A4	44	80	0	0	2126	P1-45-4	0	-
990	211.446615	216.339844	E5	55	80	0	0	2128	P1-45-5	0	-
991	212.333333	212.609375	G#4	27	80	0	0	2136	P1-45-10	0	-
992	212.334635	212.709635	D5	32	80	0	0	2136	P1-45-11	0	-
993	213.104167	213.493490	D5	34	80	0	0	2144	P1-45-13	0	-
994	213.105469	213.475260	G#4	31	80	0	0	2144	P1-45-12	0	-
995	213.890625	214.188802	G#4	28	80	0	0	2152	P1-45-14	0	-
996	213.893229	214.679688	D5	40	80	0	0	2152	P1-45-15	0	-
997	214.678385	216.019531	C#5	38	80	0	0	2160	P1-46-16	0	-
998	214.683594	215.989583	A4	26	80	0	0	2160	P1-46-15	0	-
999	215.084635	215.472656	A5	45	80	0	0	2164	P1-46-3	0	-
1000	215.455729	215.854167	G#5	49	80	0	0	2168	P1-46-4	0	-
1001	215.830729	216.273438	G5	57	80	0	0	2172	P1-46-5	0	-
1002	216.233073	216.859375	E#5	57	80	0	0	2176	P1-46-6	0	-
1003	216.243490	216.250000	G2	30	80	0	0	2176	*	3	-
1004	216.246094	217.929688	D4	27	80	0	0	2176	P1-46-17	0	-
1005	216.602865	217.500000	F#5	55	80	0	0	2180	P1-46-7	0	-
1006	216.968750	217.459635	E5	56	80	0	0	2184	P1-46-8	0	-
1007	217.332031	217.747396	D5	59	80	0	0	2188	P1-46-9	0	-
1008	217.703125	218.123698	C#5	58	80	0	0	2192	P1-46-10	0	-
1009	218.059896	218.899740	B4	48	80	0	0	2196	P1-46-11	0	-
1010	218.420573	218.893229	D5	51	80	0	0	2200	P1-46-12	0	-
1011	218.812500	219.529948	F#5	56	80	0	0	2204	P1-46-13	0	-
1012	219.401042	220.614583	A4	40	80	0	0	2208	P1-47-2	0	-
1013	219.403646	222.399740	E3	27	80	0	0	2208	P1-47-13	0	-
1014	219.404948	221.009115	C#4	26	80	0	0	2208	P1-47-15	0	-
1015	220.635417	221.188802	B4	37	80	0	0	2220	P1-47-3	0	-
1016	220.808594	221.065104	A4	42	80	0	0	2222	P1-47-4	0	-
1017	221.023438	222.250000	B3	30	80	0	0	2224	P1-47-16	0	-
1018	221.024740	221.496094	G#4	37	80	0	0	2224	P1-47-5	0	-
1019	221.402344	221.912760	E4	35	80	0	0	2228	P1-47-6	0	-
1020	221.772135	222.222656	F#4	43	80	0	0	2232	P1-47-7	0	-
1021	222.131510	222.548177	G#4	50	80	0	0	2236	P1-47-8	0	-
1022	222.501302	222.901042	A4	49	80	0	0	2240	P1-47-9	0	-
1023	222.852865	223.238281	A#4	56	80	0	0	2244	P1-47-10	0	-
1024	223.212240	223.632812	B4	58	80	0	0	2248	P1-47-11	0	-
1025	223.591146	224.339844	B#4	62	80	0	0	2252	P1-47-12	0	-
1026	224.123698	225.360677	C#5	62	80	0	0	2256	P1-48-2	0	-
1027	224.140625	226.639323	A3	35	80	0	0	2256	P1-48-12	0	-
1028	225.378906	225.519531	D5	40	80	0	0	2268	P1-48-3	0	-
1029	225.533854	225.675781	C#5	44	80	0	0	2269	P1-48-4	0	-
1030	225.688802	226.369792	B4	49	80	0	0	2270	P1-48-5	0	-
1031	225.834635	226.369792	C#5	59	80	0	0	2271	P1-48-6	0	-
1032	226.167969	226.972656	E5	62	80	0	0	2272	P1-48-7	0	-
1033	226.175781	228.000000	G#4	39	80	0	0	2272	P1-48-15	0	-
1034	226.184896	227.869792	B3	32	80	0	0	2272	P1-48-14	0	-
1035	226.986979	227.989583	D5	55	80	0	0	2280	P1-48-8	0	-
1036	227.781250	228.694010	B4	44	80	0	0	2288	P1-48-9	0	-
1037	227.789062	230.938802	E4	35	80	0	0	2288	P1-48-17	0	-
1038	227.794271	229.579427	D4	27	80	0	0	2288	P1-48-16	0	-
1039	228.602865	229.589844	G#4	47	80	0	0	2296	P1-48-10	0	-
1040	229.407552	230.709635	A4	36	80	0	0	2304	P1-49-2	0	-
1041	229.424479	231.089844	C#4	23	80	0	0	2304	P1-49-11	0	-
1042	230.683594	231.039062	C#5	39	80	0	0	2316	P1-49-3	0	-
1043	230.897135	231.542969	A4	48	80	0	0	2318	P1-49-4	0	-
1044	231.330729	233.359375	E#5	64	80	0	0	2320	P1-49-5	0	-
1045	232.138021	232.919271	B4	33	80	0	0	2328	P1-49-15	0	-
1046	232.145833	232.769531	D4	22	80	0	0	2328	P1-49-14	0	-
1047	232.902344	233.329427	C5	49	80	0	0	2336	P1-49-17	0	-
1048	232.932292	233.699219	D#4	37	80	0	0	2336	P1-49-16	0	-
1049	233.307292	233.929688	F#5	61	80	0	0	2340	P1-49-7	0	-
1050	233.694010	234.175781	G#5	68	80	0	0	2344	P1-49-8	0	-
1051	233.695312	235.979167	C5	52	80	0	0	2344	P1-49-19	0	-
1052	233.707031	235.019531	D#4	44	80	0	0	2344	P1-49-18	0	-
1053	234.115885	234.759115	A5	75	80	0	0	2348	P1-49-9	0	-
1054	234.118490	234.128906	G2	36	80	0	0	2348	*	3	-
1055	234.769531	236.000000	A5	66	80	0	0	2352	P1-50-2	0	-
1056	234.773438	236.819010	E4	38	80	0	0	2352	P1-50-16	0	-
1057	234.781250	235.519531	C#5	45	80	0	0	2352	P1-50-17	0	-
1058	235.776042	236.188802	B5	47	80	0	0	2362	P1-50-4	0	-
1059	235.963542	236.170573	C#6	58	80	0	0	2364	P1-50-5	0	-
1060	236.152344	236.371094	A5	56	80	0	0	2366	P1-50-6	0	-
1061	236.153646	236.158854	G2	28	80	0	0	2366	*	3	-
1062	236.371094	236.782552	E5	61	80	0	0	2368	P1-50-7	0	-
1063	236.753906	237.579427	A5	64	80	0	0	2372	P1-50-8	0	-
1064	236.753906	236.759115	G2	31	80	0	0	2372	*	3	-
1065	237.115885	237.602865	C#5	56	80	0	0	2376	P1-50-9	0	-
1066	237.506510	238.026042	F#5	58	80	0	0	2380	P1-50-10	0	-
1067	237.904948	238.343750	E5	55	80	0	0	2384	P1-50-11	0	-
1068	238.320312	238.720052	D#5	47	80	0	0	2388	P1-50-12	0	-
1069	238.714844	239.196615	D5	46	80	0	0	2392	P1-50-13	0	-
1070	238.731771	240.079427	E3	27	80	0	0	2392	P1-50-20	0	-
1071	238.735677	239.649740	D4	23	80	0	0	2392	P1-50-21	0	-
1072	239.151042	239.519531	B4	51	80	0	0	2396	P1-50-14	0	-
1073	239.816406	241.968750	B4	42	80	0	0	2400	P1-51-2	0	-
1074	239.826823	242.500000	A3	33	80	0	0	2400	P1-51-5	0	-
1075	239.833333	241.959635	D4	26	80	0	0	2400	P1-51-7	0	-
1076	241.783854	242.848958	A4	29	80	0	0	2416	P1-51-3	0	-
1077	241.785156	242.500000	C#4	16	80	0	0	2416	P1-51-8	0	-
1078	242.645833	243.652344	E3	30	80	0	0	2424	P1-51-9	0	-
1079	243.441406	244.325521	C#3	31	80	0	0	2432	P1-51-10	0	-
1080	244.225260	245.315104	A2	36	80	0	0	2440	P1-51-11	0	-
1081	245.126302	246.569010	D5	57	80	0	0	2448	P1-52-2	0	-
1082	245.127604	245.989583	E3	32	80	0	0	2448	P1-52-17	0	-
1083	245.997396	246.009115	E2	23	80	0	0	2456	*	3	-
1084	246.003906	246.569010	G#3	24	80	0	0	2456	P1-52-21	0	-
1085	246.003906	248.729167	E3	23	80	0	0	2456	*	3	-
1086	246.005208	246.500000	B3	25	80	0	0	2456	P1-52-22	0	-
1087	246.217448	246.401042	F#5	50	80	0	0	2458	P1-52-4	0	-
1088	246.407552	246.575521	E5	47	80	0	0	2460	P1-52-5	0	-
1089	246.583333	246.769531	F#5	50	80	0	0	2462	P1-52-6	0	-
1090	246.756510	247.529948	B3	39	80	0	0	2464	P1-52-24	0	-
1091	246.760417	246.954427	D5	59	80	0	0	2464	P1-52-7	0	-
1092	246.782552	247.579427	G#3	34	80	0	0	2464	P1-52-23	0	-
1093	246.944010	247.114583	E5	58	80	0	0	2466	P1-52-8	0	-
1094	247.111979	247.291667	C#5	50	80	0	0	2468	P1-52-9	0	-
1095	247.305990	247.468750	D5	53	80	0	0	2470	P1-52-10	0	-
1096	247.458333	248.109375	C#4	34	80	0	0	2472	P1-52-26	0	-
1097	247.475260	247.945312	A3	33	80	0	0	2472	P1-52-25	0	-
1098	247.485677	247.658854	B4	48	80	0	0	2472	P1-52-11	0	-
1099	247.675781	247.949219	C#5	49	80	0	0	2474	P1-52-12	0	-
1100	247.842448	247.988281	A4	42	80	0	0	2476	P1-52-13	0	-
1101	248.018229	248.222656	B4	41	80	0	0	2478	P1-52-14	0	-
1102	248.231771	248.739583	D4	35	80	0	0	2480	P1-52-28	0	-
1103	248.234375	249.013021	G#4	43	80	0	0	2480	P1-52-15	0	-
1104	248.234375	248.658854	B3	30	80	0	0	2480	P1-52-27	0	-
1105	249.029948	250.029948	D4	31	80	0	0	2488	P1-52-30	0	-
1106	249.033854	249.848958	B3	29	80	0	0	2488	P1-52-29	0	-
1107	249.764323	250.539062	A3	34	80	0	0	2496	P1-53-17	0	-
1108	249.796875	250.713542	E5	59	80	0	0	2496	P1-53-2	0	-
1109	250.541667	250.989583	E4	28	80	0	0	2504	P1-53-22	0	-
1110	250.542969	251.009115	C#4	26	80	0	0	2504	P1-53-21	0	-
1111	250.545573	251.069010	A3	23	80	0	0	2504	*	3	-
1112	250.718750	250.888021	D#5	48	80	0	0	2506	P1-53-4	0	-
1113	250.891927	251.059896	F#5	62	80	0	0	2508	P1-53-5	0	-
1114	251.063802	251.253906	E5	63	80	0	0	2510	P1-53-6	0	-
1115	251.203125	251.209635	E3	40	80	0	0	2512	*	3	-
1116	251.210938	251.859375	E4	40	80	0	0	2512	P1-53-24	0	-
1117	251.214844	253.109375	A3	37	80	0	0	2512	*	3	-
1118	251.222656	251.979167	C#4	40	80	0	0	2512	P1-53-23	0	-
1119	251.236979	251.445312	A5	73	80	0	0	2512	P1-53-7	0	-
1120	251.419271	251.596354	G#5	73	80	0	0	2514	P1-53-8	0	-
1121	251.591146	251.929688	B5	76	80	0	0	2516	P1-53-9	0	-
1122	251.750000	251.959635	A5	73	80	0	0	2518	P1-53-10	0	-
1123	251.928385	252.138021	C#6	80	80	0	0	2520	P1-53-11	0	-
1124	251.929688	252.789062	D4	41	80	0	0	2520	P1-53-26	0	-
1125	251.933594	252.809896	B3	45	80	0	0	2520	P1-53-25	0	-
1126	252.098958	252.619792	B5	77	80	0	0	2522	P1-53-12	0	-
1127	252.283854	252.699219	D6	74	80	0	0	2524	P1-53-13	0	-
1128	252.457031	252.752604	C#6	76	80	0	0	2526	P1-53-14	0	-
1129	252.694010	253.709635	E6	72	80	0	0	2528	P1-53-15	0	-
1130	252.700521	253.539062	C#4	43	80	0	0	2528	P1-53-27	0	-
1131	253.425781	254.459635	B3	53	80	0	0	2536	P1-53-28	0	-
1132	253.437500	254.459635	G#3	47	80	0	0	2536	P1-53-19	0	-
1133	254.242188	257.500000	F#3	48	80	0	0	2544	P1-54-23	0	-
1134	254.269531	254.279948	B2	43	80	0	0	2544	*	3	-
1135	254.282552	255.649740	A5	80	80	0	0	2544	P1-54-2	0	-
1136	255.117188	255.799479	C#4	39	80	0	0	2552	P1-54-26	0	-
1137	255.128906	255.699219	A3	43	80	0	0	2552	P1-54-25	0	-
1138	255.368490	255.615885	C#6	77	80	0	0	2554	P1-54-4	0	-
1139	255.578125	255.929688	B5	77	80	0	0	2556	P1-54-5	0	-
1140	255.772135	256.003906	C#6	85	80	0	0	2558	P1-54-6	0	-
1141	255.933594	256.519531	A3	48	80	0	0	2560	P1-54-27	0	-
1142	255.940104	256.589844	C#4	51	80	0	0	2560	P1-54-28	0	-
1143	255.960938	256.184896	A5	80	80	0	0	2560	P1-54-7	0	-
1144	256.144531	256.399740	B5	79	80	0	0	2562	P1-54-8	0	-
1145	256.324219	256.514323	G#5	80	80	0	0	2564	P1-54-9	0	-
1146	256.505208	256.709635	A5	81	80	0	0	2566	P1-54-10	0	-
1147	256.687500	257.299479	A3	50	80	0	0	2568	P1-54-29	0	-
1148	256.687500	257.105469	C#4	50	80	0	0	2568	P1-54-30	0	-
1149	256.688802	256.920573	F#5	81	80	0	0	2568	P1-54-11	0	-
1150	256.872396	257.070312	G#5	80	80	0	0	2570	P1-54-12	0	-
1151	257.049479	257.236979	E5	76	80	0	0	2572	P1-54-13	0	-
1152	257.230469	257.475260	F#5	79	80	0	0	2574	P1-54-14	0	-
1153	257.423177	257.614583	D#5	77	80	0	0	2576	P1-54-15	0	-
1154	257.424479	258.029948	A3	51	80	0	0	2576	P1-54-31	0	-
1155	257.425781	258.179688	B3	53	80	0	0	2576	P1-54-32	0	-
1156	257.615885	257.825521	E5	81	80	0	0	2578	P1-54-16	0	-
1157	257.802083	258.022135	F#5	84	80	0	0	2580	P1-54-17	0	-
1158	257.986979	258.242188	G#5	81	80	0	0	2582	P1-54-18	0	-
1159	258.190104	258.658854	B3	52	80	0	0	2584	P1-54-34	0	-
1160	258.191406	258.688802	B5	77	80	0	0	2584	P1-54-19	0	-
1161	258.191406	258.789062	A3	49	80	0	0	2584	P1-54-33	0	-
1162	258.194010	258.199219	D3	44	80	0	0	2584	*	3	-
1163	258.397135	258.635417	A5	77	80	0	0	2586	P1-54-20	0	-
1164	258.601562	258.845052	F#5	74	80	0	0	2588	P1-54-21	0	-
1165	258.804688	259.489583	D#5	74	80	0	0	2590	P1-54-22	0	-
1166	259.207031	262.239583	B3	45	80	0	0	2592	P1-55-14	0	-
1167	259.212240	260.959635	A3	43	80	0	0	2592	P1-55-13	0	-
1168	259.225260	261.419271	F#5	71	80	0	0	2592	P1-55-2	0	-
1169	259.231771	262.500000	E3	41	80	0	0	2592	P1-55-12	0	-
1170	260.772135	262.408854	G#3	32	80	0	0	2608	P1-55-16	0	-
1171	261.147135	261.619792	D#5	56	80	0	0	2612	P1-55-4	0	-
1172	261.526042	261.980469	E5	63	80	0	0	2616	P1-55-5	0	-
1173	261.875000	262.361979	E#5	63	80	0	0	2620	P1-55-6	0	-
1174	262.272135	262.856771	G#5	68	80	0	0	2624	P1-55-7	0	-
1175	262.647135	263.207031	F#5	62	80	0	0	2628	P1-55-8	0	-
1176	263.022135	263.479167	E5	60	80	0	0	2632	P1-55-9	0	-
1177	263.414062	264.119792	D5	59	80	0	0	2636	P1-55-10	0	-
1178	264.011719	266.789062	G4	58	80	0	0	2640	P1-56-13	0	-
1179	264.011719	265.609375	C#5	69	80	0	0	2640	P1-56-2	0	-
1180	264.014323	266.759115	A#3	50	80	0	0	2640	P1-56-12	0	-
1181	265.527344	265.848958	D5	37	80	0	0	2652	P1-56-3	0	-
1182	265.710938	265.852865	C#5	43	80	0	0	2653	P1-56-4	0	-
1183	265.884115	266.759115	B4	44	80	0	0	2654	P1-56-5	0	-
1184	266.063802	266.799479	C#5	49	80	0	0	2655	P1-56-6	0	-
1185	266.526042	267.619792	E5	48	80	0	0	2656	P1-56-7	0	-
1186	266.526042	268.399740	B3	27	80	0	0	2656	P1-56-14	0	-
1187	266.527344	268.369792	F#4	29	80	0	0	2656	P1-56-15	0	-
1188	267.433594	268.408854	D5	40	80	0	0	2664	P1-56-8	0	-
1189	268.263021	269.205729	B4	37	80	0	0	2672	P1-56-9	0	-
1190	268.273438	270.149740	F4	22	80	0	0	2672	P1-56-17	0	-
1191	268.276042	270.188802	D4	19	80	0	0	2672	P1-56-16	0	-
1192	269.074219	270.128906	G#4	38	80	0	0	2680	P1-56-10	0	-
1193	269.967448	271.399740	A4	34	80	0	0	2688	P1-57-2	0	-
1194	269.994792	271.709635	E4	22	80	0	0	2688	P1-57-8	0	-
1195	269.998698	271.589844	C#4	17	80	0	0	2688	P1-57-7	0	-
1196	271.345052	271.622396	C#5	38	80	0	0	2700	P1-57-3	0	-
1197	271.555990	272.204427	A4	48	80	0	0	2702	P1-57-4	0	-
1198	272.062500	275.468750	G5	67	80	0	0	2704	P1-57-5	0	-
1199	273.066406	273.519531	A#4	34	80	0	0	2712	P1-57-11	0	-
1200	273.097656	273.529948	C#4	14	80	0	0	2712	P1-57-10	0	-
1201	273.863281	274.779948	B4	42	80	0	0	2720	P1-57-13	0	-
1202	273.880208	274.820312	D4	30	80	0	0	2720	P1-57-12	0	-
1203	274.683594	275.218750	C#5	41	80	0	0	2728	P1-57-15	0	-
1204	274.712240	275.139323	E4	25	80	0	0	2728	P1-57-14	0	-
1205	275.493490	275.725260	E#5	48	80	0	0	2736	P1-58-2	0	-
1206	275.529948	276.289062	D5	33	80	0	0	2736	P1-58-18	0	-
1207	275.536458	276.348958	D4	23	80	0	0	2736	P1-58-17	0	-
1208	275.710938	275.911458	F#5	54	80	0	0	2738	P1-58-3	0	-
1209	275.903646	276.221354	G#5	56	80	0	0	2740	P1-58-4	0	-
1210	276.084635	276.315104	F#5	57	80	0	0	2742	P1-58-5	0	-
1211	276.285156	276.454427	E5	54	80	0	0	2744	P1-58-6	0	-
1212	276.473958	276.664062	D5	54	80	0	0	2746	P1-58-7	0	-
1213	276.662760	276.877604	C#5	51	80	0	0	2748	P1-58-8	0	-
1214	276.875000	277.165365	B4	47	80	0	0	2750	P1-58-9	0	-
1215	277.134115	277.266927	A4	48	80	0	0	2752	P1-58-10	0	-
1216	277.148438	278.213542	E3	31	80	0	0	2752	P1-58-20	0	-
1217	277.152344	278.269531	C#4	33	80	0	0	2752	P1-58-21	0	-
1218	277.563802	277.652344	C#5	53	80	0	0	2756	P1-58-11	0	-
1219	278.089844	280.688802	E5	53	80	0	0	2760	P1-58-12	0	-
1220	278.135417	278.214844	A2	19	80	0	0	2772	P1-58-13	1	-
1221	279.024740	280.688802	D4	22	80	0	0	2776	P1-58-25	0	-
1222	279.026042	280.723958	E3	22	80	0	0	2776	P1-58-24	0	-
1223	279.522135	280.134115	E4	31	80	0	0	2772	*	3	-
1224	280.052083	280.718750	F#4	34	80	0	0	2776	*	3	-
1225	280.634115	281.486979	G#4	36	80	0	0	2780	P1-58-15	0	-
1226	281.373698	281.688802	A2	27	80	0	0	2784	P1-59-12	0	-
1227	281.375000	282.029948	A4	31	80	0	0	2784	P1-59-2	0	-
1228	282.111979	282.235677	A3	23	80	0	0	2788	P1-59-13	0	-
1229	282.114583	282.216146	C#4	18	80	0	0	2788	P1-59-14	0	-
1230	282.526042	282.628906	C#4	20	80	0	0	2792	P1-59-16	0	-
1231	282.549479	282.631510	A3	22	80	0	0	2792	P1-59-15	0	-
1232	282.932292	283.014323	C#4	21	80	0	0	2796	P1-59-18	0	-
1233	282.934896	283.014323	A3	24	80	0	0	2796	P1-59-17	0	-
1234	283.346354	283.425781	C#4	20	80	0	0	2800	P1-59-20	0	-
1235	283.348958	283.427083	A3	25	80	0	0	2800	P1-59-19	0	-
1236	283.734375	284.339844	A5	51	80	0	0	2804	P1-59-4	0	-
1237	283.747396	283.865885	A3	28	80	0	0	2804	P1-59-21	0	-
1238	283.751302	283.919271	C#4	26	80	0	0	2804	P1-59-22	0	-
1239	284.156250	284.609375	C#6	67	80	0	0	2808	P1-59-5	0	-
1240	284.158854	284.274740	A3	29	80	0	0	2808	P1-59-23	0	-
1241	284.161458	284.273438	C#4	31	80	0	0	2808	P1-59-24	0	-
1242	284.545573	285.029948	E5	69	80	0	0	2812	P1-59-6	0	-
1243	284.563802	284.643229	A3	35	80	0	0	2812	P1-59-25	0	-
1244	284.567708	284.639323	C#4	32	80	0	0	2812	P1-59-26	0	-
1245	284.954427	285.438802	E#5	68	80	0	0	2816	P1-59-7	0	-
1246	284.958333	285.139323	A3	35	80	0	0	2816	P1-59-27	0	-
1247	284.964844	285.348958	D4	33	80	0	0	2816	P1-59-28	0	-
1248	285.360677	285.549479	D4	34	80	0	0	2820	P1-59-30	0	-
1249	285.363281	285.463542	A3	36	80	0	0	2820	P1-59-29	0	-
1250	285.364583	285.899740	F#5	67	80	0	0	2820	P1-59-8	0	-
1251	285.756510	285.929688	D4	36	80	0	0	2824	P1-59-32	0	-
1252	285.757812	286.216146	A5	73	80	0	0	2824	P1-59-9	0	-
1253	285.765625	285.936198	A3	35	80	0	0	2824	P1-59-31	0	-
1254	286.167969	286.253906	A3	40	80	0	0	2828	P1-59-33	0	-
1255	286.171875	286.739583	F#5	73	80	0	0	2828	P1-59-10	0	-
1256	286.174479	286.269531	D4	36	80	0	0	2828	P1-59-34	0	-
1257	286.644531	287.609375	D#5	61	80	0	0	2832	P1-60-2	0	-
1258	286.647135	286.782552	A2	35	80	0	0	2832	P1-60-13	0	-
1259	287.095052	287.173177	A3	36	80	0	0	2836	P1-60-14	0	-
1260	287.102865	287.175781	C#4	33	80	0	0	2836	P1-60-15	0	-
1261	287.520833	288.658854	E5	52	80	0	0	2840	P1-60-3	0	-
1262	287.544271	287.682292	C#4	24	80	0	0	2840	P1-60-17	0	-
1263	287.545573	287.694010	A3	28	80	0	0	2840	P1-60-16	0	-
1264	287.904948	287.990885	C#4	35	80	0	0	2844	P1-60-19	0	-
1265	287.907552	287.990885	A3	39	80	0	0	2844	P1-60-18	0	-
1266	288.276042	288.384115	C#4	39	80	0	0	2848	P1-60-21	0	-
1267	288.282552	288.373698	A3	37	80	0	0	2848	P1-60-20	0	-
1268	288.643229	289.027344	A5	70	80	0	0	2852	P1-60-5	0	-
1269	288.652344	288.735677	A3	37	80	0	0	2852	P1-60-22	0	-
1270	288.652344	288.742188	C#4	42	80	0	0	2852	P1-60-23	0	-
1271	289.005208	289.500000	C#6	78	80	0	0	2856	P1-60-6	0	-
1272	289.042969	289.135417	A3	38	80	0	0	2856	P1-60-24	0	-
1273	289.044271	289.143229	C#4	36	80	0	0	2856	P1-60-25	0	-
1274	289.393229	289.899740	E5	72	80	0	0	2860	P1-60-7	0	-
1275	289.415365	289.569010	C#4	38	80	0	0	2860	P1-60-27	0	-
1276	289.421875	289.492188	A3	41	80	0	0	2860	P1-60-26	0	-
1277	289.774740	290.192708	E#5	69	80	0	0	2864	P1-60-8	0	-
1278	289.789062	289.963542	A3	39	80	0	0	2864	P1-60-28	0	-
1279	289.791667	289.966146	D4	38	80	0	0	2864	P1-60-29	0	-
1280	290.152344	290.567708	F#5	75	80	0	0	2868	P1-60-9	0	-
1281	290.174479	290.519531	D4	43	80	0	0	2868	P1-60-31	0	-
1282	290.174479	290.264323	A3	40	80	0	0	2868	P1-60-30	0	-
1283	290.524740	291.309896	D4	36	80	0	0	2872	P1-60-33	0	-
1284	290.524740	290.589844	D3	37	80	0	0	-1	*	3	-
1285	290.526042	290.946615	A5	77	80	0	0	2872	P1-60-10	0	-
1286	290.528646	290.636719	A3	38	80	0	0	2872	P1-60-32	0	-
1287	290.901042	291.289062	A3	44	80	0	0	2876	P1-60-34	0	-
1288	290.903646	290.979167	D3	43	80	0	0	-1	*	3	-
1289	290.903646	291.348958	F#5	71	80	0	0	2876	P1-60-11	0	-
1290	291.296875	291.916667	A3	33	80	0	0	2880	P1-61-17	0	-
1291	291.298177	291.944010	C#4	36	80	0	0	2880	P1-61-18	0	-
1292	291.303385	291.475260	D#5	69	80	0	0	2880	P1-61-2	0	-
1293	291.486979	291.691406	E5	69	80	0	0	2882	P1-61-3	0	-
1294	291.673177	291.882812	F#5	64	80	0	0	2884	P1-61-4	0	-
1295	291.858073	292.013021	E5	61	80	0	0	2886	P1-61-5	0	-
1296	292.022135	292.216146	D5	57	80	0	0	2888	P1-61-6	0	-
1297	292.203125	292.377604	C#5	59	80	0	0	2890	P1-61-7	0	-
1298	292.384115	292.540365	B4	48	80	0	0	2892	P1-61-8	0	-
1299	292.555990	292.828125	A4	44	80	0	0	2894	P1-61-9	0	-
1300	292.824219	293.449219	E3	30	80	0	0	2896	P1-61-20	0	-
1301	292.824219	293.399740	C#5	53	80	0	0	2896	P1-61-10	0	-
1302	294.205729	294.250000	B4	53	80	0	0	2912	*	3	-
1303	294.281250	294.373698	C#5	59	80	0	0	2912	P1-61-12	0	-
1304	294.335938	294.981771	B4	53	80	0	0	2912	P1-61-12	0	-
1305	294.343750	295.421875	D4	38	80	0	0	2912	P1-61-24	0	-
1306	294.354167	295.430990	E3	31	80	0	0	2912	P1-61-23	0	-
1307	294.994792	295.197917	A4	39	80	0	0	2918	P1-61-13	0	-
1308	295.162760	295.781250	B4	38	80	0	0	2920	P1-61-14	0	-
1309	295.785156	296.229167	C#5	36	80	0	0	2926	P1-61-15	0	-
1310	295.984375	296.179688	A2	27	80	0	0	2928	P1-62-12	0	-
1311	296.010417	296.378906	A4	34	80	0	0	2928	P1-62-2	0	-
1312	296.436198	296.540365	A3	27	80	0	0	2932	P1-62-13	0	-
1313	296.440104	296.542969	C#4	23	80	0	0	2932	P1-62-14	0	-
1314	296.829427	296.925781	C#4	28	80	0	0	2936	P1-62-16	0	-
1315	296.833333	296.927083	A3	32	80	0	0	2936	P1-62-15	0	-
1316	297.205729	297.299479	C#4	26	80	0	0	2940	P1-62-18	0	-
1317	297.208333	297.304688	A3	29	80	0	0	2940	P1-62-17	0	-
1318	297.576823	297.684896	C#4	23	80	0	0	2944	P1-62-20	0	-
1319	297.602865	297.687500	A3	24	80	0	0	2944	P1-62-19	0	-
1320	297.960938	298.769531	A5	56	80	0	0	2948	P1-62-4	0	-
1321	297.984375	298.161458	C#4	21	80	0	0	2948	P1-62-22	0	-
1322	297.985677	298.173177	A3	24	80	0	0	2948	P1-62-21	0	-
1323	298.403646	299.000000	C#6	65	80	0	0	2952	P1-62-5	0	-
1324	298.412760	298.535156	A3	33	80	0	0	2952	P1-62-23	0	-
1325	298.414062	298.526042	C#4	32	80	0	0	2952	P1-62-24	0	-
1326	298.783854	299.299479	E5	61	80	0	0	2956	P1-62-6	0	-
1327	298.799479	298.886719	A3	35	80	0	0	2956	P1-62-25	0	-
1328	298.799479	298.888021	C#4	32	80	0	0	2956	P1-62-26	0	-
1329	299.184896	299.619792	E#5	64	80	0	0	2960	P1-62-7	0	-
1330	299.191406	299.334635	A3	35	80	0	0	2960	P1-62-27	0	-
1331	299.194010	299.449219	D4	34	80	0	0	2960	P1-62-28	0	-
1332	299.550781	299.750000	D4	37	80	0	0	2964	P1-62-30	0	-
1333	299.553385	299.674479	A3	43	80	0	0	2964	P1-62-29	0	-
1334	299.561198	299.994792	F#5	68	80	0	0	2964	P1-62-8	0	-
1335	299.953125	300.144531	A3	39	80	0	0	2968	P1-62-31	0	-
1336	299.954427	300.403646	A5	75	80	0	0	2968	P1-62-9	0	-
1337	299.954427	300.169271	D4	34	80	0	0	2968	P1-62-32	0	-
1338	300.358073	300.949219	F#5	65	80	0	0	2972	P1-62-10	0	-
1339	300.358073	300.446615	A3	36	80	0	0	2972	P1-62-33	0	-
1340	300.361979	300.468750	D4	34	80	0	0	2972	P1-62-34	0	-
1341	300.798177	301.679688	D#5	60	80	0	0	2976	P1-63-2	0	-
1342	300.805990	300.951823	A2	31	80	0	0	2976	P1-63-13	0	-
1343	301.209635	301.302083	A3	35	80	0	0	2980	P1-63-14	0	-
1344	301.214844	301.302083	C#4	29	80	0	0	2980	P1-63-15	0	-
1345	301.597656	301.734375	A3	30	80	0	0	2984	P1-63-16	0	-
1346	301.601562	302.378906	E5	48	80	0	0	2984	P1-63-3	0	-
1347	301.601562	301.710938	C#4	26	80	0	0	2984	P1-63-17	0	-
1348	301.957031	302.046875	C#4	26	80	0	0	2988	P1-63-19	0	-
1349	301.966146	302.045573	A3	32	80	0	0	2988	P1-63-18	0	-
1350	302.335938	302.419271	C#4	24	80	0	0	2992	P1-63-21	0	-
1351	302.335938	302.421875	A3	31	80	0	0	2992	P1-63-20	0	-
1352	302.684896	303.399740	A5	56	80	0	0	2996	P1-63-5	0	-
1353	302.716146	302.817708	C#4	23	80	0	0	2996	P1-63-23	0	-
1354	302.716146	302.825521	A3	27	80	0	0	2996	P1-63-22	0	-
1355	303.072917	303.519531	C#6	67	80	0	0	3000	P1-63-6	0	-
1356	303.084635	303.183594	C#4	32	80	0	0	3000	P1-63-25	0	-
1357	303.093750	303.179688	A3	34	80	0	0	3000	P1-63-24	0	-
1358	303.441406	303.889323	E5	64	80	0	0	3004	P1-63-7	0	-
1359	303.442708	303.516927	A3	38	80	0	0	3004	P1-63-26	0	-
1360	303.442708	303.519531	C#4	37	80	0	0	3004	P1-63-27	0	-
1361	303.812500	304.259115	E#5	65	80	0	0	3008	P1-63-8	0	-
1362	303.815104	303.989583	A3	39	80	0	0	3008	P1-63-28	0	-
1363	303.824219	304.109375	D4	35	80	0	0	3008	P1-63-29	0	-
1364	304.183594	304.596354	F#5	65	80	0	0	3012	P1-63-9	0	-
1365	304.187500	304.359375	A3	37	80	0	0	3012	P1-63-30	0	-
1366	304.188802	304.519531	D4	36	80	0	0	3012	P1-63-31	0	-
1367	304.533854	304.750000	A3	35	80	0	0	3016	P1-63-32	0	-
1368	304.533854	304.699219	D4	32	80	0	0	3016	P1-63-33	0	-
1369	304.540365	304.882812	A5	64	80	0	0	3016	P1-63-10	0	-
1370	304.893229	305.319010	F#5	59	80	0	0	3020	P1-63-11	0	-
1371	304.902344	305.246094	D4	36	80	0	0	3020	P1-63-35	0	-
1372	304.903646	304.976562	A3	37	80	0	0	3020	P1-63-34	0	-
1373	304.903646	304.908854	D3	35	80	0	0	3020	*	3	-
1374	305.255208	305.860677	A3	32	80	0	0	3024	P1-64-17	0	-
1375	305.274740	305.863281	C#4	33	80	0	0	3024	P1-64-18	0	-
1376	305.283854	305.444010	D#5	56	80	0	0	3024	P1-64-2	0	-
1377	305.463542	305.626302	E5	58	80	0	0	3026	P1-64-3	0	-
1378	305.623698	305.787760	F#5	56	80	0	0	3028	P1-64-4	0	-
1379	305.787760	305.946615	E5	55	80	0	0	3030	P1-64-5	0	-
1380	305.966146	306.135417	D5	54	80	0	0	3032	P1-64-6	0	-
1381	306.127604	306.291667	C#5	52	80	0	0	3034	P1-64-7	0	-
1382	306.304688	306.454427	B4	40	80	0	0	3036	P1-64-8	0	-
1383	306.475260	306.736979	A4	42	80	0	0	3038	P1-64-9	0	-
1384	306.703125	307.209635	E4	23	80	0	0	3040	P1-64-21	0	-
1385	306.713542	307.279948	E3	22	80	0	0	3040	P1-64-20	0	-
1386	306.751302	307.259115	C#5	42	80	0	0	3040	P1-64-10	0	-
1387	308.145833	308.188802	B4	30	80	0	0	3056	*	3	-
1388	308.205729	308.329427	C#5	48	80	0	0	3056	P1-64-12	0	-
1389	308.274740	309.019531	B4	45	80	0	0	3056	P1-64-12	0	-
1390	308.285156	310.069010	D4	31	80	0	0	3056	P1-64-24	0	-
1391	308.300781	310.479167	E3	28	80	0	0	3056	P1-64-23	0	-
1392	308.993490	309.194010	A4	36	80	0	0	3062	P1-64-13	0	-
1393	309.162760	309.756510	B4	41	80	0	0	3064	P1-64-14	0	-
1394	309.803385	310.069010	C#5	35	80	0	0	3070	P1-64-15	0	-
1395	310.059896	311.059896	A3	32	80	0	0	3072	P1-65-21	0	-
1396	310.063802	310.162760	A4	39	80	0	0	3072	P1-65-2	0	-
1397	310.071615	310.899740	C#4	30	80	0	0	3072	P1-65-22	0	-
1398	310.223958	310.298177	E4	44	80	0	0	3074	P1-65-3	0	-
1399	310.398438	310.454427	F#4	44	80	0	0	3076	P1-65-4	0	-
1400	310.566406	310.623698	G#4	48	80	0	0	3078	P1-65-5	0	-
1401	310.716146	310.765625	A4	57	80	0	0	3080	P1-65-6	0	-
1402	310.889323	310.932292	B4	52	80	0	0	3082	P1-65-7	0	-
1403	311.055990	311.096354	C#5	52	80	0	0	3084	P1-65-8	0	-
1404	311.210938	311.264323	D5	61	80	0	0	3086	P1-65-9	0	-
1405	311.381510	311.429688	E5	62	80	0	0	3088	P1-65-10	0	-
1406	311.529948	311.584635	F#5	67	80	0	0	3090	P1-65-11	0	-
1407	311.696615	311.774740	G#5	73	80	0	0	3092	P1-65-12	0	-
1408	311.850260	311.934896	A5	79	80	0	0	3094	P1-65-13	0	-
1409	312.023438	312.074219	A#5	77	80	0	0	3096	P1-65-14	0	-
1410	312.186198	312.278646	B5	76	80	0	0	3098	P1-65-15	0	-
1411	312.343750	312.414062	B#5	78	80	0	0	3100	P1-65-16	0	-
1412	312.503906	312.839844	C#6	84	80	0	0	3102	P1-65-17	0	-
1413	312.763021	313.158854	D6	79	80	0	0	3104	P1-65-18	0	-
1414	313.575521	314.471354	G#5	64	80	0	0	3112	P1-65-19	0	-
1415	313.604167	314.468750	B4	38	80	0	0	3112	*	3	-
1416	313.605469	314.449219	D5	40	80	0	0	3112	P1-65-26	0	-
1417	313.605469	316.309896	E4	30	80	0	0	3112	P1-65-25	0	-
1418	314.417969	314.718750	A5	47	80	0	0	3120	P1-66-2	0	-
1419	314.457031	314.919271	A4	27	80	0	0	3120	P1-66-21	0	-
1420	314.459635	314.709635	C#5	23	80	0	0	3120	P1-66-22	0	-
1421	314.623698	314.686198	C#6	56	80	0	0	3122	P1-66-3	0	-
1422	314.781250	314.878906	A5	60	80	0	0	3124	P1-66-4	0	-
1423	314.946615	314.997396	G#5	64	80	0	0	3126	P1-66-5	0	-
1424	315.105469	315.149740	F#5	64	80	0	0	3128	P1-66-6	0	-
1425	315.270833	315.312500	E5	56	80	0	0	3130	P1-66-7	0	-
1426	315.440104	315.483073	D5	52	80	0	0	3132	P1-66-8	0	-
1427	315.598958	315.645833	C#5	52	80	0	0	3134	P1-66-9	0	-
1428	315.759115	315.798177	B4	49	80	0	0	3136	P1-66-10	0	-
1429	315.924479	315.971354	A4	49	80	0	0	3138	P1-66-11	0	-
1430	316.095052	316.152344	G#4	44	80	0	0	3140	P1-66-12	0	-
1431	316.255208	316.305990	G4	41	80	0	0	3142	P1-66-13	0	-
1432	316.441406	316.497396	F#4	46	80	0	0	3144	P1-66-14	0	-
1433	316.608073	316.656250	F4	45	80	0	0	3146	P1-66-15	0	-
1434	316.812500	316.876302	E4	40	80	0	0	3148	P1-66-16	0	-
1435	317.007812	317.092448	D#4	35	80	0	0	3150	P1-66-17	0	-
1436	317.354167	318.459635	D4	28	80	0	0	3152	P1-66-18	0	-
1437	318.402344	319.269531	G#3	29	80	0	0	3160	P1-66-19	0	-
1438	318.446615	319.188802	D3	22	80	0	0	3160	P1-66-26	0	-
1439	318.454427	319.809896	E2	23	80	0	0	3160	P1-66-25	0	-
1440	319.759115	322.563802	B3	39	80	0	0	3168	P1-67-2	0	-
1441	319.811198	322.500000	D3	25	80	0	0	3168	P1-67-8	0	-
1442	319.813802	323.908854	A2	25	80	0	0	3168	P1-67-7	0	-
1443	322.371094	324.049479	A3	22	80	0	0	3184	P1-67-3	0	-
1444	322.373698	323.889323	C#3	19	80	0	0	3184	P1-67-10	0	-
//Missing 0	P1-1-2
//Missing 0	P1-1-11
//Missing 0	P1-1-12
//Missing 16	P1-1-13
//Missing 112	P1-3-18
//Missing 192	P1-5-13
//Missing 240	P1-6-12
//Missing 328	P1-7-21
//Missing 464	P1-10-18
//Missing 796	P1-17-25
//Missing 816	P1-18-12
//Missing 1008	P1-22-12
//Missing 1440	P1-31-24
//Missing 1528	P1-32-31
//Missing 1532	P1-32-33
//Missing 1684	P1-36-13
//Missing 1752	P1-37-24
//Missing 1772	P1-37-34
//Missing 1872	P1-40-25
//Missing 2112	P1-45-8
//Missing 2176	P1-46-18
//Missing 2256	P1-48-13
//Missing 2304	P1-49-12
//Missing 2528	P1-53-18
//Missing 2776	P1-58-14
//Missing 2876	P1-60-35
//Missing 2896	P1-61-21
//Missing 1520	P1-32-27
