//Version: ScorePerfmMatch_v170503
// Score: ./Sonata_No._18_Mvt_2_Mozart_hmm.txt
// Perfm: ./05198_spr.txt
// fmt3x: ./Sonata_No._18_Mvt_2_Mozart_fmt3x.txt
0	1.087240	2.209635	C#5	55	80	0	0	0	*	3	0
1	1.114583	6.408854	E4	28	80	0	0	0	*	3	-
2	1.126302	2.718750	A3	28	80	0	0	0	*	3	-
3	2.210938	2.309896	D5	58	80	0	0	12	P1-1-3	0	-
4	2.315104	2.390625	C#5	63	80	0	0	13	P1-1-4	0	-
5	2.399740	2.513021	B4	72	80	0	0	14	P1-1-5	0	-
6	2.494792	2.661458	C#5	74	80	0	0	15	P1-1-6	0	-
7	2.645833	4.209635	B3	44	80	0	0	16	P1-1-13	0	-
8	2.645833	3.388021	E5	63	80	0	0	16	P1-1-7	0	-
9	3.291667	4.229167	D5	58	80	0	0	24	P1-1-8	0	-
10	3.983073	4.848958	B4	48	80	0	0	32	P1-1-9	0	-
11	3.985677	5.489583	D4	26	80	0	0	32	P1-1-14	0	-
12	4.707031	5.639323	G#4	48	80	0	0	40	P1-1-10	0	-
13	5.518229	6.589844	A4	38	80	0	0	48	P1-2-2	0	-
14	5.523438	6.429688	C#4	27	80	0	0	48	P1-2-8	0	-
15	6.704427	7.119792	C#5	52	80	0	0	60	P1-2-3	0	-
16	6.871094	7.139323	A4	55	80	0	0	62	P1-2-4	0	-
17	7.093750	10.500000	E5	57	80	0	0	64	P1-2-5	0	-
18	7.744792	8.059896	D5	37	80	0	0	72	P1-2-11	0	-
19	7.769531	8.069010	G#4	28	80	0	0	72	P1-2-10	0	-
20	8.412760	8.779948	D5	45	80	0	0	80	P1-2-13	0	-
21	8.445312	8.699219	G#4	36	80	0	0	80	P1-2-12	0	-
22	9.065104	9.809896	D5	45	80	0	0	88	P1-2-15	0	-
23	9.101562	9.739583	G#4	40	80	0	0	88	P1-2-14	0	-
24	9.769531	11.218750	A4	32	80	0	0	96	P1-3-15	0	-
25	9.773438	11.149740	C#5	45	80	0	0	96	P1-3-16	0	-
26	10.071615	10.759115	A5	59	80	0	0	100	P1-3-3	0	-
27	10.381510	10.859375	G#5	58	80	0	0	104	P1-3-4	0	-
28	10.703125	11.151042	G5	63	80	0	0	108	P1-3-5	0	-
29	11.033854	11.468750	E#5	57	80	0	0	112	P1-3-6	0	-
30	11.042969	12.098958	D4	34	80	0	0	112	P1-3-17	0	-
31	11.346354	11.979167	F#5	59	80	0	0	116	P1-3-7	0	-
32	11.644531	12.019531	E5	63	80	0	0	120	P1-3-8	0	-
33	11.972656	12.322917	D5	65	80	0	0	124	P1-3-9	0	-
34	12.299479	12.695312	C#5	55	80	0	0	128	P1-3-10	0	-
35	12.631510	13.016927	B4	59	80	0	0	132	P1-3-11	0	-
36	12.977865	13.359375	D5	52	80	0	0	136	P1-3-12	0	-
37	13.363281	14.029948	F#5	50	80	0	0	140	P1-3-13	0	-
38	13.365885	13.438802	D5	34	80	0	0	140	*	3	-
39	13.865885	15.188802	A4	45	80	0	0	144	P1-4-2	0	-
40	13.875000	15.598958	C#4	31	80	0	0	144	P1-4-15	0	-
41	13.912760	16.269531	E3	24	80	0	0	144	P1-4-13	0	-
42	15.153646	15.489583	B4	49	80	0	0	156	P1-4-3	0	-
43	15.303385	15.582031	A4	42	80	0	0	158	P1-4-4	0	-
44	15.533854	15.973958	G#4	46	80	0	0	160	P1-4-5	0	-
45	15.533854	16.579427	B3	33	80	0	0	160	P1-4-16	0	-
46	15.875000	16.204427	E4	52	80	0	0	164	P1-4-6	0	-
47	16.183594	16.518229	F#4	63	80	0	0	168	P1-4-7	0	-
48	16.475260	16.785156	G#4	68	80	0	0	172	P1-4-8	0	-
49	16.777344	17.125000	A4	60	80	0	0	176	P1-4-9	0	-
50	17.076823	17.454427	A#4	66	80	0	0	180	P1-4-10	0	-
51	17.388021	17.765625	B4	71	80	0	0	184	P1-4-11	0	-
52	17.713542	18.218750	B#4	63	80	0	0	188	P1-4-12	0	-
53	18.169271	19.128906	C#5	58	80	0	0	192	P1-5-2	0	-
54	18.188802	19.699219	A3	41	80	0	0	192	P1-5-12	0	-
55	19.221354	19.312500	D5	60	80	0	0	204	P1-5-3	0	-
56	19.313802	19.385417	C#5	69	80	0	0	205	P1-5-4	0	-
57	19.412760	19.549479	B4	77	80	0	0	206	P1-5-5	0	-
58	19.501302	19.634115	C#5	74	80	0	0	207	P1-5-6	0	-
59	19.626302	21.098958	G#4	52	80	0	0	208	P1-5-15	0	-
60	19.634115	20.355469	E5	70	80	0	0	208	P1-5-7	0	-
61	19.635417	21.039062	B3	44	80	0	0	208	P1-5-14	0	-
62	20.273438	21.089844	D5	64	80	0	0	216	P1-5-8	0	-
63	20.942708	21.729167	B4	51	80	0	0	224	P1-5-9	0	-
64	20.966146	22.500000	D4	32	80	0	0	224	P1-5-16	0	-
65	20.967448	22.378906	E4	33	80	0	0	224	P1-5-17	0	-
66	21.638021	22.509115	G#4	58	80	0	0	232	P1-5-10	0	-
67	22.385417	23.559896	A4	44	80	0	0	240	P1-6-2	0	-
68	22.386719	23.989583	E4	37	80	0	0	240	P1-6-12	0	-
69	23.542969	23.761719	C#5	52	80	0	0	252	P1-6-3	0	-
70	23.723958	24.169271	A4	63	80	0	0	254	P1-6-4	0	-
71	24.001302	25.848958	E#5	69	80	0	0	256	P1-6-5	0	-
72	24.714844	25.389323	B4	39	80	0	0	264	P1-6-15	0	-
73	24.721354	25.468750	D4	28	80	0	0	264	P1-6-14	0	-
74	25.376302	26.049479	C5	49	80	0	0	272	P1-6-17	0	-
75	25.410156	26.128906	D#4	36	80	0	0	272	P1-6-16	0	-
76	25.752604	26.250000	F#5	68	80	0	0	276	P1-6-7	0	-
77	26.104167	26.619792	G#5	66	80	0	0	280	P1-6-8	0	-
78	26.127604	27.459635	C5	40	80	0	0	280	P1-6-19	0	-
79	26.140625	27.119792	D#4	31	80	0	0	280	P1-6-18	0	-
80	26.494792	26.839844	A5	69	80	0	0	284	P1-6-9	0	-
81	26.998698	28.049479	A5	55	80	0	0	288	P1-7-2	0	-
82	27.035156	28.309896	C#5	31	80	0	0	288	P1-7-17	0	-
83	27.040365	28.479167	E4	31	80	0	0	288	P1-7-16	0	-
84	28.002604	28.135417	B5	52	80	0	0	298	P1-7-4	0	-
85	28.135417	28.378906	C#6	60	80	0	0	300	P1-7-5	0	-
86	28.256510	28.468750	A5	52	80	0	0	302	P1-7-6	0	-
87	28.430990	28.908854	E5	46	80	0	0	304	P1-7-7	0	-
88	28.778646	29.529948	A5	54	80	0	0	308	P1-7-8	0	-
89	29.105469	29.529948	C#5	59	80	0	0	312	P1-7-9	0	-
90	29.417969	29.802083	F#5	62	80	0	0	316	P1-7-10	0	-
91	29.744792	30.156250	E5	63	80	0	0	320	P1-7-11	0	-
92	30.069010	30.507812	D#5	62	80	0	0	324	P1-7-12	0	-
93	30.421875	30.852865	D5	55	80	0	0	328	P1-7-13	0	-
94	30.442708	30.929688	D4	33	80	0	0	328	P1-7-21	0	-
95	30.446615	30.949219	E3	29	80	0	0	328	P1-7-20	0	-
96	30.791667	31.009115	B4	55	80	0	0	332	P1-7-14	0	-
97	31.246094	33.069010	B4	47	80	0	0	336	P1-8-2	0	-
98	31.253906	33.049479	D4	30	80	0	0	336	P1-8-7	0	-
99	31.268229	33.408854	A3	31	80	0	0	336	P1-8-5	0	-
100	31.268229	31.449219	E3	27	80	0	0	336	*	3	-
101	32.934896	33.908854	C#4	26	80	0	0	352	P1-8-8	0	-
102	32.934896	33.769531	A4	30	80	0	0	352	P1-8-3	0	-
103	33.673177	34.529948	E3	36	80	0	0	360	P1-8-9	0	-
104	34.424479	35.209635	C#3	40	80	0	0	368	P1-8-10	0	-
105	35.165365	36.029948	A2	39	80	0	0	376	P1-8-11	0	-
106	36.031250	37.000000	D5	50	80	0	0	384	P1-9-2	0	-
107	36.063802	36.359375	E3	29	80	0	0	384	P1-9-17	0	-
108	36.371094	38.979167	E3	31	80	0	0	384	*	3	-
109	36.746094	37.179688	B3	30	80	0	0	392	P1-9-22	0	-
110	36.757812	37.179688	G#3	28	80	0	0	392	P1-9-21	0	-
111	36.917969	37.055990	F#5	54	80	0	0	394	P1-9-4	0	-
112	37.075521	37.191406	E5	57	80	0	0	396	P1-9-5	0	-
113	37.204427	37.399740	F#5	60	80	0	0	398	P1-9-6	0	-
114	37.345052	38.000000	B3	43	80	0	0	400	P1-9-24	0	-
115	37.375000	37.486979	D5	51	80	0	0	400	P1-9-7	0	-
116	37.377604	38.039062	G#3	39	80	0	0	400	P1-9-23	0	-
117	37.505208	37.627604	E5	60	80	0	0	402	P1-9-8	0	-
118	37.649740	37.773438	C#5	61	80	0	0	404	P1-9-9	0	-
119	37.794271	37.945312	D5	63	80	0	0	406	P1-9-10	0	-
120	37.953125	38.598958	C#4	46	80	0	0	408	P1-9-26	0	-
121	37.955729	38.095052	B4	60	80	0	0	408	P1-9-11	0	-
122	37.973958	38.628906	A3	34	80	0	0	408	P1-9-25	0	-
123	38.092448	38.239583	C#5	66	80	0	0	410	P1-9-12	0	-
124	38.247396	38.365885	A4	57	80	0	0	412	P1-9-13	0	-
125	38.391927	38.563802	B4	60	80	0	0	414	P1-9-14	0	-
126	38.583333	39.579427	G#4	51	80	0	0	416	P1-9-15	0	-
127	38.595052	39.139323	B3	36	80	0	0	416	P1-9-27	0	-
128	38.596354	39.029948	D4	36	80	0	0	416	P1-9-28	0	-
129	39.326823	40.199219	D4	38	80	0	0	424	P1-9-30	0	-
130	39.329427	40.119792	B3	33	80	0	0	424	P1-9-29	0	-
131	40.046875	40.881510	E5	68	80	0	0	432	P1-10-2	0	-
132	40.087240	42.309896	A3	33	80	0	0	432	P1-10-17	0	-
133	40.723958	41.139323	E4	50	80	0	0	440	P1-10-22	0	-
134	40.763021	41.199219	C#4	44	80	0	0	440	P1-10-21	0	-
135	40.889323	41.079427	D#5	63	80	0	0	442	P1-10-4	0	-
136	41.026042	41.170573	F#5	67	80	0	0	444	P1-10-5	0	-
137	41.165365	41.322917	E5	71	80	0	0	446	P1-10-6	0	-
138	41.309896	41.859375	E4	50	80	0	0	448	P1-10-24	0	-
139	41.315104	41.480469	A5	66	80	0	0	448	P1-10-7	0	-
140	41.343750	42.098958	C#4	42	80	0	0	448	P1-10-23	0	-
141	41.458333	41.626302	G#5	73	80	0	0	450	P1-10-8	0	-
142	41.613281	41.734375	B5	74	80	0	0	452	P1-10-9	0	-
143	41.747396	41.925781	A5	73	80	0	0	454	P1-10-10	0	-
144	41.901042	42.559896	D4	53	80	0	0	456	P1-10-26	0	-
145	41.903646	42.209635	C#6	76	80	0	0	456	P1-10-11	0	-
146	41.938802	42.598958	B3	46	80	0	0	456	P1-10-25	0	-
147	42.049479	42.184896	B5	72	80	0	0	458	P1-10-12	0	-
148	42.195312	42.330729	D6	77	80	0	0	460	P1-10-13	0	-
149	42.321615	42.579427	C#6	78	80	0	0	462	P1-10-14	0	-
150	42.519531	43.305990	C#4	55	80	0	0	464	P1-10-27	0	-
151	42.519531	43.399740	E6	68	80	0	0	464	P1-10-15	0	-
152	42.552083	43.319010	A3	41	80	0	0	464	P1-10-18	0	-
153	43.221354	44.128906	B3	66	80	0	0	472	P1-10-28	0	-
154	43.231771	43.239583	B4	56	80	0	0	472	*	3	-
155	43.247396	44.109375	G#3	54	80	0	0	472	P1-10-19	0	-
156	43.989583	44.959635	A5	69	80	0	0	480	P1-11-2	0	-
157	44.002604	47.348958	F#3	47	80	0	0	480	P1-11-23	0	-
158	44.694010	45.089844	C#4	51	80	0	0	488	P1-11-27	0	-
159	44.704427	45.069010	A3	46	80	0	0	488	P1-11-26	0	-
160	44.852865	45.005208	C#6	75	80	0	0	490	P1-11-4	0	-
161	44.994792	45.134115	B5	68	80	0	0	492	P1-11-5	0	-
162	45.126302	45.283854	C#6	78	80	0	0	494	P1-11-6	0	-
163	45.274740	45.869792	C#4	55	80	0	0	496	P1-11-29	0	-
164	45.279948	45.449219	A5	66	80	0	0	496	P1-11-7	0	-
165	45.283854	45.739583	A3	48	80	0	0	496	P1-11-28	0	-
166	45.424479	45.554688	B5	71	80	0	0	498	P1-11-8	0	-
167	45.565104	45.713542	G#5	67	80	0	0	500	P1-11-9	0	-
168	45.703125	45.884115	A5	74	80	0	0	502	P1-11-10	0	-
169	45.861979	46.024740	F#5	76	80	0	0	504	P1-11-11	0	-
170	45.876302	46.489583	C#4	50	80	0	0	504	P1-11-31	0	-
171	45.885417	46.299479	A3	47	80	0	0	504	P1-11-30	0	-
172	45.997396	46.259115	G#5	73	80	0	0	506	P1-11-12	0	-
173	46.154948	46.326823	E5	72	80	0	0	508	P1-11-13	0	-
174	46.311198	46.500000	F#5	76	80	0	0	510	P1-11-14	0	-
175	46.472656	46.636719	D#5	71	80	0	0	512	P1-11-15	0	-
176	46.473958	47.000000	B3	51	80	0	0	512	P1-11-33	0	-
177	46.483073	46.959635	A3	50	80	0	0	512	P1-11-32	0	-
178	46.639323	46.813802	E5	74	80	0	0	514	P1-11-16	0	-
179	46.803385	46.966146	F#5	74	80	0	0	516	P1-11-17	0	-
180	46.951823	47.166667	G#5	73	80	0	0	518	P1-11-18	0	-
181	47.148438	47.346354	B5	62	80	0	0	520	P1-11-19	0	-
182	47.152344	47.779948	B3	42	80	0	0	520	P1-11-35	0	-
183	47.153646	49.438802	A3	40	80	0	0	520	P1-11-34	0	-
184	47.350260	47.524740	A5	61	80	0	0	522	P1-11-20	0	-
185	47.545573	47.730469	F#5	56	80	0	0	524	P1-11-21	0	-
186	47.744792	48.309896	D#5	53	80	0	0	526	P1-11-22	0	-
187	48.039062	50.000000	F#5	48	80	0	0	528	P1-12-2	0	-
188	48.044271	51.000000	B3	37	80	0	0	528	P1-12-14	0	-
189	48.063802	51.158854	E3	27	80	0	0	528	P1-12-12	0	-
190	49.445312	50.919271	G#3	32	80	0	0	544	P1-12-16	0	-
191	49.826823	50.250000	D#5	56	80	0	0	548	P1-12-4	0	-
192	50.144531	50.494792	E5	67	80	0	0	552	P1-12-5	0	-
193	50.454427	50.949219	E#5	73	80	0	0	556	P1-12-6	0	-
194	50.822917	51.345052	G#5	57	80	0	0	560	P1-12-7	0	-
195	51.174479	51.583333	F#5	59	80	0	0	564	P1-12-8	0	-
196	51.523438	51.966146	E5	69	80	0	0	568	P1-12-9	0	-
197	51.898438	52.493490	D5	69	80	0	0	572	P1-12-10	0	-
198	52.412760	53.500000	C#5	64	80	0	0	576	P1-13-2	0	-
199	52.423177	53.979167	G4	50	80	0	0	576	P1-13-13	0	-
200	52.451823	54.049479	A#3	44	80	0	0	576	P1-13-12	0	-
201	53.531250	53.632812	D5	64	80	0	0	588	P1-13-3	0	-
202	53.626302	53.713542	C#5	75	80	0	0	589	P1-13-4	0	-
203	53.726562	53.824219	B4	73	80	0	0	590	P1-13-5	0	-
204	53.825521	53.983073	C#5	71	80	0	0	591	P1-13-6	0	-
205	53.953125	55.589844	B3	43	80	0	0	592	P1-13-14	0	-
206	53.958333	54.713542	E5	70	80	0	0	592	P1-13-7	0	-
207	53.962240	55.489583	F#4	52	80	0	0	592	P1-13-15	0	-
208	54.640625	55.519531	D5	67	80	0	0	600	P1-13-8	0	-
209	55.354167	56.289062	B4	54	80	0	0	608	P1-13-9	0	-
210	55.355469	57.059896	F4	47	80	0	0	608	P1-13-17	0	-
211	55.360677	57.098958	D4	43	80	0	0	608	P1-13-16	0	-
212	56.121094	57.039062	G#4	50	80	0	0	616	P1-13-10	0	-
213	56.912760	58.169271	A4	44	80	0	0	624	P1-14-2	0	-
214	56.914062	58.579427	E4	37	80	0	0	624	P1-14-8	0	-
215	56.936198	58.718750	C#4	30	80	0	0	624	P1-14-7	0	-
216	58.141927	58.351562	C#5	56	80	0	0	636	P1-14-3	0	-
217	58.321615	58.718750	A4	60	80	0	0	638	P1-14-4	0	-
218	58.613281	61.598958	G5	64	80	0	0	640	P1-14-5	0	-
219	59.335938	60.079427	A#4	48	80	0	0	648	P1-14-11	0	-
220	59.375000	60.119792	C#4	33	80	0	0	648	P1-14-10	0	-
221	60.052083	60.839844	B4	41	80	0	0	656	P1-14-13	0	-
222	60.096354	60.938802	D4	24	80	0	0	656	P1-14-12	0	-
223	60.782552	61.628906	C#5	41	80	0	0	664	P1-14-15	0	-
224	60.815104	61.628906	E4	20	80	0	0	664	P1-14-14	0	-
225	61.563802	61.765625	E#5	42	80	0	0	672	P1-15-2	0	-
226	61.565104	62.199219	D5	37	80	0	0	672	P1-15-18	0	-
227	61.598958	62.243490	D4	23	80	0	0	672	P1-15-17	0	-
228	61.761719	61.903646	F#5	50	80	0	0	674	P1-15-3	0	-
229	61.929688	62.075521	G#5	47	80	0	0	676	P1-15-4	0	-
230	62.075521	62.246094	F#5	53	80	0	0	678	P1-15-5	0	-
231	62.236979	62.363281	E5	50	80	0	0	680	P1-15-6	0	-
232	62.385417	62.555990	D5	54	80	0	0	682	P1-15-7	0	-
233	62.563802	62.723958	C#5	51	80	0	0	684	P1-15-8	0	-
234	62.730469	62.929688	B4	54	80	0	0	686	P1-15-9	0	-
235	62.940104	63.058594	A4	48	80	0	0	688	P1-15-10	0	-
236	62.944010	64.449219	C#4	34	80	0	0	688	P1-15-21	0	-
237	62.976562	64.878906	E3	31	80	0	0	688	P1-15-20	0	-
238	63.371094	63.878906	C#5	53	80	0	0	692	P1-15-11	0	-
239	63.843750	64.699219	E5	49	80	0	0	696	P1-15-12	0	-
240	64.634115	65.289062	D4	28	80	0	0	704	P1-15-24	0	-
241	65.058594	66.049479	E4	52	80	0	0	708	P1-15-13	0	-
242	65.444010	65.962240	F#4	60	80	0	0	712	P1-15-14	0	-
243	65.875000	66.506510	G#4	64	80	0	0	716	P1-15-15	0	-
244	66.425781	68.282552	B4	50	80	0	0	720	P1-16-2	0	-
245	66.428385	68.279948	D4	32	80	0	0	720	P1-16-9	0	-
246	66.434896	68.549479	A3	28	80	0	0	720	P1-16-7	0	-
247	68.145833	69.039062	A4	34	80	0	0	736	P1-16-3	0	-
248	68.147135	69.049479	C#4	24	80	0	0	736	P1-16-10	0	-
249	69.002604	69.809896	A#4	39	80	0	0	744	P1-16-4	0	-
250	69.773438	70.664062	B4	44	80	0	0	752	P1-16-5	0	-
251	70.591146	71.319010	B#4	35	80	0	0	760	P1-16-6	0	-
252	71.523438	72.799479	C#5	45	80	0	0	768	P1-17-2	0	-
253	71.537760	72.009115	F#3	29	80	0	0	768	P1-17-12	0	-
254	71.942708	72.026042	A4	38	80	0	0	772	P1-17-14	0	-
255	71.951823	72.079427	F#4	26	80	0	0	772	P1-17-13	0	-
256	72.247396	72.337240	F#4	28	80	0	0	776	P1-17-15	0	-
257	72.250000	72.341146	A4	31	80	0	0	776	P1-17-16	0	-
258	72.561198	72.645833	A4	32	80	0	0	780	P1-17-18	0	-
259	72.570312	72.644531	F#4	25	80	0	0	780	P1-17-17	0	-
260	72.914062	72.983073	A4	26	80	0	0	784	P1-17-20	0	-
261	72.914062	73.029948	F#4	22	80	0	0	784	P1-17-19	0	-
262	73.217448	73.769531	F#5	51	80	0	0	788	P1-17-4	0	-
263	73.234375	73.313802	A4	28	80	0	0	788	P1-17-22	0	-
264	73.242188	73.319010	F#4	23	80	0	0	788	P1-17-21	0	-
265	73.544271	73.622396	F#4	33	80	0	0	792	P1-17-23	0	-
266	73.544271	73.621094	A4	38	80	0	0	792	P1-17-24	0	-
267	73.544271	74.658854	A5	58	80	0	0	792	P1-17-5	0	-
268	73.865885	74.468750	E#5	63	80	0	0	796	P1-17-6	0	-
269	73.878906	73.963542	A4	39	80	0	0	796	P1-17-26	0	-
270	73.882812	73.955729	F#4	35	80	0	0	796	P1-17-25	0	-
271	74.196615	74.839844	F#5	68	80	0	0	800	P1-17-7	0	-
272	74.223958	74.291667	F#4	38	80	0	0	800	P1-17-27	0	-
273	74.225260	74.294271	A4	38	80	0	0	800	P1-17-28	0	-
274	74.514323	74.899740	B#4	58	80	0	0	804	P1-17-8	0	-
275	74.523438	74.789062	F#4	40	80	0	0	804	P1-17-29	0	-
276	74.529948	74.688802	A4	40	80	0	0	804	P1-17-30	0	-
277	74.873698	75.438802	D5	55	80	0	0	808	P1-17-9	0	-
278	74.914062	75.313802	F#4	23	80	0	0	808	P1-17-31	0	-
279	75.236979	75.449219	C#5	50	80	0	0	812	P1-17-10	0	-
280	75.243490	75.250000	F4	31	80	0	0	812	P1-17-33	1	-
281	75.260417	75.389323	A4	32	80	0	0	812	P1-17-34	0	-
282	75.651042	76.069010	E#3	35	80	0	0	816	P1-18-12	0	-
283	75.657552	76.989583	C#5	51	80	0	0	816	P1-18-2	0	-
284	76.018229	76.095052	G#4	34	80	0	0	820	P1-18-14	0	-
285	76.320312	76.404948	E#4	39	80	0	0	824	P1-18-15	0	-
286	76.333333	76.406250	G#4	42	80	0	0	824	P1-18-16	0	-
287	76.614583	76.696615	G#4	36	80	0	0	828	P1-18-18	0	-
288	76.623698	76.697917	E#4	38	80	0	0	828	P1-18-17	0	-
289	76.942708	77.011719	G#4	37	80	0	0	832	P1-18-20	0	-
290	76.953125	77.011719	E#4	28	80	0	0	832	P1-18-19	0	-
291	77.244792	77.679688	G#5	59	80	0	0	836	P1-18-4	0	-
292	77.255208	77.337240	E#4	34	80	0	0	836	P1-18-21	0	-
293	77.261719	77.369792	G#4	37	80	0	0	836	P1-18-22	0	-
294	77.584635	78.169271	B5	73	80	0	0	840	P1-18-5	0	-
295	77.592448	77.729167	E#4	39	80	0	0	840	P1-18-23	0	-
296	77.601562	77.739583	G#4	37	80	0	0	840	P1-18-24	0	-
297	77.886719	78.299479	E#5	68	80	0	0	844	P1-18-6	0	-
298	77.916667	78.098958	E#4	36	80	0	0	844	P1-18-25	0	-
299	77.916667	78.029948	G#4	38	80	0	0	844	P1-18-26	0	-
300	78.225260	78.929688	G#5	59	80	0	0	848	P1-18-7	0	-
301	78.246094	78.369792	G#4	35	80	0	0	848	P1-18-28	0	-
302	78.246094	78.419271	F3	30	80	0	0	-1	*	3	-
303	78.253906	78.500000	E#4	30	80	0	0	848	P1-18-27	0	-
304	78.549479	78.848958	B#4	57	80	0	0	852	P1-18-8	0	-
305	78.553385	78.729167	G#4	42	80	0	0	852	P1-18-30	0	-
306	78.911458	79.225260	D5	52	80	0	0	856	P1-18-9	0	-
307	78.920573	79.149740	E#4	31	80	0	0	856	P1-18-31	0	-
308	78.921875	79.250000	G#4	34	80	0	0	856	P1-18-32	0	-
309	79.238281	79.319010	C#5	57	80	0	0	860	P1-18-10	0	-
310	79.257812	79.669271	G#4	42	80	0	0	860	P1-18-34	0	-
311	79.265625	79.649740	E#4	35	80	0	0	860	P1-18-33	0	-
312	79.574219	81.699219	C#5	42	80	0	0	864	P1-19-14	0	-
313	79.617188	80.303385	F#4	30	80	0	0	864	P1-19-16	0	-
314	79.929688	80.639323	A5	58	80	0	0	868	P1-19-3	0	-
315	80.246094	81.239583	E4	46	80	0	0	872	P1-19-17	0	-
316	80.563802	81.309896	G#5	61	80	0	0	876	P1-19-5	0	-
317	80.903646	83.769531	D4	49	80	0	0	880	P1-19-18	0	-
318	81.235677	81.709635	E#5	65	80	0	0	884	P1-19-7	0	-
319	81.565104	82.259115	F#5	72	80	0	0	888	P1-19-8	0	-
320	81.888021	82.303385	G#5	74	80	0	0	892	P1-19-9	0	-
321	82.263021	82.631510	B5	63	80	0	0	896	P1-19-10	0	-
322	82.294271	82.639323	B4	39	80	0	0	896	P1-19-15	1	-
323	82.617188	83.098958	A5	57	80	0	0	900	P1-19-11	0	-
324	82.944010	83.438802	G#5	52	80	0	0	904	P1-19-12	0	-
325	83.287760	84.069010	F#5	45	80	0	0	908	P1-19-13	0	-
326	83.648438	84.449219	C#5	34	80	0	0	912	P1-20-11	0	-
327	83.654948	85.169271	C#4	27	80	0	0	912	P1-20-10	0	-
328	83.971354	84.489583	E#5	54	80	0	0	916	P1-20-3	0	-
329	84.324219	84.759115	G#5	43	80	0	0	920	P1-20-4	0	-
330	84.644531	85.069010	B#4	42	80	0	0	924	P1-20-5	0	-
331	84.990885	85.769531	C#5	48	80	0	0	928	P1-20-6	0	-
332	85.315104	85.744792	E#4	48	80	0	0	932	P1-20-13	0	-
333	85.653646	86.218750	G#4	54	80	0	0	936	P1-20-14	0	-
334	85.986979	86.360677	C#4	58	80	0	0	940	P1-20-15	0	-
335	86.313802	86.809896	D4	52	80	0	0	944	P1-20-16	0	-
336	86.647135	87.046875	G#4	48	80	0	0	948	*	3	-
337	86.651042	87.057292	G#3	51	80	0	0	948	P1-20-17	0	-
338	86.993490	87.386719	B3	42	80	0	0	952	P1-20-18	0	-
339	87.360677	87.881510	E#3	46	80	0	0	956	P1-20-19	0	-
340	87.361979	87.889323	F4	40	80	0	0	956	*	3	-
341	87.816406	89.250000	C#5	54	80	0	0	960	P1-21-2	0	-
342	87.817708	88.378906	F#3	34	80	0	0	960	P1-21-12	0	-
343	88.244792	88.320312	A4	33	80	0	0	964	P1-21-14	0	-
344	88.265625	88.319010	F#4	28	80	0	0	964	P1-21-13	0	-
345	88.516927	88.618490	A4	42	80	0	0	968	P1-21-16	0	-
346	88.544271	88.604167	F#4	28	80	0	0	968	P1-21-15	0	-
347	88.825521	88.901042	A4	29	80	0	0	972	P1-21-18	0	-
348	88.828125	88.897135	F#4	30	80	0	0	972	P1-21-17	0	-
349	89.134115	89.209635	F#4	32	80	0	0	976	P1-21-19	0	-
350	89.135417	89.209635	A4	30	80	0	0	976	P1-21-20	0	-
351	89.451823	90.059896	F#5	57	80	0	0	980	P1-21-4	0	-
352	89.467448	89.639323	A4	34	80	0	0	980	P1-21-22	0	-
353	89.476562	89.628906	F#4	28	80	0	0	980	P1-21-21	0	-
354	89.773438	90.549479	A5	65	80	0	0	984	P1-21-5	0	-
355	89.774740	90.049479	F#4	33	80	0	0	984	P1-21-23	0	-
356	89.795573	89.959635	A4	36	80	0	0	984	P1-21-24	0	-
357	90.083333	90.559896	E#5	69	80	0	0	988	P1-21-6	0	-
358	90.125000	90.289062	A4	37	80	0	0	988	P1-21-26	0	-
359	90.406250	90.959635	F#5	70	80	0	0	992	P1-21-7	0	-
360	90.457031	90.559896	A4	39	80	0	0	992	P1-21-28	0	-
361	90.726562	91.093750	B#4	64	80	0	0	996	P1-21-8	0	-
362	90.755208	90.825521	F#4	37	80	0	0	996	P1-21-29	0	-
363	90.755208	90.899740	A4	42	80	0	0	996	P1-21-30	0	-
364	91.063802	91.411458	D5	66	80	0	0	1000	P1-21-9	0	-
365	91.084635	91.209635	F#4	38	80	0	0	1000	P1-21-31	0	-
366	91.089844	91.229167	A4	42	80	0	0	1000	P1-21-32	0	-
367	91.395833	91.609375	C#5	63	80	0	0	1004	P1-21-10	0	-
368	91.403646	91.503906	F#4	44	80	0	0	1004	P1-21-33	0	-
369	91.457031	91.859375	A4	39	80	0	0	1004	P1-21-34	0	-
370	91.837240	93.549479	C#5	60	80	0	0	1008	P1-22-2	0	-
371	91.843750	92.329427	E3	39	80	0	0	1008	P1-22-12	0	-
372	91.854167	92.069010	E4	39	80	0	0	1008	*	3	-
373	92.178385	92.266927	E4	42	80	0	0	1012	P1-22-13	0	-
374	92.204427	92.277344	G4	39	80	0	0	1012	P1-22-14	0	-
375	92.494792	92.576823	G4	50	80	0	0	1016	P1-22-16	0	-
376	92.501302	92.575521	E4	44	80	0	0	1016	P1-22-15	0	-
377	92.774740	92.861979	G4	53	80	0	0	1020	P1-22-18	0	-
378	92.804688	92.865885	E4	46	80	0	0	1020	P1-22-17	0	-
379	93.104167	93.173177	G4	48	80	0	0	1024	P1-22-20	0	-
380	93.122396	93.184896	E4	50	80	0	0	1024	P1-22-19	0	-
381	93.402344	94.109375	G5	76	80	0	0	1028	P1-22-4	0	-
382	93.425781	93.619792	G4	47	80	0	0	1028	P1-22-22	0	-
383	93.428385	93.819010	E4	38	80	0	0	1028	P1-22-21	0	-
384	93.750000	94.579427	B5	77	80	0	0	1032	P1-22-5	0	-
385	93.752604	93.759115	E3	36	80	0	0	1032	P1-22-23	1	-
386	93.785156	93.968750	G4	33	80	0	0	1032	P1-22-24	0	-
387	94.048177	94.759115	E5	75	80	0	0	1036	P1-22-6	0	-
388	94.072917	94.399740	E4	48	80	0	0	1036	P1-22-25	0	-
389	94.074219	94.329427	G4	50	80	0	0	1036	P1-22-26	0	-
390	94.382812	94.859375	G5	72	80	0	0	1040	P1-22-7	0	-
391	94.406250	94.718750	E4	39	80	0	0	1040	P1-22-27	0	-
392	94.406250	94.549479	G4	45	80	0	0	1040	P1-22-28	0	-
393	94.703125	95.239583	B4	72	80	0	0	1044	P1-22-8	0	-
394	94.722656	94.929688	G4	47	80	0	0	1044	P1-22-30	0	-
395	94.726562	95.059896	E4	40	80	0	0	1044	P1-22-29	0	-
396	95.044271	95.569010	D5	60	80	0	0	1048	P1-22-9	0	-
397	95.061198	95.359375	G4	38	80	0	0	1048	P1-22-32	0	-
398	95.072917	95.419271	E4	32	80	0	0	1048	P1-22-31	0	-
399	95.390625	96.000000	C#5	50	80	0	0	1052	P1-22-10	0	-
400	95.421875	95.769531	G4	37	80	0	0	1052	P1-22-34	0	-
401	95.425781	95.809896	E4	28	80	0	0	1052	P1-22-33	0	-
402	95.743490	96.769531	A4	52	80	0	0	1056	P1-23-18	0	-
403	95.746094	97.098958	F#4	42	80	0	0	1056	P1-23-14	0	-
404	96.061198	96.519531	D5	62	80	0	0	1060	P1-23-3	0	-
405	96.381510	97.109375	C5	60	80	0	0	1064	P1-23-19	0	-
406	96.696615	97.229167	D#5	71	80	0	0	1068	P1-23-5	0	-
407	97.029948	97.989583	B4	68	80	0	0	1072	P1-23-15	0	-
408	97.063802	97.769531	G4	47	80	0	0	1072	P1-23-20	0	-
409	97.338542	97.769531	E5	76	80	0	0	1076	P1-23-7	0	-
410	97.679688	98.859375	D5	73	80	0	0	1080	P1-23-16	0	-
411	97.692708	98.399740	G#4	66	80	0	0	1080	P1-23-21	0	-
412	97.973958	98.739583	F5	81	80	0	0	1084	P1-23-9	0	-
413	98.315104	99.289062	A4	68	80	0	0	1088	P1-23-22	0	-
414	98.656250	99.102865	F#5	78	80	0	0	1092	P1-23-11	0	-
415	99.054688	99.779948	A5	72	80	0	0	1096	P1-23-12	0	-
416	99.055990	99.799479	G4	54	80	0	0	1096	P1-23-17	0	-
417	99.085938	99.739583	A3	43	80	0	0	1096	P1-23-23	0	-
418	99.421875	99.773438	C#5	69	80	0	0	1100	P1-23-13	0	-
419	99.772135	99.903646	D5	63	80	0	0	1104	P1-24-2	0	-
420	99.773438	100.449219	F#4	49	80	0	0	1104	P1-24-28	0	-
421	99.774740	102.209635	D4	44	80	0	0	1104	P1-24-26	0	-
422	99.925781	100.096354	E5	69	80	0	0	1106	P1-24-3	0	-
423	100.078125	100.242188	D5	71	80	0	0	1108	P1-24-4	0	-
424	100.088542	100.559896	A4	60	80	0	0	1108	P1-24-29	0	-
425	100.230469	100.373698	C#5	71	80	0	0	1110	P1-24-5	0	-
426	100.382812	100.527344	D5	72	80	0	0	1112	P1-24-6	0	-
427	100.520833	100.692708	E5	74	80	0	0	1114	P1-24-7	0	-
428	100.665365	101.199219	A4	57	80	0	0	1116	P1-24-31	0	-
429	100.669271	100.833333	F#5	72	80	0	0	1116	P1-24-8	0	-
430	100.813802	100.975260	G5	74	80	0	0	1118	P1-24-9	0	-
431	100.973958	101.355469	F#4	52	80	0	0	1120	P1-24-32	0	-
432	100.975260	101.125000	A5	73	80	0	0	1120	P1-24-10	0	-
433	101.114583	101.279948	B5	77	80	0	0	1122	P1-24-11	0	-
434	101.273438	101.427083	A5	82	80	0	0	1124	P1-24-12	0	-
435	101.276042	101.376302	A4	64	80	0	0	1124	P1-24-33	0	-
436	101.404948	101.580729	G#5	76	80	0	0	1126	P1-24-13	0	-
437	101.571615	101.740885	A5	76	80	0	0	1128	P1-24-14	0	-
438	101.572917	101.739583	A4	59	80	0	0	1128	P1-24-34	0	-
439	101.720052	101.875000	B5	72	80	0	0	1130	P1-24-15	0	-
440	101.864583	102.028646	C#6	76	80	0	0	1132	P1-24-16	0	-
441	101.864583	102.128906	A4	53	80	0	0	1132	P1-24-35	0	-
442	102.013021	102.164062	D6	72	80	0	0	1134	P1-24-17	0	-
443	102.174479	102.339844	C#6	65	80	0	0	1136	P1-24-18	0	-
444	102.177083	102.688802	G4	51	80	0	0	1136	P1-24-36	0	-
445	102.186198	102.750000	A3	41	80	0	0	1136	P1-24-27	0	-
446	102.342448	102.490885	E6	63	80	0	0	1138	P1-24-19	0	-
447	102.483073	102.623698	C#6	61	80	0	0	1140	P1-24-20	0	-
448	102.484375	102.649740	A4	45	80	0	0	1140	P1-24-37	0	-
449	102.625000	102.761719	A5	59	80	0	0	1142	P1-24-21	0	-
450	102.774740	103.019531	A4	42	80	0	0	1144	P1-24-38	0	-
451	102.779948	102.920573	G5	53	80	0	0	1144	P1-24-22	0	-
452	102.925781	103.076823	A5	61	80	0	0	1146	P1-24-23	0	-
453	103.065104	103.468750	A4	37	80	0	0	1148	P1-24-39	0	-
454	103.087240	103.214844	G5	57	80	0	0	1148	P1-24-24	0	-
455	103.234375	103.364583	E5	58	80	0	0	1150	P1-24-25	0	-
456	103.380208	103.799479	F#4	41	80	0	0	1152	P1-25-28	0	-
457	103.390625	105.039062	D4	38	80	0	0	1152	P1-25-26	0	-
458	103.393229	103.528646	D5	54	80	0	0	1152	P1-25-2	0	-
459	103.555990	103.692708	E5	55	80	0	0	1154	P1-25-3	0	-
460	103.699219	103.809896	D5	60	80	0	0	1156	P1-25-4	0	-
461	103.703125	103.804688	A4	50	80	0	0	1156	P1-25-29	0	-
462	103.841146	103.973958	C#5	64	80	0	0	1158	P1-25-5	0	-
463	103.996094	104.114583	D5	53	80	0	0	1160	P1-25-6	0	-
464	104.000000	104.084635	A4	46	80	0	0	1160	P1-25-30	0	-
465	104.145833	104.285156	E5	58	80	0	0	1162	P1-25-7	0	-
466	104.287760	104.424479	F#5	56	80	0	0	1164	P1-25-8	0	-
467	104.294271	104.411458	A4	40	80	0	0	1164	P1-25-31	0	-
468	104.444010	104.566406	G5	53	80	0	0	1166	P1-25-9	0	-
469	104.604167	104.966146	F#4	40	80	0	0	1168	P1-25-32	0	-
470	104.604167	104.730469	A5	54	80	0	0	1168	P1-25-10	0	-
471	104.744792	104.877604	B5	58	80	0	0	1170	P1-25-11	0	-
472	104.894531	104.979167	A4	48	80	0	0	1172	P1-25-33	0	-
473	104.895833	105.026042	A5	59	80	0	0	1172	P1-25-12	0	-
474	105.036458	105.169271	G#5	56	80	0	0	1174	P1-25-13	0	-
475	105.186198	105.313802	A5	56	80	0	0	1176	P1-25-14	0	-
476	105.200521	105.292969	A4	43	80	0	0	1176	P1-25-34	0	-
477	105.338542	105.483073	B5	60	80	0	0	1178	P1-25-15	0	-
478	105.492188	105.638021	C#6	59	80	0	0	1180	P1-25-16	0	-
479	105.511719	105.649740	A4	35	80	0	0	1180	P1-25-35	0	-
480	105.643229	105.859375	D6	60	80	0	0	1182	P1-25-17	0	-
481	105.799479	105.973958	C#6	52	80	0	0	1184	P1-25-18	0	-
482	105.800781	106.128906	G4	39	80	0	0	1184	P1-25-36	0	-
483	105.817708	106.408854	A3	30	80	0	0	1184	P1-25-27	0	-
484	105.975260	106.101562	E6	56	80	0	0	1186	P1-25-19	0	-
485	106.108073	106.256510	C#6	59	80	0	0	1188	P1-25-20	0	-
486	106.143229	106.299479	A4	36	80	0	0	1188	P1-25-37	0	-
487	106.273438	106.394531	A5	55	80	0	0	1190	P1-25-21	0	-
488	106.415365	106.549479	A4	34	80	0	0	1192	P1-25-38	0	-
489	106.427083	106.563802	G5	49	80	0	0	1192	P1-25-22	0	-
490	106.574219	106.707031	A5	52	80	0	0	1194	P1-25-23	0	-
491	106.729167	106.860677	G5	53	80	0	0	1196	P1-25-24	0	-
492	106.759115	106.968750	A4	36	80	0	0	1196	P1-25-39	0	-
493	106.884115	107.020833	E5	48	80	0	0	1198	P1-25-25	0	-
494	107.033854	107.378906	D5	53	80	0	0	1200	P1-26-2	0	-
495	107.214844	107.352865	D3	49	80	0	0	1202	P1-26-7	0	-
496	107.364583	107.554688	E3	57	80	0	0	1204	P1-26-8	0	-
497	107.365885	107.559896	E4	49	80	0	0	1204	*	3	-
498	107.514323	107.688802	F#3	60	80	0	0	1206	P1-26-9	0	-
499	107.683594	107.794271	G3	64	80	0	0	1208	P1-26-10	0	-
500	107.683594	107.809896	G4	55	80	0	0	1208	*	3	-
501	107.813802	107.975260	A3	64	80	0	0	1210	P1-26-11	0	-
502	107.985677	108.122396	B3	63	80	0	0	1212	P1-26-12	0	-
503	108.132812	108.255208	C#4	64	80	0	0	1214	P1-26-13	0	-
504	108.269531	108.421875	D4	66	80	0	0	1216	P1-26-14	0	-
505	108.414062	108.593750	C#4	59	80	0	0	1218	P1-26-15	0	-
506	108.585938	108.742188	E4	64	80	0	0	1220	P1-26-16	0	-
507	108.727865	108.895833	D4	63	80	0	0	1222	P1-26-17	0	-
508	108.885417	109.041667	F#4	68	80	0	0	1224	P1-26-18	0	-
509	109.036458	109.207031	E4	61	80	0	0	1226	P1-26-19	0	-
510	109.195312	109.333333	G4	64	80	0	0	1228	P1-26-20	0	-
511	109.320312	109.505208	F#4	67	80	0	0	1230	P1-26-21	0	-
512	109.492188	109.631510	A4	67	80	0	0	1232	P1-26-22	0	-
513	109.634115	109.792969	G#4	72	80	0	0	1234	P1-26-23	0	-
514	109.790365	109.960938	C5	62	80	0	0	1236	P1-26-24	0	-
515	109.947917	110.106771	B4	65	80	0	0	1238	P1-26-25	0	-
516	110.115885	110.235677	A4	53	80	0	0	1240	P1-26-26	0	-
517	110.255208	110.417969	G4	52	80	0	0	1242	P1-26-27	0	-
518	110.423177	110.576823	F#4	53	80	0	0	1244	P1-26-28	0	-
519	110.584635	110.755208	E4	46	80	0	0	1246	P1-26-29	0	-
520	110.761719	112.039062	D#4	44	80	0	0	1248	P1-27-27	0	-
521	110.933594	111.054688	B4	52	80	0	0	1250	P1-27-3	0	-
522	111.078125	111.216146	C#5	58	80	0	0	1252	P1-27-4	0	-
523	111.223958	111.406250	D#5	63	80	0	0	1254	P1-27-5	0	-
524	111.378906	111.553385	E5	65	80	0	0	1256	P1-27-6	0	-
525	111.533854	111.699219	F#5	66	80	0	0	1258	P1-27-7	0	-
526	111.682292	111.829427	G#5	66	80	0	0	1260	P1-27-8	0	-
527	111.820312	111.977865	A#5	70	80	0	0	1262	P1-27-9	0	-
528	111.976562	112.115885	B5	66	80	0	0	1264	P1-27-10	0	-
529	112.111979	112.278646	A5	67	80	0	0	1266	P1-27-11	0	-
530	112.268229	112.453125	C6	72	80	0	0	1268	P1-27-12	0	-
531	112.425781	112.562500	B5	69	80	0	0	1270	P1-27-13	0	-
532	112.571615	112.704427	A5	70	80	0	0	1272	P1-27-14	0	-
533	112.723958	112.895833	G5	64	80	0	0	1274	P1-27-15	0	-
534	112.875000	113.040365	F#5	61	80	0	0	1276	P1-27-16	0	-
535	113.023438	113.204427	E5	62	80	0	0	1278	P1-27-17	0	-
536	113.191406	113.343750	D#5	60	80	0	0	1280	P1-27-18	0	-
537	113.334635	113.477865	E5	64	80	0	0	1282	P1-27-19	0	-
538	113.483073	113.653646	F#5	63	80	0	0	1284	P1-27-20	0	-
539	113.641927	113.783854	E5	59	80	0	0	1286	P1-27-21	0	-
540	113.789062	113.912760	D#5	58	80	0	0	1288	P1-27-22	0	-
541	113.942708	114.095052	C5	51	80	0	0	1290	P1-27-23	0	-
542	114.104167	114.221354	B4	59	80	0	0	1292	P1-27-24	0	-
543	114.243490	114.394531	A4	56	80	0	0	1294	P1-27-25	0	-
544	114.420573	114.959635	G4	53	80	0	0	1296	P1-28-2	0	-
545	114.569010	114.765625	E3	54	80	0	0	1298	P1-28-7	0	-
546	114.725260	114.915365	F#3	58	80	0	0	1300	P1-28-8	0	-
547	114.871094	115.037760	G3	61	80	0	0	1302	P1-28-9	0	-
548	115.032552	115.143229	A3	71	80	0	0	1304	P1-28-10	0	-
549	115.156250	115.332031	B3	68	80	0	0	1306	P1-28-11	0	-
550	115.324219	115.544271	C#4	67	80	0	0	1308	P1-28-12	0	-
551	115.473958	115.640625	D#4	68	80	0	0	1310	P1-28-13	0	-
552	115.625000	115.782552	E4	68	80	0	0	1312	P1-28-14	0	-
553	115.756510	115.951823	D#4	66	80	0	0	1314	P1-28-15	0	-
554	115.921875	116.072917	F#4	73	80	0	0	1316	P1-28-16	0	-
555	116.072917	116.235677	E4	71	80	0	0	1318	P1-28-17	0	-
556	116.218750	116.361979	G4	71	80	0	0	1320	P1-28-18	0	-
557	116.348958	116.545573	F#4	70	80	0	0	1322	P1-28-19	0	-
558	116.520833	116.653646	A4	72	80	0	0	1324	P1-28-20	0	-
559	116.651042	116.834635	G4	74	80	0	0	1326	P1-28-21	0	-
560	116.819010	116.967448	B4	71	80	0	0	1328	P1-28-22	0	-
561	116.946615	117.119792	A#4	74	80	0	0	1330	P1-28-23	0	-
562	117.134115	117.287760	D5	67	80	0	0	1332	P1-28-24	0	-
563	117.281250	117.480469	C#5	69	80	0	0	1334	P1-28-25	0	-
564	117.442708	117.593750	B4	73	80	0	0	1336	P1-28-26	0	-
565	117.580729	117.760417	A4	68	80	0	0	1338	P1-28-27	0	-
566	117.751302	117.947917	G#4	72	80	0	0	1340	P1-28-28	1	-
567	117.915365	118.253906	F#4	70	80	0	0	1342	P1-28-29	0	-
568	118.082031	119.169271	E#4	64	80	0	0	1344	P1-29-27	0	-
569	118.252604	118.415365	C#5	65	80	0	0	1346	P1-29-3	0	-
570	118.394531	118.549479	D#5	68	80	0	0	1348	P1-29-4	0	-
571	118.537760	118.716146	E#5	74	80	0	0	1350	P1-29-5	0	-
572	118.694010	118.855469	F#5	72	80	0	0	1352	P1-29-6	0	-
573	118.834635	118.994792	G#5	70	80	0	0	1354	P1-29-7	0	-
574	118.973958	119.122396	A#5	75	80	0	0	1356	P1-29-8	0	-
575	119.117188	119.294271	B#5	79	80	0	0	1358	P1-29-9	0	-
576	119.273438	119.445312	C#6	77	80	0	0	1360	P1-29-10	0	-
577	119.417969	119.562500	B5	75	80	0	0	1362	P1-29-11	0	-
578	119.563802	119.759115	D6	82	80	0	0	1364	P1-29-12	0	-
579	119.716146	119.886719	C#6	79	80	0	0	1366	P1-29-13	0	-
580	119.867188	119.994792	B5	78	80	0	0	1368	P1-29-14	0	-
581	120.007812	120.164062	A5	75	80	0	0	1370	P1-29-15	0	-
582	120.148438	120.335938	G#5	66	80	0	0	1372	P1-29-16	0	-
583	120.300781	120.468750	F#5	77	80	0	0	1374	P1-29-17	0	-
584	120.462240	120.625000	E#5	75	80	0	0	1376	P1-29-18	0	-
585	120.605469	120.774740	F#5	73	80	0	0	1378	P1-29-19	0	-
586	120.752604	120.934896	G#5	64	80	0	0	1380	P1-29-20	0	-
587	120.903646	121.074219	F#5	74	80	0	0	1382	P1-29-21	0	-
588	121.048177	121.204427	E#5	76	80	0	0	1384	P1-29-22	0	-
589	121.187500	121.354167	D5	71	80	0	0	1386	P1-29-23	0	-
590	121.338542	121.492188	C#5	69	80	0	0	1388	P1-29-24	0	-
591	121.485677	121.675781	B4	74	80	0	0	1390	P1-29-25	0	-
592	121.669271	121.899740	A4	71	80	0	0	1392	P1-30-2	0	-
593	121.683594	122.989583	F#3	62	80	0	0	1392	P1-30-27	0	-
594	121.850260	122.024740	F#4	66	80	0	0	1394	P1-30-3	0	-
595	122.013021	122.165365	G#4	69	80	0	0	1396	P1-30-4	0	-
596	122.162760	122.283854	A4	68	80	0	0	1398	P1-30-5	0	-
597	122.322917	122.462240	B4	72	80	0	0	1400	P1-30-6	0	-
598	122.460938	122.636719	C#5	76	80	0	0	1402	P1-30-7	0	-
599	122.618490	122.753906	D#5	76	80	0	0	1404	P1-30-8	0	-
600	122.764323	122.938802	E#5	78	80	0	0	1406	P1-30-9	0	-
601	122.929688	123.279948	B4	69	80	0	0	1408	*	3	-
602	122.930990	124.079427	B3	72	80	0	0	1408	P1-30-29	0	-
603	122.930990	123.096354	F#5	73	80	0	0	1408	P1-30-10	0	-
604	122.970052	123.949219	D#3	46	80	0	0	1408	P1-30-28	0	-
605	123.088542	123.263021	G#5	68	80	0	0	1410	P1-30-11	0	-
606	123.235677	123.390625	F#5	78	80	0	0	1412	P1-30-12	0	-
607	123.378906	123.575521	E#5	78	80	0	0	1414	P1-30-13	0	-
608	123.554688	123.727865	F#5	83	80	0	0	1416	P1-30-14	0	-
609	123.705729	123.890625	G#5	73	80	0	0	1418	P1-30-15	0	-
610	123.859375	124.032552	F#5	85	80	0	0	1420	P1-30-16	0	-
611	124.010417	124.309896	E#5	82	80	0	0	1422	P1-30-17	0	-
612	124.183594	125.509115	B#3	77	80	0	0	1424	P1-30-31	0	-
613	124.186198	124.399740	F#5	73	80	0	0	1424	P1-30-18	0	-
614	124.204427	125.559896	D3	62	80	0	0	1424	P1-30-30	0	-
615	124.315104	124.481771	G#5	70	80	0	0	1426	P1-30-19	0	-
616	124.475260	124.664062	A5	82	80	0	0	1428	P1-30-20	0	-
617	124.645833	124.841146	G#5	75	80	0	0	1430	P1-30-21	0	-
618	124.828125	124.998698	B5	77	80	0	0	1432	P1-30-22	0	-
619	124.992188	125.174479	A5	76	80	0	0	1434	P1-30-23	0	-
620	125.165365	125.333333	G#5	72	80	0	0	1436	P1-30-24	0	-
621	125.311198	125.492188	F#5	79	80	0	0	1438	P1-30-25	0	-
622	125.489583	125.667969	E#5	72	80	0	0	1440	P1-31-2	0	-
623	125.493490	127.069010	C#4	62	80	0	0	1440	P1-31-24	0	-
624	125.535156	126.968750	C#3	51	80	0	0	1440	P1-31-23	0	-
625	125.644531	125.813802	F#5	74	80	0	0	1442	P1-31-3	0	-
626	125.803385	125.990885	G#5	71	80	0	0	1444	P1-31-4	0	-
627	125.957031	126.122396	F#5	75	80	0	0	1446	P1-31-5	0	-
628	126.114583	126.285156	E#5	70	80	0	0	1448	P1-31-6	0	-
629	126.272135	126.468750	D#5	66	80	0	0	1450	P1-31-7	0	-
630	126.424479	126.584635	C#5	63	80	0	0	1452	P1-31-8	0	-
631	126.565104	126.792969	B#4	60	80	0	0	1454	P1-31-9	0	-
632	126.726562	126.897135	C#5	62	80	0	0	1456	P1-31-10	0	-
633	126.880208	127.019531	B4	63	80	0	0	1458	P1-31-11	0	-
634	127.042969	127.213542	D5	60	80	0	0	1460	P1-31-12	0	-
635	127.200521	127.371094	C#5	58	80	0	0	1462	P1-31-13	0	-
636	127.368490	127.490885	B4	59	80	0	0	1464	P1-31-14	0	-
637	127.516927	127.683594	A4	49	80	0	0	1466	P1-31-15	0	-
638	127.707031	127.843750	G#4	51	80	0	0	1468	P1-31-16	0	-
639	127.851562	128.013021	F#4	48	80	0	0	1470	P1-31-17	0	-
640	128.044271	128.500000	E#4	42	80	0	0	1472	P1-31-18	0	-
641	128.196615	128.434896	D4	45	80	0	0	1474	P1-31-27	0	-
642	128.385417	128.611979	C#4	47	80	0	0	1476	P1-31-28	0	-
643	128.572917	128.742188	B#3	53	80	0	0	1478	P1-31-29	0	-
644	128.743490	128.984375	C#4	47	80	0	0	1480	P1-31-30	0	-
645	128.957031	129.213542	B3	44	80	0	0	1482	P1-31-31	0	-
646	129.205729	129.497396	A3	45	80	0	0	1484	P1-31-32	0	-
647	129.453125	129.803385	G#3	35	80	0	0	1486	P1-31-33	0	-
648	129.829427	131.059896	C#5	48	80	0	0	1488	P1-32-2	0	-
649	129.854167	130.408854	F#3	26	80	0	0	1488	P1-32-12	0	-
650	130.273438	130.389323	A4	32	80	0	0	1492	P1-32-14	0	-
651	130.274740	130.380208	F#4	29	80	0	0	1492	P1-32-13	0	-
652	130.614583	130.683594	F#4	27	80	0	0	1496	P1-32-15	0	-
653	130.904948	131.024740	A4	37	80	0	0	1500	P1-32-18	0	-
654	130.944010	131.089844	F#4	31	80	0	0	1500	P1-32-17	0	-
655	131.299479	131.356771	F#4	20	80	0	0	1504	P1-32-19	0	-
656	131.299479	131.363281	A4	21	80	0	0	1504	P1-32-20	0	-
657	131.606771	132.019531	F#5	48	80	0	0	1508	P1-32-4	0	-
658	131.610677	131.779948	F#4	28	80	0	0	1508	P1-32-21	0	-
659	131.611979	131.729167	A4	29	80	0	0	1508	P1-32-22	0	-
660	131.923177	132.359375	A5	58	80	0	0	1512	P1-32-5	0	-
661	131.927083	132.079427	F#4	28	80	0	0	1512	P1-32-23	0	-
662	131.947917	132.089844	A4	33	80	0	0	1512	P1-32-24	0	-
663	132.246094	132.718750	E#5	57	80	0	0	1516	P1-32-6	0	-
664	132.274740	132.408854	F#4	31	80	0	0	1516	P1-32-25	0	-
665	132.292969	132.429688	A4	29	80	0	0	1516	P1-32-26	0	-
666	132.571615	133.179688	F#5	66	80	0	0	1520	P1-32-7	0	-
667	132.585938	133.000000	A4	35	80	0	0	1520	P1-32-28	0	-
668	132.593750	132.709635	F#4	36	80	0	0	1520	P1-32-27	0	-
669	132.884115	133.309896	B#4	61	80	0	0	1524	P1-32-8	0	-
670	132.891927	133.079427	F#4	41	80	0	0	1524	P1-32-29	0	-
671	133.226562	133.688802	D5	58	80	0	0	1528	P1-32-9	0	-
672	133.247396	133.324219	A4	34	80	0	0	1528	P1-32-32	0	-
673	133.257812	133.468750	F#4	27	80	0	0	1528	P1-32-31	0	-
674	133.583333	133.809896	C#5	51	80	0	0	1532	P1-32-10	0	-
675	133.585938	133.669271	F4	34	80	0	0	1532	P1-32-33	1	-
676	133.597656	133.750000	A4	35	80	0	0	1532	P1-32-34	0	-
677	134.001302	134.859375	C#5	54	80	0	0	1536	P1-33-2	0	-
678	134.015625	134.509115	E#3	31	80	0	0	1536	P1-33-12	0	-
679	134.365885	134.460938	G#4	42	80	0	0	1540	P1-33-14	0	-
680	134.372396	134.449219	E#4	33	80	0	0	1540	P1-33-13	0	-
681	134.683594	134.752604	G#4	40	80	0	0	1544	P1-33-16	0	-
682	134.686198	134.746094	E#4	30	80	0	0	1544	P1-33-15	0	-
683	134.975260	135.053385	G#4	42	80	0	0	1548	P1-33-18	0	-
684	134.975260	135.050781	E#4	35	80	0	0	1548	P1-33-17	0	-
685	135.303385	135.369792	G#4	35	80	0	0	1552	P1-33-20	0	-
686	135.304688	135.438802	E#4	30	80	0	0	1552	P1-33-19	0	-
687	135.610677	136.059896	G#5	59	80	0	0	1556	P1-33-4	0	-
688	135.618490	135.729167	G#4	31	80	0	0	1556	P1-33-22	0	-
689	135.625000	135.739583	E#4	21	80	0	0	1556	P1-33-21	0	-
690	135.942708	136.069010	E#4	37	80	0	0	1560	P1-33-23	0	-
691	135.944010	136.011719	G#4	37	80	0	0	1560	P1-33-24	0	-
692	135.945312	136.389323	B5	67	80	0	0	1560	P1-33-5	0	-
693	136.252604	136.669271	E#5	67	80	0	0	1564	P1-33-6	0	-
694	136.276042	136.419271	G#4	38	80	0	0	1564	P1-33-26	0	-
695	136.279948	136.334635	E#4	36	80	0	0	1564	P1-33-25	0	-
696	136.578125	137.139323	G#5	66	80	0	0	1568	P1-33-7	0	-
697	136.583333	136.658854	G#4	42	80	0	0	1568	P1-33-28	0	-
698	136.602865	136.718750	E#4	33	80	0	0	1568	P1-33-27	0	-
699	136.904948	137.109375	B#4	54	80	0	0	1572	P1-33-8	0	-
700	136.906250	137.019531	G#4	39	80	0	0	1572	P1-33-30	0	-
701	136.923177	137.438802	E#4	31	80	0	0	1572	P1-33-29	0	-
702	137.242188	137.575521	D5	55	80	0	0	1576	P1-33-9	0	-
703	137.252604	137.489583	G#4	36	80	0	0	1576	P1-33-32	0	-
704	137.585938	137.779948	G#4	38	80	0	0	1580	P1-33-34	0	-
705	137.587240	137.729167	C#5	48	80	0	0	1580	P1-33-10	0	-
706	137.626302	137.739583	E#4	27	80	0	0	1580	P1-33-33	0	-
707	137.927083	140.069010	C#5	50	80	0	0	1584	P1-34-14	0	-
708	137.973958	138.699219	F#4	29	80	0	0	1584	P1-34-16	0	-
709	138.266927	139.019531	A5	59	80	0	0	1588	P1-34-3	0	-
710	138.622396	139.408854	E4	41	80	0	0	1592	P1-34-17	0	-
711	138.951823	139.669271	G#5	56	80	0	0	1596	P1-34-5	0	-
712	139.295573	142.134115	D4	40	80	0	0	1600	P1-34-18	0	-
713	139.614583	139.973958	E#5	63	80	0	0	1604	P1-34-7	0	-
714	139.937500	140.321615	F#5	68	80	0	0	1608	P1-34-8	0	-
715	140.270833	140.687500	G#5	72	80	0	0	1612	P1-34-9	0	-
716	140.635417	140.984375	B5	60	80	0	0	1616	P1-34-10	0	-
717	140.674479	140.959635	B4	33	80	0	0	1616	*	3	-
718	140.678385	141.889323	B#4	32	80	0	0	1616	P1-34-15	0	-
719	140.994792	141.449219	A5	54	80	0	0	1620	P1-34-11	0	-
720	141.317708	141.779948	G#5	50	80	0	0	1624	P1-34-12	0	-
721	141.671875	142.399740	F#5	45	80	0	0	1628	P1-34-13	0	-
722	142.011719	143.079427	C#5	35	80	0	0	1632	P1-35-11	0	-
723	142.045573	143.154948	C#4	28	80	0	0	1632	P1-35-10	0	-
724	142.351562	142.730469	E#5	53	80	0	0	1636	P1-35-3	0	-
725	142.695312	143.158854	G#5	48	80	0	0	1640	P1-35-4	0	-
726	143.029948	143.393229	B#4	43	80	0	0	1644	P1-35-5	0	-
727	143.382812	144.149740	C#5	46	80	0	0	1648	P1-35-6	0	-
728	143.695312	144.066406	E#4	49	80	0	0	1652	P1-35-13	0	-
729	144.014323	144.500000	G#4	53	80	0	0	1656	P1-35-14	0	-
730	144.339844	144.731771	C#4	58	80	0	0	1660	P1-35-15	0	-
731	144.665365	145.218750	D4	62	80	0	0	1664	P1-35-16	0	-
732	145.015625	145.468750	G#4	55	80	0	0	1668	*	3	-
733	145.018229	145.483073	G#3	62	80	0	0	1668	P1-35-17	0	-
734	145.364583	145.792969	B3	61	80	0	0	1672	P1-35-18	0	-
735	145.755208	146.354167	E#3	47	80	0	0	1676	P1-35-19	0	-
736	146.236979	147.949219	C#5	57	80	0	0	1680	P1-36-2	0	-
737	146.274740	147.128906	F#3	27	80	0	0	1680	P1-36-12	0	-
738	146.662760	146.829427	A4	37	80	0	0	1684	P1-36-14	0	-
739	146.673177	146.773438	F#4	34	80	0	0	1684	P1-36-13	0	-
740	146.968750	147.044271	A4	36	80	0	0	1688	P1-36-16	0	-
741	146.973958	147.041667	F#4	30	80	0	0	1688	P1-36-15	0	-
742	147.255208	147.346354	A4	39	80	0	0	1692	P1-36-18	0	-
743	147.263021	147.348958	F#4	36	80	0	0	1692	P1-36-17	0	-
744	147.572917	147.644531	A4	35	80	0	0	1696	P1-36-20	0	-
745	147.572917	147.645833	F#4	38	80	0	0	1696	P1-36-19	0	-
746	147.898438	147.984375	F#4	34	80	0	0	1700	P1-36-21	0	-
747	147.902344	147.984375	A4	33	80	0	0	1700	P1-36-22	0	-
748	147.902344	148.389323	F#5	59	80	0	0	1700	P1-36-4	0	-
749	148.233073	148.509115	F#4	36	80	0	0	1704	P1-36-23	0	-
750	148.235677	149.059896	A5	62	80	0	0	1704	P1-36-5	0	-
751	148.236979	148.334635	A4	46	80	0	0	1704	P1-36-24	0	-
752	148.554688	149.009115	E#5	67	80	0	0	1708	P1-36-6	0	-
753	148.569010	148.661458	A4	43	80	0	0	1708	P1-36-26	0	-
754	148.593750	148.718750	F#4	32	80	0	0	1708	P1-36-25	0	-
755	148.882812	149.389323	F#5	77	80	0	0	1712	P1-36-7	0	-
756	148.915365	149.029948	A4	38	80	0	0	1712	P1-36-28	0	-
757	148.924479	149.007812	F#4	42	80	0	0	1712	P1-36-27	0	-
758	149.209635	149.628906	B#4	66	80	0	0	1716	P1-36-8	0	-
759	149.223958	149.296875	F#4	48	80	0	0	1716	P1-36-29	0	-
760	149.223958	149.296875	A4	50	80	0	0	1716	P1-36-30	0	-
761	149.553385	149.923177	D5	70	80	0	0	1720	P1-36-9	0	-
762	149.575521	149.679688	A4	47	80	0	0	1720	P1-36-32	0	-
763	149.584635	149.718750	F#4	44	80	0	0	1720	P1-36-31	0	-
764	149.884115	150.089844	C#5	70	80	0	0	1724	P1-36-10	0	-
765	149.904948	150.089844	F#4	43	80	0	0	1724	P1-36-33	0	-
766	149.923177	150.089844	A4	47	80	0	0	1724	P1-36-34	0	-
767	150.315104	152.039062	C#5	67	80	0	0	1728	P1-37-2	0	-
768	150.326823	150.529948	E4	45	80	0	0	1728	*	3	-
769	150.329427	150.408854	A4	46	80	0	0	1728	*	3	-
770	150.332031	150.759115	E3	43	80	0	0	1728	P1-37-12	0	-
771	150.701823	150.803385	G4	51	80	0	0	1732	P1-37-14	0	-
772	150.713542	150.798177	E4	45	80	0	0	1732	P1-37-13	0	-
773	151.010417	151.084635	G4	46	80	0	0	1736	P1-37-16	0	-
774	151.015625	151.084635	E4	39	80	0	0	1736	P1-37-15	0	-
775	151.283854	151.388021	G4	55	80	0	0	1740	P1-37-18	0	-
776	151.286458	151.375000	E4	56	80	0	0	1740	P1-37-17	0	-
777	151.595052	151.673177	G4	58	80	0	0	1744	P1-37-20	0	-
778	151.600260	151.678385	E4	58	80	0	0	1744	P1-37-19	0	-
779	151.901042	152.273438	G5	75	80	0	0	1748	P1-37-4	0	-
780	151.906250	151.998698	E4	52	80	0	0	1748	P1-37-21	0	-
781	151.907552	151.990885	G4	56	80	0	0	1748	P1-37-22	0	-
782	152.233073	152.878906	A#5	85	80	0	0	1752	P1-37-5	0	-
783	152.265625	152.389323	G4	35	80	0	0	1752	P1-37-24	0	-
784	152.266927	152.408854	E4	30	80	0	0	1752	P1-37-23	0	-
785	152.532552	152.979167	E5	78	80	0	0	1756	P1-37-6	0	-
786	152.563802	152.839844	E4	48	80	0	0	1756	P1-37-25	0	-
787	152.563802	152.739583	G4	46	80	0	0	1756	P1-37-26	0	-
788	152.864583	153.205729	G5	79	80	0	0	1760	P1-37-7	0	-
789	152.904948	152.979167	G4	43	80	0	0	1760	P1-37-28	0	-
790	152.906250	153.209635	E4	35	80	0	0	1760	P1-37-27	0	-
791	153.182292	153.598958	C#5	74	80	0	0	1764	P1-37-8	0	-
792	153.209635	153.399740	G4	49	80	0	0	1764	P1-37-30	0	-
793	153.216146	153.419271	E4	42	80	0	0	1764	P1-37-29	0	-
794	153.520833	153.949219	E5	67	80	0	0	1768	P1-37-9	0	-
795	153.527344	153.839844	E4	46	80	0	0	1768	P1-37-31	0	-
796	153.542969	153.688802	G4	43	80	0	0	1768	P1-37-32	0	-
797	153.846354	154.274740	A#4	65	80	0	0	1772	P1-37-10	0	-
798	153.884115	154.229167	G4	56	80	0	0	1772	P1-37-34	0	-
799	153.884115	154.269531	E4	48	80	0	0	1772	P1-37-33	0	-
800	154.191406	156.079427	F#4	67	80	0	0	1776	P1-38-14	0	-
801	154.218750	154.921875	D#4	54	80	0	0	1776	P1-38-18	0	-
802	154.526042	155.199219	B4	74	80	0	0	1780	P1-38-3	0	-
803	154.851562	155.544271	D4	71	80	0	0	1784	P1-38-19	0	-
804	155.182292	155.839844	B#4	74	80	0	0	1788	P1-38-5	0	-
805	155.507812	156.609375	C#4	80	80	0	0	1792	P1-38-20	0	-
806	155.834635	156.529948	C#5	82	80	0	0	1796	P1-38-7	0	-
807	156.179688	156.729167	F#5	85	80	0	0	1800	P1-38-8	0	-
808	156.513021	156.919271	A4	83	80	0	0	1804	P1-38-9	0	-
809	156.875000	157.639323	C#5	73	80	0	0	1808	P1-38-10	0	-
810	156.882812	157.598958	A3	70	80	0	0	1808	P1-38-22	0	-
811	156.898438	158.109375	C#3	68	80	0	0	1808	P1-38-17	0	-
812	157.217448	157.669271	F#4	78	80	0	0	1812	P1-38-11	0	-
813	157.575521	158.289062	B4	74	80	0	0	1816	P1-38-12	0	-
814	157.582031	158.109375	G#3	63	80	0	0	1816	P1-38-23	0	-
815	157.930990	158.348958	E#4	77	80	0	0	1820	P1-38-13	0	-
816	158.315104	158.682292	F#4	75	80	0	0	1824	P1-39-2	0	-
817	158.315104	159.250000	A3	66	80	0	0	1824	P1-39-27	0	-
818	158.324219	160.559896	F#3	65	80	0	0	1824	P1-39-25	0	-
819	158.667969	158.850260	G#4	75	80	0	0	1828	P1-39-3	0	-
820	158.683594	158.846354	C#4	68	80	0	0	1828	P1-39-28	0	-
821	158.819010	158.946615	A4	74	80	0	0	1830	P1-39-4	0	-
822	158.963542	159.101562	C#4	64	80	0	0	1832	P1-39-29	0	-
823	158.967448	159.119792	B4	75	80	0	0	1832	P1-39-5	0	-
824	159.110677	159.253906	C#5	75	80	0	0	1834	P1-39-6	0	-
825	159.250000	159.574219	C#4	57	80	0	0	1836	P1-39-30	0	-
826	159.253906	159.402344	D#5	75	80	0	0	1836	P1-39-7	0	-
827	159.403646	159.565104	E#5	79	80	0	0	1838	P1-39-8	0	-
828	159.565104	159.722656	F#5	76	80	0	0	1840	P1-39-9	0	-
829	159.571615	160.389323	A3	53	80	0	0	1840	P1-39-31	0	-
830	159.701823	159.863281	G#5	72	80	0	0	1842	P1-39-10	0	-
831	159.854167	160.024740	A5	76	80	0	0	1844	P1-39-11	0	-
832	159.856771	160.002604	C#4	52	80	0	0	1844	P1-39-32	0	-
833	160.000000	160.184896	B5	73	80	0	0	1846	P1-39-12	0	-
834	160.162760	160.283854	C#4	52	80	0	0	1848	P1-39-33	0	-
835	160.164062	160.322917	C#6	73	80	0	0	1848	P1-39-13	0	-
836	160.312500	160.457031	A5	66	80	0	0	1850	P1-39-14	0	-
837	160.462240	160.789062	C#4	54	80	0	0	1852	P1-39-34	0	-
838	160.463542	160.611979	G#5	62	80	0	0	1852	P1-39-15	0	-
839	160.601562	160.776042	F#5	70	80	0	0	1854	P1-39-16	0	-
840	160.746094	161.468750	B3	47	80	0	0	1856	P1-39-35	0	-
841	160.782552	160.915365	E#5	67	80	0	0	1856	P1-39-17	0	-
842	160.924479	161.074219	G#5	54	80	0	0	1858	P1-39-18	0	-
843	161.080729	161.378906	C#4	40	80	0	0	1860	P1-39-36	0	-
844	161.082031	161.203125	E#5	55	80	0	0	1860	P1-39-19	0	-
845	161.233073	161.381510	C#5	52	80	0	0	1862	P1-39-20	0	-
846	161.393229	161.494792	C#4	41	80	0	0	1864	P1-39-37	0	-
847	161.393229	161.524740	B4	57	80	0	0	1864	P1-39-21	0	-
848	161.532552	161.701823	C#5	56	80	0	0	1866	P1-39-22	0	-
849	161.694010	161.821615	B4	61	80	0	0	1868	P1-39-23	0	-
850	161.843750	162.010417	G#4	61	80	0	0	1870	P1-39-24	0	-
851	162.022135	162.363281	F#4	52	80	0	0	1872	P1-40-2	0	-
852	162.024740	162.750000	A3	43	80	0	0	1872	P1-40-27	0	-
853	162.347656	162.609375	G#4	54	80	0	0	1876	P1-40-3	0	-
854	162.381510	162.473958	C#4	33	80	0	0	1876	P1-40-28	0	-
855	162.502604	162.626302	A4	48	80	0	0	1878	P1-40-4	0	-
856	162.647135	162.736979	C#4	42	80	0	0	1880	P1-40-29	0	-
857	162.647135	162.757812	B4	58	80	0	0	1880	P1-40-5	0	-
858	162.769531	162.917969	C#5	62	80	0	0	1882	P1-40-6	0	-
859	162.920573	163.011719	D#5	58	80	0	0	1884	P1-40-7	0	-
860	162.945312	163.287760	C#4	36	80	0	0	1884	P1-40-30	0	-
861	163.080729	163.233073	E#5	61	80	0	0	1886	P1-40-8	0	-
862	163.234375	164.000000	A3	43	80	0	0	1888	P1-40-31	0	-
863	163.234375	163.385417	F#5	57	80	0	0	1888	P1-40-9	0	-
864	163.388021	163.532552	G#5	53	80	0	0	1890	P1-40-10	0	-
865	163.533854	163.688802	A5	56	80	0	0	1892	P1-40-11	0	-
866	163.533854	163.697917	C#4	40	80	0	0	1892	P1-40-32	0	-
867	163.679688	163.824219	B5	61	80	0	0	1894	P1-40-12	0	-
868	163.834635	163.967448	C#4	46	80	0	0	1896	P1-40-33	0	-
869	163.834635	163.972656	C#6	62	80	0	0	1896	P1-40-13	0	-
870	163.977865	164.105469	A5	59	80	0	0	1898	P1-40-14	0	-
871	164.108073	164.403646	C#4	41	80	0	0	1900	P1-40-34	0	-
872	164.125000	164.272135	G#5	53	80	0	0	1900	P1-40-15	0	-
873	164.260417	164.412760	F#5	55	80	0	0	1902	P1-40-16	0	-
874	164.424479	165.079427	B3	41	80	0	0	1904	P1-40-35	0	-
875	164.427083	164.563802	E#5	49	80	0	0	1904	P1-40-17	0	-
876	164.441406	165.378906	C#3	41	80	0	0	1904	P1-40-26	0	-
877	164.572917	164.720052	G#5	51	80	0	0	1906	P1-40-18	0	-
878	164.734375	164.854167	E#5	52	80	0	0	1908	P1-40-19	0	-
879	164.752604	164.989583	C#4	42	80	0	0	1908	P1-40-36	0	-
880	164.875000	164.998698	C#5	56	80	0	0	1910	P1-40-20	0	-
881	165.033854	165.151042	B4	60	80	0	0	1912	P1-40-21	0	-
882	165.041667	165.188802	C#4	42	80	0	0	1912	P1-40-37	0	-
883	165.162760	165.326823	C#5	63	80	0	0	1914	P1-40-22	0	-
884	165.338542	165.445312	B4	54	80	0	0	1916	P1-40-23	0	-
885	165.341146	165.411458	C#4	42	80	0	0	1916	P1-40-38	0	-
886	165.483073	165.638021	G#4	58	80	0	0	1918	P1-40-24	0	-
887	165.639323	166.709635	F#4	58	80	0	0	1920	P1-41-2	0	-
888	165.792969	166.119792	F#2	54	80	0	0	1922	P1-41-21	0	-
889	165.953125	166.119792	G#2	62	80	0	0	1924	P1-41-22	0	-
890	166.096354	166.270833	A2	61	80	0	0	1926	P1-41-23	0	-
891	166.247396	166.388021	B2	71	80	0	0	1928	P1-41-24	0	-
892	166.247396	166.419271	B3	63	80	0	0	1928	*	3	-
893	166.375000	166.669271	C#3	74	80	0	0	1930	P1-41-25	0	-
894	166.535156	166.695312	D#3	71	80	0	0	1932	P1-41-26	0	-
895	166.683594	166.856771	E#3	66	80	0	0	1934	P1-41-27	0	-
896	166.858073	167.729167	F#3	63	80	0	0	1936	P1-41-28	0	-
897	167.006510	167.149740	F#4	53	80	0	0	1938	P1-41-4	0	-
898	167.152344	167.278646	G#4	67	80	0	0	1940	P1-41-5	0	-
899	167.305990	167.457031	A4	67	80	0	0	1942	P1-41-6	0	-
900	167.458333	167.597656	B4	74	80	0	0	1944	P1-41-7	0	-
901	167.592448	167.744792	C#5	72	80	0	0	1946	P1-41-8	0	-
902	167.736979	167.919271	D#5	74	80	0	0	1948	P1-41-9	0	-
903	167.884115	168.054688	E#5	76	80	0	0	1950	P1-41-10	0	-
904	168.027344	168.194010	F#5	76	80	0	0	1952	P1-41-11	0	-
905	168.166667	168.351562	G#5	73	80	0	0	1954	P1-41-12	0	-
906	168.319010	168.486979	A5	81	80	0	0	1956	P1-41-13	0	-
907	168.471354	168.644531	B5	80	80	0	0	1958	P1-41-14	0	-
908	168.636719	168.804688	C#6	78	80	0	0	1960	P1-41-15	0	-
909	168.792969	168.941406	A5	68	80	0	0	1962	P1-41-16	0	-
910	168.944010	169.114583	F#5	75	80	0	0	1964	P1-41-17	0	-
911	169.093750	169.299479	C#5	71	80	0	0	1966	P1-41-18	0	-
912	169.307292	170.059896	D5	76	80	0	0	1968	P1-42-2	0	-
913	169.473958	169.640625	F3	68	80	0	0	1970	P1-42-21	0	-
914	169.625000	169.805990	G3	74	80	0	0	1972	P1-42-22	0	-
915	169.778646	169.908854	A3	82	80	0	0	1974	P1-42-23	0	-
916	169.917969	170.063802	B3	75	80	0	0	1976	P1-42-24	0	-
917	170.050781	170.220052	C#4	76	80	0	0	1978	P1-42-25	0	-
918	170.212240	170.350260	D4	74	80	0	0	1980	P1-42-26	0	-
919	170.364583	170.554688	E4	74	80	0	0	1982	P1-42-27	0	-
920	170.542969	171.218750	F4	65	80	0	0	1984	P1-42-28	0	-
921	170.695312	170.843750	A4	65	80	0	0	1986	P1-42-4	0	-
922	170.843750	170.986979	B4	73	80	0	0	1988	P1-42-5	0	-
923	170.984375	171.145833	C#5	75	80	0	0	1990	P1-42-6	0	-
924	171.134115	171.283854	D5	81	80	0	0	1992	P1-42-7	0	-
925	171.274740	171.451823	E5	78	80	0	0	1994	P1-42-8	0	-
926	171.430990	171.591146	F5	83	80	0	0	1996	P1-42-9	0	-
927	171.576823	171.778646	G5	79	80	0	0	1998	P1-42-10	0	-
928	171.751302	171.903646	A5	79	80	0	0	2000	P1-42-11	0	-
929	171.894531	172.076823	D5	71	80	0	0	2002	P1-42-12	0	-
930	172.058594	172.270833	F5	79	80	0	0	2004	P1-42-13	0	-
931	172.203125	172.402344	A5	70	80	0	0	2006	P1-42-14	0	-
932	172.395833	172.619792	D6	74	80	0	0	2008	P1-42-15	0	-
933	172.558594	172.746094	C6	72	80	0	0	2010	P1-42-16	0	-
934	172.726562	172.859375	B5	70	80	0	0	2012	P1-42-17	0	-
935	172.864583	173.019531	A5	69	80	0	0	2014	P1-42-18	0	-
936	173.031250	173.200521	A5	60	80	0	0	2016	P1-43-2	0	-
937	173.033854	175.229167	D4	46	80	0	0	2016	P1-43-29	0	-
938	173.044271	175.319010	B3	40	80	0	0	2016	P1-43-28	0	-
939	173.050781	175.309896	E3	41	80	0	0	2016	P1-43-27	0	-
940	173.191406	173.356771	G#5	63	80	0	0	2018	P1-43-3	0	-
941	173.360677	173.496094	B5	66	80	0	0	2020	P1-43-4	0	-
942	173.502604	173.692708	A#5	63	80	0	0	2022	P1-43-5	0	-
943	173.684896	173.842448	C#6	60	80	0	0	2024	P1-43-6	0	-
944	173.832031	173.962240	B5	65	80	0	0	2026	P1-43-7	0	-
945	173.992188	174.156250	A5	58	80	0	0	2028	P1-43-8	0	-
946	174.147135	174.329427	G#5	55	80	0	0	2030	P1-43-9	0	-
947	174.315104	174.472656	F#5	61	80	0	0	2032	P1-43-10	0	-
948	174.472656	174.639323	E5	60	80	0	0	2034	P1-43-11	0	-
949	174.643229	174.776042	F#5	54	80	0	0	2036	P1-43-12	0	-
950	174.786458	174.962240	E#5	60	80	0	0	2038	P1-43-13	0	-
951	174.966146	175.123698	G#5	40	80	0	0	2040	P1-43-14	0	-
952	175.125000	175.289062	F#5	56	80	0	0	2042	P1-43-15	0	-
953	175.304688	175.416667	E5	54	80	0	0	2044	P1-43-16	0	-
954	175.449219	175.645833	D5	57	80	0	0	2046	P1-43-17	0	-
955	175.641927	175.798177	C#5	52	80	0	0	2048	P1-43-18	0	-
956	175.645833	177.348958	D4	36	80	0	0	2048	P1-43-32	0	-
957	175.674479	177.378906	E3	27	80	0	0	2048	P1-43-30	0	-
958	175.684896	177.429688	G#3	27	80	0	0	2048	P1-43-31	0	-
959	175.812500	176.080729	B4	50	80	0	0	2050	P1-43-19	0	-
960	176.014323	176.194010	D5	52	80	0	0	2052	P1-43-20	0	-
961	176.199219	176.432292	C#5	52	80	0	0	2054	P1-43-21	0	-
962	176.434896	176.679688	E5	50	80	0	0	2056	P1-43-22	0	-
963	176.664062	176.950521	D5	48	80	0	0	2058	P1-43-23	0	-
964	176.945312	177.238281	C#5	44	80	0	0	2060	P1-43-24	0	-
965	177.261719	177.859375	B#4	35	80	0	0	2062	P1-43-25	0	-
966	177.786458	179.089844	C#5	56	80	0	0	2064	P1-44-2	0	-
967	177.819010	179.759115	A3	33	80	0	0	2064	P1-44-12	0	-
968	177.834635	183.289062	E4	38	80	0	0	2064	P1-44-11	0	-
969	179.063802	179.167969	D5	61	80	0	0	2076	P1-44-3	0	-
970	179.162760	179.255208	C#5	68	80	0	0	2077	P1-44-4	0	-
971	179.274740	179.386719	B4	71	80	0	0	2078	P1-44-5	0	-
972	179.382812	179.549479	C#5	75	80	0	0	2079	P1-44-6	0	-
973	179.536458	181.119792	B3	40	80	0	0	2080	P1-44-13	0	-
974	179.542969	180.320312	E5	67	80	0	0	2080	P1-44-7	0	-
975	180.235677	181.002604	D5	58	80	0	0	2088	P1-44-8	0	-
976	180.934896	181.809896	B4	50	80	0	0	2096	P1-44-9	0	-
977	180.944010	182.519531	D4	29	80	0	0	2096	P1-44-14	0	-
978	181.654948	182.539062	G#4	48	80	0	0	2104	P1-44-10	0	-
979	182.417969	183.539062	A4	44	80	0	0	2112	P1-45-2	0	-
980	182.463542	183.359375	C#4	25	80	0	0	2112	P1-45-6	0	-
981	183.621094	184.079427	C#5	43	80	0	0	2124	P1-45-3	0	-
982	183.792969	184.079427	A4	52	80	0	0	2126	P1-45-4	0	-
983	184.024740	187.500000	E5	58	80	0	0	2128	P1-45-5	0	-
984	184.692708	185.000000	D5	39	80	0	0	2136	P1-45-11	0	-
985	184.717448	184.934896	G#4	24	80	0	0	2136	P1-45-10	0	-
986	185.337240	185.679688	D5	46	80	0	0	2144	P1-45-13	0	-
987	185.339844	185.679688	G#4	42	80	0	0	2144	P1-45-12	0	-
988	185.983073	186.718750	D5	55	80	0	0	2152	P1-45-15	0	-
989	186.013021	186.789062	G#4	46	80	0	0	2152	P1-45-14	0	-
990	186.692708	188.179688	C#5	44	80	0	0	2160	P1-46-16	0	-
991	186.699219	188.339844	A4	32	80	0	0	2160	P1-46-15	0	-
992	187.022135	187.579427	A5	64	80	0	0	2164	P1-46-3	0	-
993	187.339844	187.799479	G#5	59	80	0	0	2168	P1-46-4	0	-
994	187.674479	188.063802	G5	56	80	0	0	2172	P1-46-5	0	-
995	188.018229	188.468750	E#5	52	80	0	0	2176	P1-46-6	0	-
996	188.028646	189.069010	D4	29	80	0	0	2176	P1-46-17	0	-
997	188.347656	188.708333	F#5	57	80	0	0	2180	P1-46-7	0	-
998	188.660156	189.042969	E5	63	80	0	0	2184	P1-46-8	0	-
999	188.984375	189.324219	D5	60	80	0	0	2188	P1-46-9	0	-
1000	189.321615	189.725260	C#5	54	80	0	0	2192	P1-46-10	0	-
1001	189.665365	190.079427	B4	58	80	0	0	2196	P1-46-11	0	-
1002	190.023438	190.421875	D5	53	80	0	0	2200	P1-46-12	0	-
1003	190.412760	191.029948	F#5	50	80	0	0	2204	P1-46-13	0	-
1004	190.903646	192.169271	A4	43	80	0	0	2208	P1-47-2	0	-
1005	190.911458	192.549479	C#4	30	80	0	0	2208	P1-47-15	0	-
1006	190.936198	192.908854	E3	22	80	0	0	2208	P1-47-13	0	-
1007	192.152344	192.389323	B4	50	80	0	0	2220	P1-47-3	0	-
1008	192.316406	192.542969	A4	50	80	0	0	2222	P1-47-4	0	-
1009	192.507812	192.933594	G#4	53	80	0	0	2224	P1-47-5	0	-
1010	192.514323	193.789062	B3	34	80	0	0	2224	P1-47-16	0	-
1011	192.854167	193.204427	E4	58	80	0	0	2228	P1-47-6	0	-
1012	193.157552	193.531250	F#4	63	80	0	0	2232	P1-47-7	0	-
1013	193.473958	193.825521	G#4	71	80	0	0	2236	P1-47-8	0	-
1014	193.792969	194.175781	A4	64	80	0	0	2240	P1-47-9	0	-
1015	194.101562	194.493490	A#4	74	80	0	0	2244	P1-47-10	0	-
1016	194.424479	194.832031	B4	72	80	0	0	2248	P1-47-11	0	-
1017	194.770833	195.309896	B#4	61	80	0	0	2252	P1-47-12	0	-
1018	195.234375	196.359375	C#5	58	80	0	0	2256	P1-48-2	0	-
1019	195.243490	196.639323	A4	45	80	0	0	2256	P1-48-13	0	-
1020	195.289062	196.929688	A3	31	80	0	0	2256	P1-48-12	0	-
1021	196.334635	196.441406	D5	64	80	0	0	2268	P1-48-3	0	-
1022	196.433594	196.528646	C#5	64	80	0	0	2269	P1-48-4	0	-
1023	196.536458	196.709635	B4	73	80	0	0	2270	P1-48-5	0	-
1024	196.639323	196.782552	C#5	73	80	0	0	2271	P1-48-6	0	-
1025	196.774740	198.299479	G#4	51	80	0	0	2272	P1-48-15	0	-
1026	196.776042	197.609375	E5	65	80	0	0	2272	P1-48-7	0	-
1027	196.779948	198.908854	B3	44	80	0	0	2272	P1-48-14	0	-
1028	197.445312	198.222656	D5	64	80	0	0	2280	P1-48-8	0	-
1029	198.132812	198.916667	B4	51	80	0	0	2288	P1-48-9	0	-
1030	198.145833	199.369792	E4	33	80	0	0	2288	P1-48-17	0	-
1031	198.158854	199.479167	D4	28	80	0	0	2288	P1-48-16	0	-
1032	198.847656	199.729167	G#4	53	80	0	0	2296	P1-48-10	0	-
1033	199.645833	200.829427	A4	37	80	0	0	2304	P1-49-2	0	-
1034	199.660156	201.279948	E4	29	80	0	0	2304	P1-49-12	0	-
1035	199.671875	201.279948	C#4	25	80	0	0	2304	P1-49-11	0	-
1036	200.815104	201.024740	C#5	52	80	0	0	2316	P1-49-3	0	-
1037	200.993490	201.394531	A4	58	80	0	0	2318	P1-49-4	0	-
1038	201.273438	203.079427	E#5	71	80	0	0	2320	P1-49-5	0	-
1039	201.955729	202.500000	B4	53	80	0	0	2328	P1-49-15	0	-
1040	201.994792	202.709635	D4	27	80	0	0	2328	P1-49-14	0	-
1041	202.636719	203.399740	C5	52	80	0	0	2336	P1-49-17	0	-
1042	202.644531	203.158854	D#4	43	80	0	0	2336	P1-49-16	0	-
1043	202.990885	203.415365	F#5	72	80	0	0	2340	P1-49-7	0	-
1044	203.372396	203.889323	G#5	69	80	0	0	2344	P1-49-8	0	-
1045	203.406250	204.658854	C5	36	80	0	0	2344	P1-49-19	0	-
1046	203.415365	204.329427	D#4	35	80	0	0	2344	P1-49-18	0	-
1047	203.770833	204.169271	A5	74	80	0	0	2348	P1-49-9	0	-
1048	204.281250	205.369792	A5	57	80	0	0	2352	P1-50-2	0	-
1049	204.292969	204.989583	C#5	38	80	0	0	2352	P1-50-17	0	-
1050	204.312500	205.589844	E4	27	80	0	0	2352	P1-50-16	0	-
1051	205.283854	205.417969	B5	53	80	0	0	2362	P1-50-4	0	-
1052	205.428385	205.729167	C#6	58	80	0	0	2364	P1-50-5	0	-
1053	205.571615	205.733073	A5	49	80	0	0	2366	P1-50-6	0	-
1054	205.742188	206.179688	E5	48	80	0	0	2368	P1-50-7	0	-
1055	206.095052	206.878906	A5	59	80	0	0	2372	P1-50-8	0	-
1056	206.437500	206.878906	C#5	58	80	0	0	2376	P1-50-9	0	-
1057	206.776042	207.164062	F#5	60	80	0	0	2380	P1-50-10	0	-
1058	207.109375	207.485677	E5	66	80	0	0	2384	P1-50-11	0	-
1059	207.454427	207.908854	D#5	60	80	0	0	2388	P1-50-12	0	-
1060	207.821615	208.276042	D5	52	80	0	0	2392	P1-50-13	0	-
1061	207.847656	208.389323	D4	29	80	0	0	2392	P1-50-21	0	-
1062	207.854167	208.949219	E3	27	80	0	0	2392	P1-50-20	0	-
1063	208.227865	208.489583	B4	54	80	0	0	2396	P1-50-14	0	-
1064	208.723958	210.559896	B4	52	80	0	0	2400	P1-51-2	0	-
1065	208.725260	210.908854	A3	33	80	0	0	2400	P1-51-5	0	-
1066	208.733073	210.529948	D4	31	80	0	0	2400	P1-51-7	0	-
1067	210.401042	211.229167	A4	34	80	0	0	2416	P1-51-3	0	-
1068	210.403646	210.848958	C#4	32	80	0	0	2416	P1-51-8	0	-
1069	211.162760	212.000000	E3	46	80	0	0	2424	P1-51-9	0	-
1070	211.165365	211.519531	E4	42	80	0	0	2424	*	3	-
1071	211.916667	212.746094	C#3	44	80	0	0	2432	P1-51-10	0	-
1072	211.920573	212.139323	C#4	40	80	0	0	2432	*	3	-
1073	212.687500	213.709635	A2	45	80	0	0	2440	P1-51-11	0	-
1074	213.628906	214.559896	D5	56	80	0	0	2448	P1-52-2	0	-
1075	213.673177	215.819010	E3	30	80	0	0	2448	P1-52-17	0	-
1076	214.322917	214.949219	B3	29	80	0	0	2456	P1-52-22	0	-
1077	214.372396	214.949219	G#3	23	80	0	0	2456	P1-52-21	0	-
1078	214.514323	214.799479	F#5	53	80	0	0	2458	P1-52-4	0	-
1079	214.682292	214.795573	E5	59	80	0	0	2460	P1-52-5	0	-
1080	214.811198	214.964844	F#5	61	80	0	0	2462	P1-52-6	0	-
1081	214.963542	215.628906	B3	41	80	0	0	2464	P1-52-24	0	-
1082	214.964844	215.106771	D5	56	80	0	0	2464	P1-52-7	0	-
1083	215.001302	215.619792	G#3	33	80	0	0	2464	P1-52-23	0	-
1084	215.131510	215.253906	E5	54	80	0	0	2466	P1-52-8	0	-
1085	215.268229	215.384115	C#5	58	80	0	0	2468	P1-52-9	0	-
1086	215.406250	215.552083	D5	59	80	0	0	2470	P1-52-10	0	-
1087	215.582031	216.309896	A3	38	80	0	0	2472	P1-52-25	0	-
1088	215.582031	215.713542	B4	59	80	0	0	2472	P1-52-11	0	-
1089	215.583333	216.229167	C#4	42	80	0	0	2472	P1-52-26	0	-
1090	215.721354	215.863281	C#5	62	80	0	0	2474	P1-52-12	0	-
1091	215.877604	216.014323	A4	58	80	0	0	2476	P1-52-13	0	-
1092	216.035156	216.229167	B4	61	80	0	0	2478	P1-52-14	0	-
1093	216.223958	217.009115	G#4	53	80	0	0	2480	P1-52-15	0	-
1094	216.230469	216.609375	D4	37	80	0	0	2480	P1-52-28	0	-
1095	216.230469	216.658854	B3	38	80	0	0	2480	P1-52-27	0	-
1096	216.945312	217.878906	D4	41	80	0	0	2488	P1-52-30	0	-
1097	216.947917	217.799479	B3	35	80	0	0	2488	P1-52-29	0	-
1098	217.705729	218.553385	E5	65	80	0	0	2496	P1-53-2	0	-
1099	217.733073	219.729167	A3	36	80	0	0	2496	P1-53-17	0	-
1100	218.404948	218.819010	E4	50	80	0	0	2504	P1-53-22	0	-
1101	218.414062	218.889323	C#4	43	80	0	0	2504	P1-53-21	0	-
1102	218.558594	218.779948	D#5	66	80	0	0	2506	P1-53-4	0	-
1103	218.705729	218.854167	F#5	71	80	0	0	2508	P1-53-5	0	-
1104	218.845052	219.000000	E5	74	80	0	0	2510	P1-53-6	0	-
1105	219.003906	219.164062	A5	70	80	0	0	2512	P1-53-7	0	-
1106	219.003906	219.628906	E4	58	80	0	0	2512	P1-53-24	0	-
1107	219.031250	219.688802	C#4	48	80	0	0	2512	P1-53-23	0	-
1108	219.145833	219.304688	G#5	72	80	0	0	2514	P1-53-8	0	-
1109	219.295573	219.425781	B5	77	80	0	0	2516	P1-53-9	0	-
1110	219.429688	219.608073	A5	78	80	0	0	2518	P1-53-10	0	-
1111	219.584635	219.908854	C#6	78	80	0	0	2520	P1-53-11	0	-
1112	219.593750	220.279948	D4	56	80	0	0	2520	P1-53-26	0	-
1113	219.611979	220.289062	B3	48	80	0	0	2520	P1-53-25	0	-
1114	219.731771	219.882812	B5	70	80	0	0	2522	P1-53-12	0	-
1115	219.894531	220.033854	D6	80	80	0	0	2524	P1-53-13	0	-
1116	220.029948	220.279948	C#6	77	80	0	0	2526	P1-53-14	0	-
1117	220.234375	221.069010	E6	70	80	0	0	2528	P1-53-15	0	-
1118	220.235677	221.029948	C#4	55	80	0	0	2528	P1-53-27	0	-
1119	220.240885	221.029948	A3	51	80	0	0	2528	P1-53-18	0	-
1120	220.917969	221.839844	B3	63	80	0	0	2536	P1-53-28	0	-
1121	220.945312	221.848958	G#3	54	80	0	0	2536	P1-53-19	0	-
1122	221.696615	222.639323	A5	76	80	0	0	2544	P1-54-2	0	-
1123	221.705729	225.049479	F#3	51	80	0	0	2544	P1-54-23	0	-
1124	222.390625	222.848958	C#4	58	80	0	0	2552	P1-54-26	0	-
1125	222.394531	222.779948	A3	49	80	0	0	2552	P1-54-25	0	-
1126	222.552083	222.708333	C#6	71	80	0	0	2554	P1-54-4	0	-
1127	222.700521	222.847656	B5	73	80	0	0	2556	P1-54-5	0	-
1128	222.842448	223.005208	C#6	82	80	0	0	2558	P1-54-6	0	-
1129	222.984375	223.489583	C#4	51	80	0	0	2560	P1-54-28	0	-
1130	222.992188	223.459635	A3	45	80	0	0	2560	P1-54-27	0	-
1131	222.992188	223.138021	A5	73	80	0	0	2560	P1-54-7	0	-
1132	223.151042	223.459635	B5	67	80	0	0	2562	P1-54-8	0	-
1133	223.302083	223.463542	G#5	69	80	0	0	2564	P1-54-9	0	-
1134	223.447917	223.636719	A5	75	80	0	0	2566	P1-54-10	0	-
1135	223.614583	223.777344	F#5	71	80	0	0	2568	P1-54-11	0	-
1136	223.625000	224.259115	C#4	50	80	0	0	2568	P1-54-30	0	-
1137	223.630208	224.098958	A3	47	80	0	0	2568	P1-54-29	0	-
1138	223.759115	223.769531	G#6	71	80	0	0	2570	*	3	-
1139	223.760417	224.089844	G#5	74	80	0	0	2570	P1-54-12	0	-
1140	223.917969	224.085938	E5	73	80	0	0	2572	P1-54-13	0	-
1141	224.069010	224.274740	F#5	75	80	0	0	2574	P1-54-14	0	-
1142	224.234375	224.398438	D#5	68	80	0	0	2576	P1-54-15	0	-
1143	224.251302	224.704427	A3	49	80	0	0	2576	P1-54-31	0	-
1144	224.253906	224.721354	B3	49	80	0	0	2576	P1-54-32	0	-
1145	224.393229	224.583333	E5	72	80	0	0	2578	P1-54-16	0	-
1146	224.557292	224.569010	F#6	68	80	0	0	2580	*	3	-
1147	224.562500	224.742188	F#5	73	80	0	0	2580	P1-54-17	0	-
1148	224.722656	224.968750	G#5	71	80	0	0	2582	P1-54-18	0	-
1149	224.927083	225.188802	B5	64	80	0	0	2584	P1-54-19	0	-
1150	224.933594	225.438802	A3	42	80	0	0	2584	P1-54-33	0	-
1151	224.933594	225.479167	B3	47	80	0	0	2584	P1-54-34	0	-
1152	225.122396	225.307292	A5	68	80	0	0	2586	P1-54-20	0	-
1153	225.330729	225.524740	F#5	62	80	0	0	2588	P1-54-21	0	-
1154	225.522135	226.039062	D#5	61	80	0	0	2590	P1-54-22	0	-
1155	225.871094	227.589844	F#5	53	80	0	0	2592	P1-55-2	0	-
1156	225.873698	229.899740	B3	42	80	0	0	2592	P1-55-14	0	-
1157	225.885417	227.500000	A3	40	80	0	0	2592	P1-55-13	0	-
1158	225.904948	229.579427	E3	31	80	0	0	2592	P1-55-12	0	-
1159	227.421875	229.229167	G#3	33	80	0	0	2608	P1-55-16	0	-
1160	227.761719	228.199219	D#5	54	80	0	0	2612	P1-55-4	0	-
1161	228.074219	228.539062	E5	66	80	0	0	2616	P1-55-5	0	-
1162	228.411458	228.878906	E#5	73	80	0	0	2620	P1-55-6	0	-
1163	228.770833	229.329427	G#5	63	80	0	0	2624	P1-55-7	0	-
1164	229.123698	229.529948	F#5	69	80	0	0	2628	P1-55-8	0	-
1165	229.488281	229.924479	E5	71	80	0	0	2632	P1-55-9	0	-
1166	229.864583	230.484375	D5	69	80	0	0	2636	P1-55-10	0	-
1167	230.393229	231.559896	C#5	65	80	0	0	2640	P1-56-2	0	-
1168	230.397135	232.019531	G4	53	80	0	0	2640	P1-56-13	0	-
1169	230.416667	232.139323	A#3	45	80	0	0	2640	P1-56-12	0	-
1170	231.574219	231.673177	D5	64	80	0	0	2652	P1-56-3	0	-
1171	231.680990	231.764323	C#5	70	80	0	0	2653	P1-56-4	0	-
1172	231.783854	231.882812	B4	73	80	0	0	2654	P1-56-5	0	-
1173	231.877604	232.048177	C#5	73	80	0	0	2655	P1-56-6	0	-
1174	232.026042	232.889323	E5	71	80	0	0	2656	P1-56-7	0	-
1175	232.027344	233.609375	B3	45	80	0	0	2656	P1-56-14	0	-
1176	232.757812	233.609375	D5	68	80	0	0	2664	P1-56-8	0	-
1177	233.494792	234.628906	B4	55	80	0	0	2672	P1-56-9	0	-
1178	233.496094	235.319010	F4	48	80	0	0	2672	P1-56-17	0	-
1179	233.496094	235.299479	D4	47	80	0	0	2672	P1-56-16	0	-
1180	234.294271	235.239583	G#4	64	80	0	0	2680	P1-56-10	0	-
1181	235.104167	236.389323	A4	52	80	0	0	2688	P1-57-2	0	-
1182	235.110677	236.609375	E4	42	80	0	0	2688	P1-57-8	0	-
1183	235.111979	236.889323	C#4	44	80	0	0	2688	P1-57-7	0	-
1184	236.342448	236.848958	C#5	61	80	0	0	2700	P1-57-3	0	-
1185	236.510417	236.904948	A4	67	80	0	0	2702	P1-57-4	0	-
1186	236.792969	239.549479	G5	68	80	0	0	2704	P1-57-5	0	-
1187	237.516927	238.309896	A#4	53	80	0	0	2712	P1-57-11	0	-
1188	237.536458	238.339844	C#4	44	80	0	0	2712	P1-57-10	0	-
1189	238.248698	239.029948	B4	51	80	0	0	2720	P1-57-13	0	-
1190	238.294271	239.179688	D4	33	80	0	0	2720	P1-57-12	0	-
1191	239.002604	239.839844	C#5	46	80	0	0	2728	P1-57-15	0	-
1192	239.037760	240.149740	E4	26	80	0	0	2728	P1-57-14	0	-
1193	239.796875	240.019531	E#5	48	80	0	0	2736	P1-58-2	0	-
1194	239.799479	240.509115	D5	40	80	0	0	2736	P1-58-18	0	-
1195	239.826823	240.520833	D4	25	80	0	0	2736	P1-58-17	0	-
1196	239.960938	240.132812	F#5	55	80	0	0	2738	P1-58-3	0	-
1197	240.152344	240.300781	G#5	49	80	0	0	2740	P1-58-4	0	-
1198	240.313802	240.492188	F#5	53	80	0	0	2742	P1-58-5	0	-
1199	240.483073	240.610677	E5	54	80	0	0	2744	P1-58-6	0	-
1200	240.635417	240.773438	D5	54	80	0	0	2746	P1-58-7	0	-
1201	240.819010	240.996094	C#5	51	80	0	0	2748	P1-58-8	0	-
1202	240.986979	241.200521	B4	52	80	0	0	2750	P1-58-9	0	-
1203	241.205729	241.345052	A4	41	80	0	0	2752	P1-58-10	0	-
1204	241.212240	242.192708	C#4	34	80	0	0	2752	P1-58-21	0	-
1205	241.236979	242.201823	E3	25	80	0	0	2752	P1-58-20	0	-
1206	241.635417	242.179688	C#5	50	80	0	0	2756	P1-58-11	0	-
1207	242.130208	242.609375	E5	48	80	0	0	2760	P1-58-12	0	-
1208	242.897135	243.739583	D4	34	80	0	0	2776	P1-58-25	0	-
1209	242.910156	243.589844	E3	22	80	0	0	2776	P1-58-24	0	-
1210	243.328125	244.000000	E4	47	80	0	0	2772	*	3	-
1211	243.742188	244.279948	F#4	60	80	0	0	2776	*	3	-
1212	244.196615	244.794271	G#4	68	80	0	0	2780	P1-58-15	0	-
1213	244.751302	245.859375	A4	57	80	0	0	2784	P1-59-2	0	-
1214	244.753906	245.039062	A2	35	80	0	0	2784	P1-59-12	0	-
1215	245.285156	245.398438	C#4	29	80	0	0	2788	P1-59-14	0	-
1216	245.611979	245.695312	C#4	29	80	0	0	2792	P1-59-16	0	-
1217	245.614583	245.701823	A3	30	80	0	0	2792	P1-59-15	0	-
1218	245.921875	246.013021	C#4	37	80	0	0	2796	P1-59-18	0	-
1219	245.937500	246.015625	A3	31	80	0	0	2796	P1-59-17	0	-
1220	246.273438	246.375000	C#4	34	80	0	0	2800	P1-59-20	0	-
1221	246.305990	246.449219	A3	29	80	0	0	2800	P1-59-19	0	-
1222	246.604167	247.006510	A5	63	80	0	0	2804	P1-59-4	0	-
1223	246.644531	246.730469	A3	26	80	0	0	2804	P1-59-21	0	-
1224	246.947917	247.399740	C#6	74	80	0	0	2808	P1-59-5	0	-
1225	246.964844	247.074219	A3	35	80	0	0	2808	P1-59-23	0	-
1226	246.966146	247.089844	C#4	33	80	0	0	2808	P1-59-24	0	-
1227	247.292969	247.682292	E5	70	80	0	0	2812	P1-59-6	0	-
1228	247.307292	247.609375	C#4	42	80	0	0	2812	P1-59-26	0	-
1229	247.320312	247.403646	A3	39	80	0	0	2812	P1-59-25	0	-
1230	247.636719	248.013021	E#5	73	80	0	0	2816	P1-59-7	0	-
1231	247.657552	247.839844	A3	35	80	0	0	2816	P1-59-27	0	-
1232	247.662760	247.759115	D4	37	80	0	0	2816	P1-59-28	0	-
1233	247.968750	248.128906	D4	38	80	0	0	2820	P1-59-30	0	-
1234	247.968750	248.399740	F#5	70	80	0	0	2820	P1-59-8	0	-
1235	247.985677	248.083333	A3	39	80	0	0	2820	P1-59-29	0	-
1236	248.305990	249.079427	A5	68	80	0	0	2824	P1-59-9	0	-
1237	248.312500	248.455729	D4	36	80	0	0	2824	P1-59-32	0	-
1238	248.319010	248.473958	A3	33	80	0	0	2824	P1-59-31	0	-
1239	248.665365	249.139323	F#5	64	80	0	0	2828	P1-59-10	0	-
1240	248.684896	248.766927	A3	35	80	0	0	2828	P1-59-33	0	-
1241	248.687500	248.763021	D4	36	80	0	0	2828	P1-59-34	0	-
1242	249.088542	249.949219	D#5	60	80	0	0	2832	P1-60-2	0	-
1243	249.089844	249.222656	A2	33	80	0	0	2832	P1-60-13	0	-
1244	249.511719	249.979167	C#4	37	80	0	0	2836	P1-60-15	0	-
1245	249.520833	249.592448	A3	33	80	0	0	2836	P1-60-14	0	-
1246	249.848958	250.809896	E5	56	80	0	0	2840	P1-60-3	0	-
1247	249.885417	249.979167	A3	24	80	0	0	2840	P1-60-16	0	-
1248	250.184896	250.274740	C#4	41	80	0	0	2844	P1-60-19	0	-
1249	250.192708	250.276042	A3	39	80	0	0	2844	P1-60-18	0	-
1250	250.485677	250.576823	C#4	40	80	0	0	2848	P1-60-21	0	-
1251	250.516927	250.583333	A3	33	80	0	0	2848	P1-60-20	0	-
1252	250.799479	251.309896	A5	73	80	0	0	2852	P1-60-5	0	-
1253	250.799479	251.009115	C#4	38	80	0	0	2852	P1-60-23	0	-
1254	250.819010	251.000000	A3	35	80	0	0	2852	P1-60-22	0	-
1255	251.135417	251.519531	C#6	80	80	0	0	2856	P1-60-6	0	-
1256	251.170573	251.279948	C#4	31	80	0	0	2856	P1-60-25	0	-
1257	251.171875	251.348958	A3	37	80	0	0	2856	P1-60-24	0	-
1258	251.473958	251.779948	C#4	48	80	0	0	2860	P1-60-27	0	-
1259	251.473958	251.843750	E5	76	80	0	0	2860	P1-60-7	0	-
1260	251.500000	251.829427	A3	38	80	0	0	2860	P1-60-26	0	-
1261	251.811198	252.165365	E#5	79	80	0	0	2864	P1-60-8	0	-
1262	251.822917	252.019531	D4	42	80	0	0	2864	P1-60-29	0	-
1263	251.835938	252.000000	A3	35	80	0	0	2864	P1-60-28	0	-
1264	252.144531	252.483073	F#5	74	80	0	0	2868	P1-60-9	0	-
1265	252.147135	252.378906	D4	40	80	0	0	2868	P1-60-31	0	-
1266	252.153646	252.378906	A3	42	80	0	0	2868	P1-60-30	0	-
1267	252.484375	253.169271	A5	59	80	0	0	2872	P1-60-10	0	-
1268	252.509115	252.639323	D4	31	80	0	0	2872	P1-60-33	0	-
1269	252.514323	252.789062	A3	29	80	0	0	2872	P1-60-32	0	-
1270	252.833333	253.259115	F#5	52	80	0	0	2876	P1-60-11	0	-
1271	252.833333	253.188802	D4	39	80	0	0	2876	P1-60-35	0	-
1272	252.843750	253.000000	A3	34	80	0	0	2876	P1-60-34	0	-
1273	253.184896	253.437500	A3	34	80	0	0	2880	P1-61-17	0	-
1274	253.184896	253.445312	C#4	36	80	0	0	2880	P1-61-18	0	-
1275	253.190104	253.294271	D#5	50	80	0	0	2880	P1-61-2	0	-
1276	253.333333	253.407552	E5	59	80	0	0	2882	P1-61-3	0	-
1277	253.486979	253.611979	F#5	51	80	0	0	2884	P1-61-4	0	-
1278	253.636719	253.700521	E5	46	80	0	0	2886	P1-61-5	0	-
1279	253.773438	253.873698	D5	46	80	0	0	2888	P1-61-6	0	-
1280	253.920573	254.049479	C#5	50	80	0	0	2890	P1-61-7	0	-
1281	254.065104	254.132812	B4	49	80	0	0	2892	P1-61-8	0	-
1282	254.204427	254.261719	A4	47	80	0	0	2894	P1-61-9	0	-
1283	254.394531	254.848958	C#5	45	80	0	0	2896	P1-61-10	0	-
1284	254.425781	254.829427	E4	26	80	0	0	2896	P1-61-21	0	-
1285	254.425781	254.848958	E3	27	80	0	0	2896	P1-61-20	0	-
1286	255.768229	256.572917	D4	31	80	0	0	2912	P1-61-24	0	-
1287	255.792969	255.852865	B4	55	80	0	0	2912	*	3	-
1288	255.795573	257.359375	E3	29	80	0	0	2912	P1-61-23	0	-
1289	255.871094	255.945312	C#5	54	80	0	0	2912	P1-61-12	0	-
1290	255.957031	256.492188	B4	57	80	0	0	2912	P1-61-12	0	-
1291	256.513021	256.585938	A4	65	80	0	0	2918	P1-61-13	0	-
1292	256.636719	257.359375	B4	65	80	0	0	2920	P1-61-14	0	-
1293	257.248698	257.447917	C#5	65	80	0	0	2926	P1-61-15	0	-
1294	257.459635	257.699219	A2	30	80	0	0	2928	P1-62-12	0	-
1295	257.463542	258.619792	A4	52	80	0	0	2928	P1-62-2	0	-
1296	257.894531	257.986979	C#4	21	80	0	0	2932	P1-62-14	0	-
1297	258.214844	258.285156	C#4	20	80	0	0	2936	P1-62-16	0	-
1298	258.505208	258.574219	C#4	28	80	0	0	2940	P1-62-18	0	-
1299	258.513021	258.583333	A3	30	80	0	0	2940	P1-62-17	0	-
1300	258.804688	258.884115	C#4	47	80	0	0	2944	P1-62-20	0	-
1301	258.826823	259.128906	A3	35	80	0	0	2944	P1-62-19	0	-
1302	259.117188	259.559896	A5	72	80	0	0	2948	P1-62-4	0	-
1303	259.455729	259.819010	C#6	81	80	0	0	2952	P1-62-5	0	-
1304	259.463542	259.539062	A3	47	80	0	0	2952	P1-62-23	0	-
1305	259.463542	259.536458	C#4	44	80	0	0	2952	P1-62-24	0	-
1306	259.773438	259.842448	C#4	44	80	0	0	2956	P1-62-26	0	-
1307	259.783854	260.179688	E5	71	80	0	0	2956	P1-62-6	0	-
1308	259.786458	259.908854	A3	38	80	0	0	2956	P1-62-25	0	-
1309	260.115885	260.472656	E#5	75	80	0	0	2960	P1-62-7	0	-
1310	260.134115	260.233073	D4	38	80	0	0	2960	P1-62-28	0	-
1311	260.134115	260.239583	A3	40	80	0	0	2960	P1-62-27	0	-
1312	260.433594	260.869792	F#5	74	80	0	0	2964	P1-62-8	0	-
1313	260.440104	260.514323	D4	41	80	0	0	2964	P1-62-30	0	-
1314	260.447917	260.524740	A3	44	80	0	0	2964	P1-62-29	0	-
1315	260.769531	261.188802	A5	71	80	0	0	2968	P1-62-9	0	-
1316	260.774740	260.878906	D4	37	80	0	0	2968	P1-62-32	0	-
1317	260.786458	260.881510	A3	35	80	0	0	2968	P1-62-31	0	-
1318	261.097656	261.559896	F#5	68	80	0	0	2972	P1-62-10	0	-
1319	261.119792	261.165365	D4	35	80	0	0	2972	P1-62-34	0	-
1320	261.125000	261.209635	A3	30	80	0	0	2972	P1-62-33	0	-
1321	261.484375	261.658854	A2	35	80	0	0	2976	P1-63-13	0	-
1322	261.494792	262.289062	D#5	62	80	0	0	2976	P1-63-2	0	-
1323	261.891927	261.944010	C#4	42	80	0	0	2980	P1-63-15	0	-
1324	261.893229	261.945312	A3	35	80	0	0	2980	P1-63-14	0	-
1325	262.216146	263.019531	E5	52	80	0	0	2984	P1-63-3	0	-
1326	262.244792	262.259115	A2	25	80	0	0	2984	P1-63-16	1	-
1327	262.552083	262.639323	C#4	33	80	0	0	2988	P1-63-19	0	-
1328	262.554688	262.643229	A3	31	80	0	0	2988	P1-63-18	0	-
1329	262.852865	262.924479	C#4	38	80	0	0	2992	P1-63-21	0	-
1330	262.854167	262.927083	A3	38	80	0	0	2992	P1-63-20	0	-
1331	263.144531	263.524740	A5	76	80	0	0	2996	P1-63-5	0	-
1332	263.154948	263.246094	C#4	34	80	0	0	2996	P1-63-23	0	-
1333	263.154948	263.253906	A3	37	80	0	0	2996	P1-63-22	0	-
1334	263.475260	263.839844	C#6	83	80	0	0	3000	P1-63-6	0	-
1335	263.484375	263.572917	C#4	47	80	0	0	3000	P1-63-25	0	-
1336	263.484375	263.570312	A3	49	80	0	0	3000	P1-63-24	0	-
1337	263.791667	264.144531	E5	74	80	0	0	3004	P1-63-7	0	-
1338	263.805990	263.968750	C#4	48	80	0	0	3004	P1-63-27	0	-
1339	263.822917	263.938802	A3	41	80	0	0	3004	P1-63-26	0	-
1340	264.114583	264.476562	E#5	77	80	0	0	3008	P1-63-8	0	-
1341	264.130208	264.348958	D4	41	80	0	0	3008	P1-63-29	0	-
1342	264.132812	264.348958	A3	40	80	0	0	3008	P1-63-28	0	-
1343	264.453125	264.569010	D4	43	80	0	0	3012	P1-63-31	0	-
1344	264.454427	264.819010	F#5	67	80	0	0	3012	P1-63-9	0	-
1345	264.460938	264.639323	A3	43	80	0	0	3012	P1-63-30	0	-
1346	264.766927	264.852865	D4	40	80	0	0	3016	P1-63-33	0	-
1347	264.777344	265.098958	A3	32	80	0	0	3016	P1-63-32	0	-
1348	264.786458	265.259115	A5	48	80	0	0	3016	P1-63-10	0	-
1349	265.118490	265.529948	F#5	54	80	0	0	3020	P1-63-11	0	-
1350	265.121094	265.192708	D4	34	80	0	0	3020	P1-63-35	0	-
1351	265.156250	265.408854	A3	21	80	0	0	3020	P1-63-34	0	-
1352	265.464844	265.605469	D#5	51	80	0	0	3024	P1-64-2	0	-
1353	265.473958	266.011719	C#4	35	80	0	0	3024	P1-64-18	0	-
1354	265.475260	266.009115	A3	34	80	0	0	3024	P1-64-17	0	-
1355	265.635417	265.735677	E5	53	80	0	0	3026	P1-64-3	0	-
1356	265.790365	265.933594	F#5	55	80	0	0	3028	P1-64-4	0	-
1357	265.930990	266.041667	E5	53	80	0	0	3030	P1-64-5	0	-
1358	266.083333	266.154948	D5	56	80	0	0	3032	P1-64-6	0	-
1359	266.236979	266.364583	C#5	47	80	0	0	3034	P1-64-7	0	-
1360	266.382812	266.454427	B4	50	80	0	0	3036	P1-64-8	0	-
1361	266.510417	266.658854	A4	46	80	0	0	3038	P1-64-9	0	-
1362	266.695312	267.089844	E4	33	80	0	0	3040	P1-64-21	0	-
1363	266.695312	267.119792	C#5	47	80	0	0	3040	P1-64-10	0	-
1364	266.713542	267.149740	E3	27	80	0	0	3040	P1-64-20	0	-
1365	268.031250	268.109375	C#5	52	80	0	0	3056	*	3	-
1366	268.045573	269.658854	D4	35	80	0	0	3056	P1-64-24	0	-
1367	268.078125	270.589844	E3	31	80	0	0	3056	P1-64-23	0	-
1368	268.080729	268.158854	B4	53	80	0	0	3056	P1-64-12	0	-
1369	268.153646	268.259115	C#5	59	80	0	0	3056	P1-64-12	0	-
1370	268.217448	268.727865	B4	52	80	0	0	3056	*	3	-
1371	268.740885	268.803385	A4	57	80	0	0	3062	P1-64-13	0	-
1372	268.863281	269.403646	B4	53	80	0	0	3064	P1-64-14	0	-
1373	269.444010	269.535156	C#5	50	80	0	0	3070	P1-64-15	0	-
1374	269.584635	269.640625	A4	50	80	0	0	3072	P1-65-2	0	-
1375	269.615885	270.859375	A3	25	80	0	0	3072	P1-65-21	0	-
1376	269.625000	270.539062	C#4	25	80	0	0	3072	P1-65-22	0	-
1377	269.735677	269.819010	E4	47	80	0	0	3074	P1-65-3	0	-
1378	269.861979	269.904948	F#4	55	80	0	0	3076	P1-65-4	0	-
1379	270.002604	270.075521	G#4	64	80	0	0	3078	P1-65-5	0	-
1380	270.153646	270.214844	A4	58	80	0	0	3080	P1-65-6	0	-
1381	270.292969	270.351562	B4	64	80	0	0	3082	P1-65-7	0	-
1382	270.444010	270.523438	C#5	66	80	0	0	3084	P1-65-8	0	-
1383	270.585938	270.666667	D5	62	80	0	0	3086	P1-65-9	0	-
1384	270.739583	270.813802	E5	65	80	0	0	3088	P1-65-10	0	-
1385	270.872396	270.932292	F#5	69	80	0	0	3090	P1-65-11	0	-
1386	271.031250	271.097656	G#5	62	80	0	0	3092	P1-65-12	0	-
1387	271.165365	271.348958	A5	62	80	0	0	3094	P1-65-13	0	-
1388	271.332031	271.428385	A#5	64	80	0	0	3096	P1-65-14	0	-
1389	271.463542	271.582031	B5	67	80	0	0	3098	P1-65-15	0	-
1390	271.626302	271.731771	B#5	61	80	0	0	3100	P1-65-16	0	-
1391	271.773438	272.024740	C#6	60	80	0	0	3102	P1-65-17	0	-
1392	272.013021	272.979167	D6	67	80	0	0	3104	P1-65-18	0	-
1393	272.791667	273.229167	G#5	46	80	0	0	3112	P1-65-19	0	-
1394	272.794271	273.908854	E4	30	80	0	0	3112	P1-65-25	0	-
1395	272.794271	273.131510	D5	36	80	0	0	3112	P1-65-26	0	-
1396	273.542969	273.680990	A5	47	80	0	0	3120	P1-66-2	0	-
1397	273.542969	274.149740	A4	34	80	0	0	3120	P1-66-21	0	-
1398	273.553385	273.819010	C#5	34	80	0	0	3120	P1-66-22	0	-
1399	273.696615	273.791667	C#6	52	80	0	0	3122	P1-66-3	0	-
1400	273.842448	273.914062	A5	51	80	0	0	3124	P1-66-4	0	-
1401	273.984375	274.084635	G#5	55	80	0	0	3126	P1-66-5	0	-
1402	274.127604	274.205729	F#5	56	80	0	0	3128	P1-66-6	0	-
1403	274.274740	274.343750	E5	60	80	0	0	3130	P1-66-7	0	-
1404	274.429688	274.493490	D5	52	80	0	0	3132	P1-66-8	0	-
1405	274.571615	274.695312	C#5	60	80	0	0	3134	P1-66-9	0	-
1406	274.733073	274.803385	B4	60	80	0	0	3136	P1-66-10	0	-
1407	274.872396	274.942708	A4	57	80	0	0	3138	P1-66-11	0	-
1408	275.035156	275.134115	G#4	58	80	0	0	3140	P1-66-12	0	-
1409	275.188802	275.295573	G4	52	80	0	0	3142	P1-66-13	0	-
1410	275.367188	275.484375	F#4	53	80	0	0	3144	P1-66-14	0	-
1411	275.544271	275.694010	F4	50	80	0	0	3146	P1-66-15	0	-
1412	275.722656	275.934896	E4	45	80	0	0	3148	P1-66-16	0	-
1413	275.919271	276.194010	D#4	46	80	0	0	3150	P1-66-17	0	-
1414	276.223958	277.359375	D4	47	80	0	0	3152	P1-66-18	0	-
1415	277.175781	277.789062	G#3	43	80	0	0	3160	P1-66-19	0	-
1416	277.194010	277.750000	D3	35	80	0	0	3160	P1-66-26	0	-
1417	277.195312	278.449219	E2	31	80	0	0	3160	P1-66-25	0	-
1418	278.424479	282.158854	B3	52	80	0	0	3168	P1-67-2	0	-
1419	278.430990	281.968750	A2	38	80	0	0	3168	P1-67-7	0	-
1420	278.432292	281.919271	D3	40	80	0	0	3168	P1-67-8	0	-
1421	281.970052	284.869792	A3	33	80	0	0	3184	P1-67-3	0	-
1422	281.983073	285.009115	A2	27	80	0	0	3184	P1-67-9	0	-
1423	281.984375	285.059896	C#3	23	80	0	0	3184	P1-67-10	0	-
//Missing 0	P1-1-2
//Missing 0	P1-1-11
//Missing 0	P1-1-12
//Missing 112	P1-3-18
//Missing 192	P1-5-13
//Missing 240	P1-6-11
//Missing 528	P1-12-13
//Missing 704	P1-15-23
//Missing 808	P1-17-32
//Missing 820	P1-18-13
//Missing 852	P1-18-29
//Missing 988	P1-21-25
//Missing 992	P1-21-27
//Missing 1112	P1-24-30
//Missing 1496	P1-32-16
//Missing 1524	P1-32-30
//Missing 1576	P1-33-31
//Missing 1856	P1-39-26
//Missing 1868	P1-39-38
//Missing 1872	P1-40-25
//Missing 2112	P1-45-8
//Missing 2176	P1-46-18
//Missing 2656	P1-56-15
//Missing 2772	P1-58-13
//Missing 2776	P1-58-14
//Missing 2788	P1-59-13
//Missing 2804	P1-59-22
//Missing 2840	P1-60-17
//Missing 2932	P1-62-13
//Missing 2936	P1-62-15
//Missing 2948	P1-62-21
//Missing 2948	P1-62-22
//Missing 2984	P1-63-17
