//Version: ScorePerfmMatch_v170503
// Score: ./Sonata_No._18_Mvt_2_Mozart_hmm.txt
// Perfm: ./05199_spr.txt
// fmt3x: ./Sonata_No._18_Mvt_2_Mozart_fmt3x.txt
0	1.117188	2.250000	C#5	52	80	0	0	0	*	3	0
1	1.143229	6.489583	E4	28	80	0	0	0	*	3	-
2	1.154948	2.848958	A3	23	80	0	0	0	*	3	-
3	2.243490	2.335938	D5	54	80	0	0	12	P1-1-3	0	-
4	2.346354	2.412760	C#5	62	80	0	0	13	P1-1-4	0	-
5	2.433594	2.539062	B4	68	80	0	0	14	P1-1-5	0	-
6	2.527344	2.699219	C#5	77	80	0	0	15	P1-1-6	0	-
7	2.677083	3.424479	E5	68	80	0	0	16	P1-1-7	0	-
8	2.677083	4.299479	B3	44	80	0	0	16	P1-1-13	0	-
9	3.321615	4.319010	D5	57	80	0	0	24	P1-1-8	0	-
10	4.014323	4.822917	B4	47	80	0	0	32	P1-1-9	0	-
11	4.016927	5.658854	D4	24	80	0	0	32	P1-1-14	0	-
12	4.739583	5.657552	G#4	44	80	0	0	40	P1-1-10	0	-
13	5.549479	6.718750	A4	34	80	0	0	48	P1-2-2	0	-
14	5.553385	6.509115	C#4	26	80	0	0	48	P1-2-8	0	-
15	6.734375	7.158854	C#5	50	80	0	0	60	P1-2-3	0	-
16	6.898438	7.179688	A4	51	80	0	0	62	P1-2-4	0	-
17	7.122396	10.839844	E5	54	80	0	0	64	P1-2-5	0	-
18	7.772135	8.128906	D5	37	80	0	0	72	P1-2-11	0	-
19	7.796875	8.015625	G#4	25	80	0	0	72	P1-2-10	0	-
20	8.440104	8.859375	D5	42	80	0	0	80	P1-2-13	0	-
21	8.473958	8.779948	G#4	33	80	0	0	80	P1-2-12	0	-
22	9.093750	9.908854	D5	42	80	0	0	88	P1-2-15	0	-
23	9.125000	9.878906	G#4	33	80	0	0	88	P1-2-14	0	-
24	9.795573	11.239583	A4	30	80	0	0	96	P1-3-15	0	-
25	9.796875	11.289062	C#5	44	80	0	0	96	P1-3-16	0	-
26	10.096354	10.839844	A5	59	80	0	0	100	P1-3-3	0	-
27	10.404948	10.848958	G#5	60	80	0	0	104	P1-3-4	0	-
28	10.726562	11.218750	G5	65	80	0	0	108	P1-3-5	0	-
29	11.059896	11.394531	E#5	57	80	0	0	112	P1-3-6	0	-
30	11.067708	12.199219	D4	29	80	0	0	112	P1-3-17	0	-
31	11.371094	12.000000	F#5	57	80	0	0	116	P1-3-7	0	-
32	11.669271	12.046875	E5	62	80	0	0	120	P1-3-8	0	-
33	11.994792	12.341146	D5	63	80	0	0	124	P1-3-9	0	-
34	12.324219	12.717448	C#5	55	80	0	0	128	P1-3-10	0	-
35	12.654948	13.037760	B4	59	80	0	0	132	P1-3-11	0	-
36	13.002604	13.378906	D5	53	80	0	0	136	P1-3-12	0	-
37	13.384115	14.029948	F#5	42	80	0	0	140	P1-3-13	0	-
38	13.388021	13.509115	D5	35	80	0	0	140	*	3	-
39	13.888021	15.209635	A4	42	80	0	0	144	P1-4-2	0	-
40	13.894531	15.639323	C#4	29	80	0	0	144	P1-4-15	0	-
41	13.934896	16.579427	E3	20	80	0	0	144	P1-4-13	0	-
42	15.174479	15.579427	B4	43	80	0	0	156	P1-4-3	0	-
43	15.324219	15.601562	A4	39	80	0	0	158	P1-4-4	0	-
44	15.554688	16.013021	G#4	44	80	0	0	160	P1-4-5	0	-
45	15.554688	16.548177	B3	32	80	0	0	160	P1-4-16	0	-
46	15.897135	16.214844	E4	48	80	0	0	164	P1-4-6	0	-
47	16.204427	16.544271	F#4	57	80	0	0	168	P1-4-7	0	-
48	16.496094	16.802083	G#4	71	80	0	0	172	P1-4-8	0	-
49	16.800781	17.158854	A4	59	80	0	0	176	P1-4-9	0	-
50	17.097656	17.464844	A#4	66	80	0	0	180	P1-4-10	0	-
51	17.407552	17.786458	B4	73	80	0	0	184	P1-4-11	0	-
52	17.733073	18.119792	B#4	66	80	0	0	188	P1-4-12	0	-
53	18.187500	19.169271	C#5	59	80	0	0	192	P1-5-2	0	-
54	18.204427	19.769531	A3	39	80	0	0	192	P1-5-12	0	-
55	19.238281	19.329427	D5	58	80	0	0	204	P1-5-3	0	-
56	19.332031	19.404948	C#5	69	80	0	0	205	P1-5-4	0	-
57	19.430990	19.579427	B4	78	80	0	0	206	P1-5-5	0	-
58	19.516927	19.709635	C#5	77	80	0	0	207	P1-5-6	0	-
59	19.653646	20.384115	E5	73	80	0	0	208	P1-5-7	0	-
60	19.653646	21.109375	B3	49	80	0	0	208	P1-5-14	0	-
61	20.289062	21.040365	D5	68	80	0	0	216	P1-5-8	0	-
62	20.962240	21.759115	B4	50	80	0	0	224	P1-5-9	0	-
63	20.981771	22.539062	D4	29	80	0	0	224	P1-5-16	0	-
64	20.983073	22.389323	E4	32	80	0	0	224	P1-5-17	0	-
65	21.654948	22.489583	G#4	54	80	0	0	232	P1-5-10	0	-
66	22.402344	23.619792	A4	41	80	0	0	240	P1-6-2	0	-
67	22.403646	23.829427	E4	37	80	0	0	240	P1-6-12	0	-
68	22.410156	24.089844	C#4	30	80	0	0	240	P1-6-11	0	-
69	23.555990	23.777344	C#5	56	80	0	0	252	P1-6-3	0	-
70	23.736979	24.169271	A4	65	80	0	0	254	P1-6-4	0	-
71	24.014323	25.869792	E#5	71	80	0	0	256	P1-6-5	0	-
72	24.727865	25.438802	B4	41	80	0	0	264	P1-6-15	0	-
73	24.733073	25.479167	D4	29	80	0	0	264	P1-6-14	0	-
74	25.389323	26.119792	C5	48	80	0	0	272	P1-6-17	0	-
75	25.421875	26.069010	D#4	34	80	0	0	272	P1-6-16	0	-
76	25.765625	26.269531	F#5	70	80	0	0	276	P1-6-7	0	-
77	26.119792	26.619792	G#5	71	80	0	0	280	P1-6-8	0	-
78	26.126302	28.039062	C5	48	80	0	0	280	P1-6-19	0	-
79	26.147135	27.128906	D#4	32	80	0	0	280	P1-6-18	0	-
80	26.506510	26.829427	A5	74	80	0	0	284	P1-6-9	0	-
81	27.011719	28.059896	A5	55	80	0	0	288	P1-7-2	0	-
82	27.045573	27.729167	C#5	34	80	0	0	288	P1-7-17	0	-
83	27.053385	28.479167	E4	33	80	0	0	288	P1-7-16	0	-
84	28.013021	28.239583	B5	50	80	0	0	298	P1-7-4	0	-
85	28.145833	28.378906	C#6	56	80	0	0	300	P1-7-5	0	-
86	28.268229	28.432292	A5	51	80	0	0	302	P1-7-6	0	-
87	28.441406	28.877604	E5	42	80	0	0	304	P1-7-7	0	-
88	28.790365	29.500000	A5	53	80	0	0	308	P1-7-8	0	-
89	29.114583	29.559896	C#5	60	80	0	0	312	P1-7-9	0	-
90	29.428385	29.813802	F#5	60	80	0	0	316	P1-7-10	0	-
91	29.753906	30.164062	E5	61	80	0	0	320	P1-7-11	0	-
92	30.078125	30.516927	D#5	61	80	0	0	324	P1-7-12	0	-
93	30.429688	30.858073	D5	53	80	0	0	328	P1-7-13	0	-
94	30.453125	30.901042	D4	30	80	0	0	328	P1-7-21	0	-
95	30.455729	31.429688	E3	26	80	0	0	328	P1-7-20	0	-
96	30.799479	31.039062	B4	52	80	0	0	332	P1-7-14	0	-
97	31.256510	33.098958	B4	47	80	0	0	336	P1-8-2	0	-
98	31.264323	33.089844	D4	29	80	0	0	336	P1-8-7	0	-
99	31.274740	33.739583	A3	28	80	0	0	336	P1-8-5	0	-
100	32.942708	33.598958	C#4	26	80	0	0	352	P1-8-8	0	-
101	32.944010	33.859375	A4	28	80	0	0	352	P1-8-3	0	-
102	33.675781	34.500000	E3	35	80	0	0	360	P1-8-9	0	-
103	34.427083	34.959635	C#3	36	80	0	0	368	P1-8-10	0	-
104	35.171875	35.679688	A2	38	80	0	0	376	P1-8-11	0	-
105	36.035156	37.000000	D5	45	80	0	0	384	P1-9-2	0	-
106	36.066406	36.369792	E3	26	80	0	0	384	P1-9-17	0	-
107	36.375000	38.188802	E3	28	80	0	0	384	*	3	-
108	36.750000	37.188802	B3	29	80	0	0	392	P1-9-22	0	-
109	36.763021	37.179688	G#3	27	80	0	0	392	P1-9-21	0	-
110	36.921875	37.053385	F#5	51	80	0	0	394	P1-9-4	0	-
111	37.078125	37.191406	E5	54	80	0	0	396	P1-9-5	0	-
112	37.209635	37.399740	F#5	59	80	0	0	398	P1-9-6	0	-
113	37.346354	38.019531	B3	42	80	0	0	400	P1-9-24	0	-
114	37.376302	37.483073	D5	50	80	0	0	400	P1-9-7	0	-
115	37.382812	38.039062	G#3	38	80	0	0	400	P1-9-23	0	-
116	37.506510	37.639323	E5	59	80	0	0	402	P1-9-8	0	-
117	37.653646	37.773438	C#5	65	80	0	0	404	P1-9-9	0	-
118	37.795573	38.000000	D5	65	80	0	0	406	P1-9-10	0	-
119	37.954427	38.598958	C#4	48	80	0	0	408	P1-9-26	0	-
120	37.960938	38.095052	B4	61	80	0	0	408	P1-9-11	0	-
121	37.964844	38.589844	A3	37	80	0	0	408	P1-9-25	0	-
122	38.095052	38.240885	C#5	68	80	0	0	410	P1-9-12	0	-
123	38.252604	38.364583	A4	56	80	0	0	412	P1-9-13	0	-
124	38.394531	38.589844	B4	63	80	0	0	414	P1-9-14	0	-
125	38.585938	39.669271	G#4	50	80	0	0	416	P1-9-15	0	-
126	38.595052	39.149740	B3	36	80	0	0	416	P1-9-27	0	-
127	38.598958	39.098958	D4	37	80	0	0	416	P1-9-28	0	-
128	39.330729	40.209635	D4	34	80	0	0	424	P1-9-30	0	-
129	39.332031	40.139323	B3	29	80	0	0	424	P1-9-29	0	-
130	40.048177	40.876302	E5	67	80	0	0	432	P1-10-2	0	-
131	40.087240	42.378906	A3	30	80	0	0	432	P1-10-17	0	-
132	40.723958	41.139323	E4	50	80	0	0	440	P1-10-22	0	-
133	40.764323	41.229167	C#4	43	80	0	0	440	P1-10-21	0	-
134	40.890625	41.079427	D#5	66	80	0	0	442	P1-10-4	0	-
135	41.024740	41.171875	F#5	71	80	0	0	444	P1-10-5	0	-
136	41.166667	41.325521	E5	76	80	0	0	446	P1-10-6	0	-
137	41.311198	41.859375	E4	56	80	0	0	448	P1-10-24	0	-
138	41.316406	41.484375	A5	72	80	0	0	448	P1-10-7	0	-
139	41.343750	42.109375	C#4	50	80	0	0	448	P1-10-23	0	-
140	41.455729	41.640625	G#5	80	80	0	0	450	P1-10-8	0	-
141	41.613281	41.735677	B5	81	80	0	0	452	P1-10-9	0	-
142	41.748698	41.923177	A5	85	80	0	0	454	P1-10-10	0	-
143	41.902344	42.589844	D4	60	80	0	0	456	P1-10-26	0	-
144	41.903646	42.072917	C#6	84	80	0	0	456	P1-10-11	0	-
145	41.937500	42.609375	B3	52	80	0	0	456	P1-10-25	0	-
146	42.048177	42.184896	B5	80	80	0	0	458	P1-10-12	0	-
147	42.195312	42.337240	D6	88	80	0	0	460	P1-10-13	0	-
148	42.321615	42.580729	C#6	87	80	0	0	462	P1-10-14	0	-
149	42.520833	43.399740	E6	81	80	0	0	464	P1-10-15	0	-
150	42.522135	43.351562	C#4	64	80	0	0	464	P1-10-27	0	-
151	42.545573	43.359375	A3	41	80	0	0	464	P1-10-18	0	-
152	43.221354	44.128906	B3	72	80	0	0	472	P1-10-28	0	-
153	43.225260	43.299479	B4	61	80	0	0	472	*	3	-
154	43.247396	44.098958	G#3	57	80	0	0	472	P1-10-19	0	-
155	43.986979	44.968750	A5	82	80	0	0	480	P1-11-2	0	-
156	44.002604	47.259115	F#3	51	80	0	0	480	P1-11-23	0	-
157	44.692708	45.109375	C#4	52	80	0	0	488	P1-11-27	0	-
158	44.703125	45.098958	A3	49	80	0	0	488	P1-11-26	0	-
159	44.850260	45.014323	C#6	80	80	0	0	490	P1-11-4	0	-
160	44.993490	45.144531	B5	73	80	0	0	492	P1-11-5	0	-
161	45.125000	45.291667	C#6	86	80	0	0	494	P1-11-6	0	-
162	45.273438	45.739583	C#4	63	80	0	0	496	P1-11-29	0	-
163	45.274740	45.441406	A5	74	80	0	0	496	P1-11-7	0	-
164	45.274740	45.699219	A3	52	80	0	0	496	P1-11-28	0	-
165	45.417969	45.709635	B5	77	80	0	0	498	P1-11-8	0	-
166	45.561198	45.723958	G#5	76	80	0	0	500	P1-11-9	0	-
167	45.700521	45.877604	A5	87	80	0	0	502	P1-11-10	0	-
168	45.855469	46.029948	F#5	85	80	0	0	504	P1-11-11	0	-
169	45.875000	46.500000	C#4	51	80	0	0	504	P1-11-31	0	-
170	45.882812	46.339844	A3	50	80	0	0	504	P1-11-30	0	-
171	45.994792	46.218750	G#5	80	80	0	0	506	P1-11-12	0	-
172	46.152344	46.332031	E5	79	80	0	0	508	P1-11-13	0	-
173	46.305990	46.507812	F#5	81	80	0	0	510	P1-11-14	0	-
174	46.467448	46.634115	D#5	80	80	0	0	512	P1-11-15	0	-
175	46.472656	46.989583	B3	57	80	0	0	512	P1-11-33	0	-
176	46.496094	46.989583	A3	47	80	0	0	512	P1-11-32	0	-
177	46.634115	46.803385	E5	82	80	0	0	514	P1-11-16	0	-
178	46.799479	46.964844	F#5	81	80	0	0	516	P1-11-17	0	-
179	46.945312	47.169271	G#5	79	80	0	0	518	P1-11-18	0	-
180	47.144531	47.345052	B5	67	80	0	0	520	P1-11-19	0	-
181	47.147135	47.799479	B3	48	80	0	0	520	P1-11-35	0	-
182	47.152344	49.479167	A3	44	80	0	0	520	P1-11-34	0	-
183	47.345052	47.520833	A5	69	80	0	0	522	P1-11-20	0	-
184	47.542969	47.729167	F#5	61	80	0	0	524	P1-11-21	0	-
185	47.740885	48.149740	D#5	60	80	0	0	526	P1-11-22	0	-
186	48.032552	49.989583	F#5	51	80	0	0	528	P1-12-2	0	-
187	48.036458	51.889323	B3	38	80	0	0	528	P1-12-14	0	-
188	49.438802	50.899740	G#3	31	80	0	0	544	P1-12-16	0	-
189	49.820312	50.229167	D#5	57	80	0	0	548	P1-12-4	0	-
190	50.135417	50.497396	E5	70	80	0	0	552	P1-12-5	0	-
191	50.447917	50.860677	E#5	78	80	0	0	556	P1-12-6	0	-
192	50.813802	51.348958	G#5	58	80	0	0	560	P1-12-7	0	-
193	51.165365	51.575521	F#5	59	80	0	0	564	P1-12-8	0	-
194	51.513021	51.949219	E5	72	80	0	0	568	P1-12-9	0	-
195	51.890625	52.483073	D5	76	80	0	0	572	P1-12-10	0	-
196	52.403646	53.529948	C#5	72	80	0	0	576	P1-13-2	0	-
197	52.411458	53.979167	G4	53	80	0	0	576	P1-13-13	0	-
198	52.441406	54.069010	A#3	45	80	0	0	576	P1-13-12	0	-
199	53.522135	53.623698	D5	69	80	0	0	588	P1-13-3	0	-
200	53.615885	53.704427	C#5	83	80	0	0	589	P1-13-4	0	-
201	53.721354	53.815104	B4	77	80	0	0	590	P1-13-5	0	-
202	53.813802	53.973958	C#5	82	80	0	0	591	P1-13-6	0	-
203	53.941406	55.609375	B3	51	80	0	0	592	P1-13-14	0	-
204	53.947917	55.569010	F#4	53	80	0	0	592	P1-13-15	0	-
205	53.949219	54.704427	E5	80	80	0	0	592	P1-13-7	0	-
206	54.628906	55.598958	D5	70	80	0	0	600	P1-13-8	0	-
207	55.343750	57.089844	F4	48	80	0	0	608	P1-13-17	0	-
208	55.343750	56.309896	B4	53	80	0	0	608	P1-13-9	0	-
209	55.347656	57.098958	D4	42	80	0	0	608	P1-13-16	0	-
210	56.108073	57.029948	G#4	50	80	0	0	616	P1-13-10	0	-
211	56.901042	58.179688	A4	44	80	0	0	624	P1-14-2	0	-
212	56.903646	58.598958	E4	38	80	0	0	624	P1-14-8	0	-
213	56.912760	58.709635	C#4	33	80	0	0	624	P1-14-7	0	-
214	58.125000	58.408854	C#5	58	80	0	0	636	P1-14-3	0	-
215	58.304688	58.688802	A4	59	80	0	0	638	P1-14-4	0	-
216	58.598958	61.378906	G5	66	80	0	0	640	P1-14-5	0	-
217	59.322917	60.089844	A#4	49	80	0	0	648	P1-14-11	0	-
218	59.361979	60.119792	C#4	32	80	0	0	648	P1-14-10	0	-
219	60.036458	60.809896	B4	38	80	0	0	656	P1-14-13	0	-
220	60.083333	60.929688	D4	25	80	0	0	656	P1-14-12	0	-
221	60.765625	61.509115	C#5	42	80	0	0	664	P1-14-15	0	-
222	60.798177	61.539062	E4	21	80	0	0	664	P1-14-14	0	-
223	61.548177	62.199219	D5	38	80	0	0	672	P1-15-18	0	-
224	61.548177	61.746094	E#5	42	80	0	0	672	P1-15-2	0	-
225	61.580729	62.235677	D4	23	80	0	0	672	P1-15-17	0	-
226	61.743490	61.882812	F#5	48	80	0	0	674	P1-15-3	0	-
227	61.914062	62.053385	G#5	45	80	0	0	676	P1-15-4	0	-
228	62.057292	62.234375	F#5	47	80	0	0	678	P1-15-5	0	-
229	62.220052	62.343750	E5	49	80	0	0	680	P1-15-6	0	-
230	62.368490	62.533854	D5	53	80	0	0	682	P1-15-7	0	-
231	62.544271	62.722656	C#5	52	80	0	0	684	P1-15-8	0	-
232	62.714844	62.912760	B4	50	80	0	0	686	P1-15-9	0	-
233	62.923177	63.044271	A4	44	80	0	0	688	P1-15-10	0	-
234	62.925781	64.468750	C#4	32	80	0	0	688	P1-15-21	0	-
235	62.955729	64.759115	E3	30	80	0	0	688	P1-15-20	0	-
236	63.354167	63.859375	C#5	54	80	0	0	692	P1-15-11	0	-
237	63.824219	64.389323	E5	44	80	0	0	696	P1-15-12	0	-
238	64.615885	65.199219	D4	28	80	0	0	704	P1-15-24	0	-
239	65.037760	65.688802	E4	48	80	0	0	708	P1-15-13	0	-
240	65.423177	65.945312	F#4	56	80	0	0	712	P1-15-14	0	-
241	65.855469	66.485677	G#4	61	80	0	0	716	P1-15-15	0	-
242	66.407552	68.257812	B4	49	80	0	0	720	P1-16-2	0	-
243	66.407552	68.259115	D4	30	80	0	0	720	P1-16-9	0	-
244	66.416667	68.589844	A3	25	80	0	0	720	P1-16-7	0	-
245	68.125000	68.949219	A4	30	80	0	0	736	P1-16-3	0	-
246	68.126302	68.619792	C#4	22	80	0	0	736	P1-16-10	0	-
247	68.980469	69.729167	A#4	33	80	0	0	744	P1-16-4	0	-
248	69.751302	70.649740	B4	41	80	0	0	752	P1-16-5	0	-
249	70.566406	71.179688	B#4	33	80	0	0	760	P1-16-6	0	-
250	71.496094	73.319010	C#5	45	80	0	0	768	P1-17-2	0	-
251	71.513021	71.889323	F#3	27	80	0	0	768	P1-17-12	0	-
252	71.915365	72.003906	A4	32	80	0	0	772	P1-17-14	0	-
253	71.923177	72.059896	F#4	25	80	0	0	772	P1-17-13	0	-
254	72.223958	72.313802	F#4	25	80	0	0	776	P1-17-15	0	-
255	72.225260	72.313802	A4	28	80	0	0	776	P1-17-16	0	-
256	72.535156	72.679688	A4	28	80	0	0	780	P1-17-18	0	-
257	72.542969	72.627604	F#4	24	80	0	0	780	P1-17-17	0	-
258	72.886719	73.019531	A4	25	80	0	0	784	P1-17-20	0	-
259	72.886719	73.019531	F#4	20	80	0	0	784	P1-17-19	0	-
260	73.194010	73.709635	F#5	43	80	0	0	788	P1-17-4	0	-
261	73.210938	73.285156	A4	23	80	0	0	788	P1-17-22	0	-
262	73.214844	73.289062	F#4	19	80	0	0	788	P1-17-21	0	-
263	73.515625	73.679688	F#4	29	80	0	0	792	P1-17-23	0	-
264	73.515625	73.658854	A4	33	80	0	0	792	P1-17-24	0	-
265	73.518229	74.589844	A5	58	80	0	0	792	P1-17-5	0	-
266	73.843750	74.319010	E#5	63	80	0	0	796	P1-17-6	0	-
267	73.855469	74.019531	A4	34	80	0	0	796	P1-17-26	0	-
268	73.856771	74.019531	F#4	33	80	0	0	796	P1-17-25	0	-
269	74.173177	74.688802	F#5	71	80	0	0	800	P1-17-7	0	-
270	74.195312	74.329427	A4	34	80	0	0	800	P1-17-28	0	-
271	74.195312	74.309896	F#4	33	80	0	0	800	P1-17-27	0	-
272	74.488281	74.889323	B#4	60	80	0	0	804	P1-17-8	0	-
273	74.500000	75.329427	F#4	36	80	0	0	804	P1-17-29	0	-
274	74.511719	74.739583	A4	36	80	0	0	804	P1-17-30	0	-
275	74.846354	75.479167	D5	55	80	0	0	808	P1-17-9	0	-
276	75.212240	75.429688	C#5	50	80	0	0	812	P1-17-10	0	-
277	75.221354	75.229167	F4	27	80	0	0	808	P1-17-31	1	-
278	75.225260	75.389323	A4	31	80	0	0	808	P1-17-32	0	-
279	75.623698	75.989583	E#3	36	80	0	0	816	P1-18-12	0	-
280	75.628906	76.750000	C#5	51	80	0	0	816	P1-18-2	0	-
281	75.992188	76.067708	G#4	32	80	0	0	820	P1-18-14	0	-
282	76.290365	76.385417	E#4	37	80	0	0	824	P1-18-15	0	-
283	76.304688	76.385417	G#4	37	80	0	0	824	P1-18-16	0	-
284	76.585938	76.674479	G#4	36	80	0	0	828	P1-18-18	0	-
285	76.593750	76.674479	E#4	37	80	0	0	828	P1-18-17	0	-
286	76.914062	76.989583	G#4	37	80	0	0	832	P1-18-20	0	-
287	76.924479	76.992188	E#4	26	80	0	0	832	P1-18-19	0	-
288	77.217448	77.619792	G#5	62	80	0	0	836	P1-18-4	0	-
289	77.226562	77.311198	E#4	30	80	0	0	836	P1-18-21	0	-
290	77.234375	77.359375	G#4	33	80	0	0	836	P1-18-22	0	-
291	77.557292	78.169271	B5	81	80	0	0	840	P1-18-5	0	-
292	77.559896	77.688802	E#4	39	80	0	0	840	P1-18-23	0	-
293	77.565104	77.709635	G#4	38	80	0	0	840	P1-18-24	0	-
294	77.861979	78.259115	E#5	72	80	0	0	844	P1-18-6	0	-
295	77.886719	78.039062	G#4	38	80	0	0	844	P1-18-26	0	-
296	77.886719	78.039062	E#4	34	80	0	0	844	P1-18-25	0	-
297	78.196615	78.699219	G#5	66	80	0	0	848	P1-18-7	0	-
298	78.225260	78.339844	G#4	31	80	0	0	848	P1-18-28	0	-
299	78.225260	78.699219	E#4	27	80	0	0	848	P1-18-27	0	-
300	78.519531	78.869792	B#4	59	80	0	0	852	P1-18-8	0	-
301	78.523438	78.739583	G#4	39	80	0	0	852	P1-18-30	0	-
302	78.881510	79.200521	D5	53	80	0	0	856	P1-18-9	0	-
303	78.890625	79.149740	E#4	31	80	0	0	856	P1-18-31	0	-
304	78.890625	79.218750	G#4	35	80	0	0	856	P1-18-32	0	-
305	79.207031	79.304688	C#5	55	80	0	0	860	P1-18-10	0	-
306	79.230469	79.468750	G#4	39	80	0	0	860	P1-18-34	0	-
307	79.234375	79.658854	E#4	34	80	0	0	860	P1-18-33	0	-
308	79.544271	80.459635	C#5	44	80	0	0	864	P1-19-14	0	-
309	79.585938	80.339844	F#4	33	80	0	0	864	P1-19-16	0	-
310	79.898438	80.598958	A5	60	80	0	0	868	P1-19-3	0	-
311	80.214844	81.199219	E4	45	80	0	0	872	P1-19-17	0	-
312	80.533854	81.250000	G#5	63	80	0	0	876	P1-19-5	0	-
313	80.872396	83.739583	D4	46	80	0	0	880	P1-19-18	0	-
314	81.204427	81.669271	E#5	67	80	0	0	884	P1-19-7	0	-
315	81.533854	82.109375	F#5	78	80	0	0	888	P1-19-8	0	-
316	81.855469	82.359375	G#5	79	80	0	0	892	P1-19-9	0	-
317	82.231771	82.606771	B5	68	80	0	0	896	P1-19-10	0	-
318	82.236979	82.669271	B4	47	80	0	0	896	P1-19-15	1	-
319	82.583333	83.049479	A5	60	80	0	0	900	P1-19-11	0	-
320	82.911458	83.378906	G#5	51	80	0	0	904	P1-19-12	0	-
321	83.255208	84.039062	F#5	40	80	0	0	908	P1-19-13	0	-
322	83.614583	84.359375	C#5	35	80	0	0	912	P1-20-11	0	-
323	83.623698	85.378906	C#4	27	80	0	0	912	P1-20-10	0	-
324	83.936198	84.313802	E#5	52	80	0	0	916	P1-20-3	0	-
325	84.291667	84.699219	G#5	43	80	0	0	920	P1-20-4	0	-
326	84.610677	85.029948	B#4	42	80	0	0	924	P1-20-5	0	-
327	84.955729	85.468750	C#5	46	80	0	0	928	P1-20-6	0	-
328	85.281250	85.714844	E#4	45	80	0	0	932	P1-20-13	0	-
329	85.619792	86.158854	G#4	52	80	0	0	936	P1-20-14	0	-
330	85.953125	86.315104	C#4	56	80	0	0	940	P1-20-15	0	-
331	86.279948	86.739583	D4	52	80	0	0	944	P1-20-16	0	-
332	86.613281	87.014323	G#3	48	80	0	0	948	P1-20-17	0	-
333	86.955729	87.350260	B3	38	80	0	0	952	P1-20-18	0	-
334	87.322917	87.842448	E#3	45	80	0	0	956	P1-20-19	0	-
335	87.779948	89.459635	C#5	55	80	0	0	960	P1-21-2	0	-
336	87.783854	88.109375	F#3	35	80	0	0	960	P1-21-12	0	-
337	88.207031	88.283854	A4	30	80	0	0	964	P1-21-14	0	-
338	88.225260	88.282552	F#4	25	80	0	0	964	P1-21-13	0	-
339	88.481771	88.574219	A4	39	80	0	0	968	P1-21-16	0	-
340	88.494792	88.563802	F#4	27	80	0	0	968	P1-21-15	0	-
341	88.789062	88.860677	A4	26	80	0	0	972	P1-21-18	0	-
342	88.792969	88.859375	F#4	28	80	0	0	972	P1-21-17	0	-
343	89.093750	89.173177	F#4	28	80	0	0	976	P1-21-19	0	-
344	89.097656	89.259115	A4	27	80	0	0	976	P1-21-20	0	-
345	89.412760	89.899740	F#5	53	80	0	0	980	P1-21-4	0	-
346	89.432292	89.514323	A4	29	80	0	0	980	P1-21-22	0	-
347	89.440104	89.619792	F#4	23	80	0	0	980	P1-21-21	0	-
348	89.734375	90.598958	A5	69	80	0	0	984	P1-21-5	0	-
349	89.742188	89.919271	F#4	28	80	0	0	984	P1-21-23	0	-
350	89.757812	89.919271	A4	29	80	0	0	984	P1-21-24	0	-
351	90.044271	90.519531	E#5	73	80	0	0	988	P1-21-6	0	-
352	90.063802	90.269531	F#4	32	80	0	0	988	P1-21-25	0	-
353	90.074219	90.229167	A4	34	80	0	0	988	P1-21-26	0	-
354	90.368490	90.869792	F#5	76	80	0	0	992	P1-21-7	0	-
355	90.421875	90.539062	A4	33	80	0	0	992	P1-21-28	0	-
356	90.686198	91.089844	B#4	68	80	0	0	996	P1-21-8	0	-
357	90.716146	90.782552	F#4	32	80	0	0	996	P1-21-29	0	-
358	90.717448	90.848958	A4	37	80	0	0	996	P1-21-30	0	-
359	91.024740	91.579427	D5	69	80	0	0	1000	P1-21-9	0	-
360	91.053385	91.188802	F#4	36	80	0	0	1000	P1-21-31	0	-
361	91.055990	91.209635	A4	36	80	0	0	1000	P1-21-32	0	-
362	91.358073	91.569010	C#5	67	80	0	0	1004	P1-21-10	0	-
363	91.364583	91.455729	F#4	39	80	0	0	1004	P1-21-33	0	-
364	91.417969	91.809896	A4	36	80	0	0	1004	P1-21-34	0	-
365	91.796875	93.519531	C#5	66	80	0	0	1008	P1-22-2	0	-
366	91.799479	92.329427	E3	41	80	0	0	1008	P1-22-12	0	-
367	92.139323	92.243490	E4	41	80	0	0	1012	P1-22-13	0	-
368	92.165365	92.251302	G4	37	80	0	0	1012	P1-22-14	0	-
369	92.454427	92.548177	G4	48	80	0	0	1016	P1-22-16	0	-
370	92.460938	92.544271	E4	42	80	0	0	1016	P1-22-15	0	-
371	92.734375	92.835938	G4	56	80	0	0	1020	P1-22-18	0	-
372	92.763021	92.835938	E4	48	80	0	0	1020	P1-22-17	0	-
373	93.063802	93.143229	G4	51	80	0	0	1024	P1-22-20	0	-
374	93.076823	93.250000	E4	52	80	0	0	1024	P1-22-19	0	-
375	93.360677	93.848958	G5	85	80	0	0	1028	P1-22-4	0	-
376	93.386719	93.569010	G4	48	80	0	0	1028	P1-22-22	0	-
377	93.394531	93.889323	E4	39	80	0	0	1028	P1-22-21	0	-
378	93.705729	94.408854	B5	88	80	0	0	1032	P1-22-5	0	-
379	93.708333	93.919271	G4	49	80	0	0	1032	P1-22-24	0	-
380	93.709635	93.718750	E3	39	80	0	0	1032	P1-22-23	1	-
381	94.007812	94.679688	E5	85	80	0	0	1036	P1-22-6	0	-
382	94.016927	94.348958	G4	52	80	0	0	1036	P1-22-26	0	-
383	94.023438	94.359375	E4	50	80	0	0	1036	P1-22-25	0	-
384	94.342448	94.769531	G5	81	80	0	0	1040	P1-22-7	0	-
385	94.364583	94.529948	G4	47	80	0	0	1040	P1-22-28	0	-
386	94.368490	94.669271	E4	35	80	0	0	1040	P1-22-27	0	-
387	94.661458	95.149740	B4	78	80	0	0	1044	P1-22-8	0	-
388	94.674479	94.949219	G4	49	80	0	0	1044	P1-22-30	0	-
389	94.682292	95.019531	E4	45	80	0	0	1044	P1-22-29	0	-
390	95.002604	95.489583	D5	65	80	0	0	1048	P1-22-9	0	-
391	95.011719	95.369792	G4	40	80	0	0	1048	P1-22-32	0	-
392	95.024740	95.378906	E4	31	80	0	0	1048	P1-22-31	0	-
393	95.348958	95.779948	C#5	53	80	0	0	1052	P1-22-10	0	-
394	95.375000	95.750000	G4	36	80	0	0	1052	P1-22-34	0	-
395	95.385417	95.759115	E4	31	80	0	0	1052	P1-22-33	0	-
396	95.697917	96.809896	A4	49	80	0	0	1056	P1-23-18	0	-
397	95.703125	97.079427	F#4	43	80	0	0	1056	P1-23-14	0	-
398	96.015625	96.459635	D5	60	80	0	0	1060	P1-23-3	0	-
399	96.335938	97.089844	C5	62	80	0	0	1064	P1-23-19	0	-
400	96.652344	97.179688	D#5	80	80	0	0	1068	P1-23-5	0	-
401	96.984375	97.759115	B4	74	80	0	0	1072	P1-23-15	0	-
402	97.022135	97.739583	G4	47	80	0	0	1072	P1-23-20	0	-
403	97.292969	97.704427	E5	84	80	0	0	1076	P1-23-7	0	-
404	97.635417	98.859375	D5	79	80	0	0	1080	P1-23-16	0	-
405	97.641927	98.348958	G#4	64	80	0	0	1080	P1-23-21	0	-
406	97.928385	98.679688	F5	95	80	0	0	1084	P1-23-9	0	-
407	98.269531	98.979167	A4	79	80	0	0	1088	P1-23-22	0	-
408	98.609375	99.089844	F#5	91	80	0	0	1092	P1-23-11	0	-
409	99.009115	99.569010	A5	86	80	0	0	1096	P1-23-12	0	-
410	99.011719	99.759115	G4	62	80	0	0	1096	P1-23-17	0	-
411	99.035156	99.729167	A3	46	80	0	0	1096	P1-23-23	0	-
412	99.375000	99.729167	C#5	79	80	0	0	1100	P1-23-13	0	-
413	99.723958	99.859375	D5	66	80	0	0	1104	P1-24-2	0	-
414	99.725260	100.429688	F#4	46	80	0	0	1104	P1-24-28	0	-
415	99.726562	102.158854	D4	46	80	0	0	1104	P1-24-26	0	-
416	99.877604	100.053385	E5	76	80	0	0	1106	P1-24-3	0	-
417	100.033854	100.196615	D5	76	80	0	0	1108	P1-24-4	0	-
418	100.040365	100.319010	A4	62	80	0	0	1108	P1-24-29	0	-
419	100.182292	100.324219	C#5	77	80	0	0	1110	P1-24-5	0	-
420	100.332031	100.464844	A4	59	80	0	0	1112	P1-24-30	0	-
421	100.333333	100.481771	D5	77	80	0	0	1112	P1-24-6	0	-
422	100.473958	100.644531	E5	85	80	0	0	1114	P1-24-7	0	-
423	100.619792	101.079427	A4	62	80	0	0	1116	P1-24-31	0	-
424	100.622396	100.789062	F#5	83	80	0	0	1116	P1-24-8	0	-
425	100.766927	100.932292	G5	86	80	0	0	1118	P1-24-9	0	-
426	100.925781	101.309896	F#4	55	80	0	0	1120	P1-24-32	0	-
427	100.928385	101.079427	A5	81	80	0	0	1120	P1-24-10	0	-
428	101.065104	101.240885	B5	85	80	0	0	1122	P1-24-11	0	-
429	101.222656	101.384115	A5	92	80	0	0	1124	P1-24-12	0	-
430	101.225260	101.359375	A4	73	80	0	0	1124	P1-24-33	0	-
431	101.358073	101.545573	G#5	88	80	0	0	1126	P1-24-13	0	-
432	101.523438	101.688802	A5	89	80	0	0	1128	P1-24-14	0	-
433	101.523438	101.665365	A4	67	80	0	0	1128	P1-24-34	0	-
434	101.673177	101.826823	B5	82	80	0	0	1130	P1-24-15	0	-
435	101.816406	101.975260	C#6	83	80	0	0	1132	P1-24-16	0	-
436	101.816406	102.089844	A4	61	80	0	0	1132	P1-24-35	0	-
437	101.963542	102.102865	D6	81	80	0	0	1134	P1-24-17	0	-
438	102.125000	102.299479	C#6	66	80	0	0	1136	P1-24-18	0	-
439	102.126302	102.739583	G4	54	80	0	0	1136	P1-24-36	0	-
440	102.134115	102.809896	A3	44	80	0	0	1136	P1-24-27	0	-
441	102.294271	102.437500	E6	68	80	0	0	1138	P1-24-19	0	-
442	102.433594	102.567708	C#6	64	80	0	0	1140	P1-24-20	0	-
443	102.574219	102.714844	A5	65	80	0	0	1142	P1-24-21	0	-
444	102.725260	102.919271	A4	41	80	0	0	1144	P1-24-38	0	-
445	102.731771	102.871094	G5	57	80	0	0	1144	P1-24-22	0	-
446	102.878906	103.024740	A5	64	80	0	0	1146	P1-24-23	0	-
447	103.022135	103.369792	A4	38	80	0	0	1148	P1-24-39	0	-
448	103.037760	103.164062	G5	56	80	0	0	1148	P1-24-24	0	-
449	103.184896	103.313802	E5	58	80	0	0	1150	P1-24-25	0	-
450	103.330729	103.789062	F#4	38	80	0	0	1152	P1-25-28	0	-
451	103.343750	104.989583	D4	37	80	0	0	1152	P1-25-26	0	-
452	103.343750	103.483073	D5	54	80	0	0	1152	P1-25-2	0	-
453	103.506510	103.641927	E5	53	80	0	0	1154	P1-25-3	0	-
454	103.651042	103.763021	D5	59	80	0	0	1156	P1-25-4	0	-
455	103.653646	103.753906	A4	43	80	0	0	1156	P1-25-29	0	-
456	103.790365	103.923177	C#5	62	80	0	0	1158	P1-25-5	0	-
457	103.945312	104.063802	D5	52	80	0	0	1160	P1-25-6	0	-
458	103.950521	104.023438	A4	39	80	0	0	1160	P1-25-30	0	-
459	104.095052	104.239583	E5	56	80	0	0	1162	P1-25-7	0	-
460	104.238281	104.364583	F#5	56	80	0	0	1164	P1-25-8	0	-
461	104.243490	104.438802	A4	39	80	0	0	1164	P1-25-31	0	-
462	104.393229	104.523438	G5	53	80	0	0	1166	P1-25-9	0	-
463	104.553385	104.916667	F#4	39	80	0	0	1168	P1-25-32	0	-
464	104.554688	104.674479	A5	56	80	0	0	1168	P1-25-10	0	-
465	104.694010	104.825521	B5	58	80	0	0	1170	P1-25-11	0	-
466	104.845052	104.927083	A4	45	80	0	0	1172	P1-25-33	0	-
467	104.845052	104.980469	A5	60	80	0	0	1172	P1-25-12	0	-
468	104.985677	105.123698	G#5	57	80	0	0	1174	P1-25-13	0	-
469	105.134115	105.264323	A5	56	80	0	0	1176	P1-25-14	0	-
470	105.147135	105.244792	A4	41	80	0	0	1176	P1-25-34	0	-
471	105.287760	105.423177	B5	62	80	0	0	1178	P1-25-15	0	-
472	105.441406	105.583333	C#6	57	80	0	0	1180	P1-25-16	0	-
473	105.460938	105.718750	A4	35	80	0	0	1180	P1-25-35	0	-
474	105.591146	105.789062	D6	59	80	0	0	1182	P1-25-17	0	-
475	105.747396	106.098958	G4	38	80	0	0	1184	P1-25-36	0	-
476	105.748698	105.915365	C#6	49	80	0	0	1184	P1-25-18	0	-
477	105.764323	106.339844	A3	31	80	0	0	1184	P1-25-27	0	-
478	105.923177	106.045573	E6	57	80	0	0	1186	P1-25-19	0	-
479	106.055990	106.204427	C#6	55	80	0	0	1188	P1-25-20	0	-
480	106.092448	106.239583	A4	31	80	0	0	1188	P1-25-37	0	-
481	106.218750	106.334635	A5	55	80	0	0	1190	P1-25-21	0	-
482	106.364583	106.529948	A4	31	80	0	0	1192	P1-25-38	0	-
483	106.375000	106.506510	G5	47	80	0	0	1192	P1-25-22	0	-
484	106.523438	106.644531	A5	52	80	0	0	1194	P1-25-23	0	-
485	106.675781	106.799479	G5	50	80	0	0	1196	P1-25-24	0	-
486	106.704427	106.878906	A4	31	80	0	0	1196	P1-25-39	0	-
487	106.832031	106.970052	E5	43	80	0	0	1198	P1-25-25	0	-
488	106.981771	107.339844	D5	51	80	0	0	1200	P1-26-2	0	-
489	107.162760	107.295573	D3	48	80	0	0	1202	P1-26-7	0	-
490	107.312500	107.503906	E3	59	80	0	0	1204	P1-26-8	0	-
491	107.315104	107.489583	E4	51	80	0	0	1204	*	3	-
492	107.460938	107.634115	F#3	62	80	0	0	1206	P1-26-9	0	-
493	107.630208	107.744792	G3	69	80	0	0	1208	P1-26-10	0	-
494	107.631510	107.750000	G4	56	80	0	0	1208	*	3	-
495	107.761719	107.916667	A3	66	80	0	0	1210	P1-26-11	0	-
496	107.933594	108.065104	B3	67	80	0	0	1212	P1-26-12	0	-
497	108.080729	108.203125	C#4	68	80	0	0	1214	P1-26-13	0	-
498	108.216146	108.361979	D4	70	80	0	0	1216	P1-26-14	0	-
499	108.360677	108.542969	C#4	63	80	0	0	1218	P1-26-15	0	-
500	108.533854	108.682292	E4	69	80	0	0	1220	P1-26-16	0	-
501	108.674479	108.834635	D4	68	80	0	0	1222	P1-26-17	0	-
502	108.833333	108.986979	F#4	71	80	0	0	1224	P1-26-18	0	-
503	108.981771	109.158854	E4	68	80	0	0	1226	P1-26-19	0	-
504	109.139323	109.277344	G4	69	80	0	0	1228	P1-26-20	0	-
505	109.265625	109.446615	F#4	71	80	0	0	1230	P1-26-21	0	-
506	109.437500	109.582031	A4	72	80	0	0	1232	P1-26-22	0	-
507	109.576823	109.807292	G#4	78	80	0	0	1234	P1-26-23	0	-
508	109.735677	109.908854	C5	67	80	0	0	1236	P1-26-24	0	-
509	109.893229	110.049479	B4	68	80	0	0	1238	P1-26-25	0	-
510	110.062500	110.173177	A4	55	80	0	0	1240	P1-26-26	0	-
511	110.201823	110.359375	G4	54	80	0	0	1242	P1-26-27	0	-
512	110.368490	110.514323	F#4	55	80	0	0	1244	P1-26-28	0	-
513	110.527344	110.699219	E4	49	80	0	0	1246	P1-26-29	0	-
514	110.704427	111.959635	D#4	45	80	0	0	1248	P1-27-27	0	-
515	110.876302	110.993490	B4	51	80	0	0	1250	P1-27-3	0	-
516	111.022135	111.166667	C#5	62	80	0	0	1252	P1-27-4	0	-
517	111.165365	111.335938	D#5	66	80	0	0	1254	P1-27-5	0	-
518	111.321615	111.496094	E5	66	80	0	0	1256	P1-27-6	0	-
519	111.476562	111.645833	F#5	67	80	0	0	1258	P1-27-7	0	-
520	111.625000	111.785156	G#5	71	80	0	0	1260	P1-27-8	0	-
521	111.763021	111.925781	A#5	75	80	0	0	1262	P1-27-9	0	-
522	111.919271	112.063802	B5	69	80	0	0	1264	P1-27-10	0	-
523	112.053385	112.222656	A5	74	80	0	0	1266	P1-27-11	0	-
524	112.210938	112.395833	C6	76	80	0	0	1268	P1-27-12	0	-
525	112.367188	112.498698	B5	77	80	0	0	1270	P1-27-13	0	-
526	112.513021	112.658854	A5	80	80	0	0	1272	P1-27-14	0	-
527	112.666667	112.821615	G5	67	80	0	0	1274	P1-27-15	0	-
528	112.816406	112.986979	F#5	63	80	0	0	1276	P1-27-16	0	-
529	112.964844	113.149740	E5	65	80	0	0	1278	P1-27-17	0	-
530	113.134115	113.285156	D#5	63	80	0	0	1280	P1-27-18	0	-
531	113.274740	113.420573	E5	65	80	0	0	1282	P1-27-19	0	-
532	113.423177	113.593750	F#5	63	80	0	0	1284	P1-27-20	0	-
533	113.583333	113.726562	E5	60	80	0	0	1286	P1-27-21	0	-
534	113.730469	113.852865	D#5	60	80	0	0	1288	P1-27-22	0	-
535	113.884115	114.035156	C5	50	80	0	0	1290	P1-27-23	0	-
536	114.045573	114.161458	B4	59	80	0	0	1292	P1-27-24	0	-
537	114.183594	114.335938	A4	55	80	0	0	1294	P1-27-25	0	-
538	114.360677	115.009115	G4	51	80	0	0	1296	P1-28-2	0	-
539	114.506510	114.709635	E3	54	80	0	0	1298	P1-28-7	0	-
540	114.665365	114.861979	F#3	60	80	0	0	1300	P1-28-8	0	-
541	114.812500	114.977865	G3	64	80	0	0	1302	P1-28-9	0	-
542	114.972656	115.087240	A3	73	80	0	0	1304	P1-28-10	0	-
543	115.097656	115.274740	B3	74	80	0	0	1306	P1-28-11	0	-
544	115.265625	115.473958	C#4	71	80	0	0	1308	P1-28-12	0	-
545	115.414062	115.583333	D#4	71	80	0	0	1310	P1-28-13	0	-
546	115.565104	115.714844	E4	71	80	0	0	1312	P1-28-14	0	-
547	115.696615	115.894531	D#4	71	80	0	0	1314	P1-28-15	0	-
548	115.861979	116.018229	F#4	75	80	0	0	1316	P1-28-16	0	-
549	116.013021	116.173177	E4	75	80	0	0	1318	P1-28-17	0	-
550	116.158854	116.303385	G4	75	80	0	0	1320	P1-28-18	0	-
551	116.287760	116.484375	F#4	73	80	0	0	1322	P1-28-19	0	-
552	116.459635	116.600260	A4	76	80	0	0	1324	P1-28-20	0	-
553	116.591146	116.760417	G4	82	80	0	0	1326	P1-28-21	0	-
554	116.759115	116.914062	B4	77	80	0	0	1328	P1-28-22	0	-
555	116.885417	117.061198	A#4	80	80	0	0	1330	P1-28-23	0	-
556	117.074219	117.227865	D5	72	80	0	0	1332	P1-28-24	0	-
557	117.220052	117.412760	C#5	74	80	0	0	1334	P1-28-25	0	-
558	117.378906	117.515625	B4	79	80	0	0	1336	P1-28-26	0	-
559	117.518229	117.714844	A4	73	80	0	0	1338	P1-28-27	0	-
560	117.688802	117.928385	G#4	78	80	0	0	1340	P1-28-28	1	-
561	117.852865	118.169271	F#4	76	80	0	0	1342	P1-28-29	0	-
562	118.022135	119.188802	E#4	69	80	0	0	1344	P1-29-27	0	-
563	118.192708	118.354167	C#5	73	80	0	0	1346	P1-29-3	0	-
564	118.332031	118.472656	D#5	79	80	0	0	1348	P1-29-4	0	-
565	118.476562	118.649740	E#5	84	80	0	0	1350	P1-29-5	0	-
566	118.634115	118.794271	F#5	80	80	0	0	1352	P1-29-6	0	-
567	118.772135	118.934896	G#5	76	80	0	0	1354	P1-29-7	0	-
568	118.911458	119.065104	A#5	81	80	0	0	1356	P1-29-8	0	-
569	119.053385	119.233073	B#5	82	80	0	0	1358	P1-29-9	0	-
570	119.209635	119.382812	C#6	86	80	0	0	1360	P1-29-10	0	-
571	119.352865	119.500000	B5	83	80	0	0	1362	P1-29-11	0	-
572	119.500000	119.632812	D6	91	80	0	0	1364	P1-29-12	0	-
573	119.652344	119.835938	C#6	90	80	0	0	1366	P1-29-13	0	-
574	119.803385	119.929688	B5	89	80	0	0	1368	P1-29-14	0	-
575	119.944010	120.106771	A5	87	80	0	0	1370	P1-29-15	0	-
576	120.084635	120.266927	G#5	74	80	0	0	1372	P1-29-16	0	-
577	120.234375	120.404948	F#5	85	80	0	0	1374	P1-29-17	0	-
578	120.395833	120.558594	E#5	85	80	0	0	1376	P1-29-18	0	-
579	120.537760	120.549479	F#6	78	80	0	0	1378	*	3	-
580	120.542969	120.707031	F#5	81	80	0	0	1378	P1-29-19	0	-
581	120.686198	120.876302	G#5	72	80	0	0	1380	P1-29-20	0	-
582	120.687500	120.699219	G#6	74	80	0	0	1380	*	3	-
583	120.838542	120.848958	F#6	78	80	0	0	1382	*	3	-
584	120.841146	121.014323	F#5	82	80	0	0	1382	P1-29-21	0	-
585	120.984375	121.134115	E#5	88	80	0	0	1384	P1-29-22	0	-
586	121.123698	121.285156	D5	80	80	0	0	1386	P1-29-23	0	-
587	121.273438	121.433594	C#5	78	80	0	0	1388	P1-29-24	0	-
588	121.423177	121.604167	B4	82	80	0	0	1390	P1-29-25	0	-
589	121.604167	121.839844	A4	77	80	0	0	1392	P1-30-2	0	-
590	121.614583	122.729167	F#3	70	80	0	0	1392	P1-30-27	0	-
591	121.785156	121.963542	F#4	73	80	0	0	1394	P1-30-3	0	-
592	121.946615	122.102865	G#4	77	80	0	0	1396	P1-30-4	0	-
593	122.096354	122.214844	A4	74	80	0	0	1398	P1-30-5	0	-
594	122.255208	122.398438	B4	80	80	0	0	1400	P1-30-6	0	-
595	122.394531	122.563802	C#5	80	80	0	0	1402	P1-30-7	0	-
596	122.552083	122.691406	D#5	86	80	0	0	1404	P1-30-8	0	-
597	122.696615	122.873698	E#5	91	80	0	0	1406	P1-30-9	0	-
598	122.863281	124.029948	B3	85	80	0	0	1408	P1-30-29	0	-
599	122.864583	123.027344	F#5	82	80	0	0	1408	P1-30-10	0	-
600	122.864583	123.128906	B4	79	80	0	0	1408	*	3	-
601	122.903646	123.859375	D#3	55	80	0	0	1408	P1-30-28	0	-
602	123.023438	123.200521	G#5	74	80	0	0	1410	P1-30-11	0	-
603	123.167969	123.325521	F#5	87	80	0	0	1412	P1-30-12	0	-
604	123.312500	123.507812	E#5	86	80	0	0	1414	P1-30-13	0	-
605	123.485677	123.664062	F#5	92	80	0	0	1416	P1-30-14	0	-
606	123.641927	123.825521	G#5	84	80	0	0	1418	P1-30-15	0	-
607	123.791667	123.972656	F#5	94	80	0	0	1420	P1-30-16	0	-
608	123.944010	124.199219	E#5	93	80	0	0	1422	P1-30-17	0	-
609	124.114583	125.479167	B#3	87	80	0	0	1424	P1-30-31	0	-
610	124.122396	124.260417	F#5	80	80	0	0	1424	P1-30-18	0	-
611	124.138021	125.500000	D3	64	80	0	0	1424	P1-30-30	0	-
612	124.246094	124.432292	G#5	77	80	0	0	1426	P1-30-19	0	-
613	124.408854	124.600260	A5	93	80	0	0	1428	P1-30-20	0	-
614	124.578125	124.776042	G#5	86	80	0	0	1430	P1-30-21	0	-
615	124.760417	124.936198	B5	88	80	0	0	1432	P1-30-22	0	-
616	124.923177	125.110677	A5	84	80	0	0	1434	P1-30-23	0	-
617	125.097656	125.264323	G#5	76	80	0	0	1436	P1-30-24	0	-
618	125.240885	125.427083	F#5	84	80	0	0	1438	P1-30-25	0	-
619	125.421875	125.604167	E#5	78	80	0	0	1440	P1-31-2	0	-
620	125.424479	127.039062	C#4	66	80	0	0	1440	P1-31-24	0	-
621	125.468750	126.658854	C#3	47	80	0	0	1440	P1-31-23	0	-
622	125.574219	125.742188	F#5	77	80	0	0	1442	P1-31-3	0	-
623	125.734375	125.925781	G#5	74	80	0	0	1444	P1-31-4	0	-
624	125.889323	126.058594	F#5	80	80	0	0	1446	P1-31-5	0	-
625	126.044271	126.216146	E#5	74	80	0	0	1448	P1-31-6	0	-
626	126.201823	126.408854	D#5	69	80	0	0	1450	P1-31-7	0	-
627	126.354167	126.520833	C#5	67	80	0	0	1452	P1-31-8	0	-
628	126.494792	126.670573	B#4	63	80	0	0	1454	P1-31-9	0	-
629	126.654948	126.837240	C#5	64	80	0	0	1456	P1-31-10	0	-
630	126.809896	126.953125	B4	63	80	0	0	1458	P1-31-11	0	-
631	126.972656	127.123698	D5	57	80	0	0	1460	P1-31-12	0	-
632	127.131510	127.290365	C#5	57	80	0	0	1462	P1-31-13	0	-
633	127.296875	127.421875	B4	55	80	0	0	1464	P1-31-14	0	-
634	127.446615	127.610677	A4	48	80	0	0	1466	P1-31-15	0	-
635	127.636719	127.761719	G#4	47	80	0	0	1468	P1-31-16	0	-
636	127.779948	127.938802	F#4	46	80	0	0	1470	P1-31-17	0	-
637	127.973958	128.509115	E#4	42	80	0	0	1472	P1-31-18	0	-
638	128.126302	128.315104	D4	44	80	0	0	1474	P1-31-27	0	-
639	128.313802	128.535156	C#4	46	80	0	0	1476	P1-31-28	0	-
640	128.500000	128.665365	B#3	53	80	0	0	1478	P1-31-29	0	-
641	128.674479	128.912760	C#4	43	80	0	0	1480	P1-31-30	0	-
642	128.884115	129.141927	B3	41	80	0	0	1482	P1-31-31	0	-
643	129.135417	129.423177	A3	43	80	0	0	1484	P1-31-32	0	-
644	129.378906	129.729167	G#3	33	80	0	0	1486	P1-31-33	0	-
645	129.755208	131.059896	C#5	46	80	0	0	1488	P1-32-2	0	-
646	129.781250	130.019531	F#3	20	80	0	0	1488	P1-32-12	0	-
647	130.197917	130.312500	A4	28	80	0	0	1492	P1-32-14	0	-
648	130.201823	130.304688	F#4	25	80	0	0	1492	P1-32-13	0	-
649	130.537760	130.601562	F#4	21	80	0	0	1496	P1-32-15	0	-
650	130.833333	130.959635	A4	33	80	0	0	1500	P1-32-18	0	-
651	130.871094	130.957031	F#4	27	80	0	0	1500	P1-32-17	0	-
652	131.225260	131.339844	A4	17	80	0	0	1504	P1-32-20	0	-
653	131.226562	131.329427	F#4	17	80	0	0	1504	P1-32-19	0	-
654	131.535156	131.729167	F#4	23	80	0	0	1508	P1-32-21	0	-
655	131.535156	132.000000	F#5	40	80	0	0	1508	P1-32-4	0	-
656	131.848958	132.289062	A5	56	80	0	0	1512	P1-32-5	0	-
657	131.854167	131.959635	F#4	26	80	0	0	1512	P1-32-23	0	-
658	131.875000	132.019531	A4	29	80	0	0	1512	P1-32-24	0	-
659	132.174479	132.598958	E#5	57	80	0	0	1516	P1-32-6	0	-
660	132.194010	132.329427	F#4	30	80	0	0	1516	P1-32-25	0	-
661	132.220052	132.348958	A4	24	80	0	0	1516	P1-32-26	0	-
662	132.494792	132.989583	F#5	67	80	0	0	1520	P1-32-7	0	-
663	132.518229	132.899740	A4	30	80	0	0	1520	P1-32-28	0	-
664	132.524740	132.639323	F#4	33	80	0	0	1520	P1-32-27	0	-
665	132.811198	133.339844	B#4	64	80	0	0	1524	P1-32-8	0	-
666	132.813802	132.989583	F#4	39	80	0	0	1524	P1-32-29	0	-
667	133.153646	133.639323	D5	60	80	0	0	1528	P1-32-9	0	-
668	133.182292	133.329427	A4	31	80	0	0	1528	P1-32-32	0	-
669	133.186198	133.593750	F#4	24	80	0	0	1528	P1-32-31	0	-
670	133.511719	133.759115	C#5	56	80	0	0	1532	P1-32-10	0	-
671	133.515625	133.809896	F4	33	80	0	0	1532	P1-32-33	1	-
672	133.524740	133.718750	A4	34	80	0	0	1532	P1-32-34	0	-
673	133.925781	134.829427	C#5	58	80	0	0	1536	P1-33-2	0	-
674	133.942708	134.438802	E#3	34	80	0	0	1536	P1-33-12	0	-
675	134.291667	134.395833	G#4	44	80	0	0	1540	P1-33-14	0	-
676	134.294271	134.384115	E#4	32	80	0	0	1540	P1-33-13	0	-
677	134.606771	134.677083	G#4	40	80	0	0	1544	P1-33-16	0	-
678	134.611979	134.674479	E#4	31	80	0	0	1544	P1-33-15	0	-
679	134.902344	134.981771	G#4	41	80	0	0	1548	P1-33-18	0	-
680	134.902344	134.975260	E#4	34	80	0	0	1548	P1-33-17	0	-
681	135.225260	135.296875	G#4	35	80	0	0	1552	P1-33-20	0	-
682	135.229167	135.419271	E#4	29	80	0	0	1552	P1-33-19	0	-
683	135.535156	135.959635	G#5	63	80	0	0	1556	P1-33-4	0	-
684	135.537760	135.649740	G#4	32	80	0	0	1556	P1-33-22	0	-
685	135.867188	136.029948	E#4	34	80	0	0	1560	P1-33-23	0	-
686	135.871094	136.359375	B5	72	80	0	0	1560	P1-33-5	0	-
687	135.872396	136.019531	G#4	37	80	0	0	1560	P1-33-24	0	-
688	136.182292	136.569010	E#5	69	80	0	0	1564	P1-33-6	0	-
689	136.191406	136.389323	G#4	38	80	0	0	1564	P1-33-26	0	-
690	136.203125	136.329427	E#4	34	80	0	0	1564	P1-33-25	0	-
691	136.503906	136.979167	G#5	70	80	0	0	1568	P1-33-7	0	-
692	136.523438	136.619792	G#4	40	80	0	0	1568	P1-33-28	0	-
693	136.524740	136.718750	E#4	30	80	0	0	1568	P1-33-27	0	-
694	136.830729	137.127604	B#4	56	80	0	0	1572	P1-33-8	0	-
695	136.833333	137.000000	G#4	40	80	0	0	1572	P1-33-30	0	-
696	136.848958	137.399740	E#4	30	80	0	0	1572	P1-33-29	0	-
697	137.165365	137.503906	D5	53	80	0	0	1576	P1-33-9	0	-
698	137.173177	137.449219	G#4	36	80	0	0	1576	P1-33-32	0	-
699	137.511719	137.688802	G#4	38	80	0	0	1580	P1-33-34	0	-
700	137.513021	137.610677	C#5	52	80	0	0	1580	P1-33-10	0	-
701	137.550781	137.739583	E#4	28	80	0	0	1580	P1-33-33	0	-
702	137.852865	140.019531	C#5	53	80	0	0	1584	P1-34-14	0	-
703	137.902344	138.619792	F#4	31	80	0	0	1584	P1-34-16	0	-
704	138.192708	138.949219	A5	59	80	0	0	1588	P1-34-3	0	-
705	138.545573	139.348958	E4	40	80	0	0	1592	P1-34-17	0	-
706	138.875000	139.559896	G#5	54	80	0	0	1596	P1-34-5	0	-
707	139.222656	142.098958	D4	40	80	0	0	1600	P1-34-18	0	-
708	139.539062	139.989583	E#5	66	80	0	0	1604	P1-34-7	0	-
709	139.861979	140.438802	F#5	73	80	0	0	1608	P1-34-8	0	-
710	140.194010	140.606771	G#5	77	80	0	0	1612	P1-34-9	0	-
711	140.558594	140.964844	B5	62	80	0	0	1616	P1-34-10	0	-
712	140.587240	141.079427	B4	37	80	0	0	1616	P1-34-15	1	-
713	140.915365	141.399740	A5	55	80	0	0	1620	P1-34-11	0	-
714	141.243490	141.688802	G#5	49	80	0	0	1624	P1-34-12	0	-
715	141.595052	142.299479	F#5	43	80	0	0	1628	P1-34-13	0	-
716	141.934896	142.908854	C#5	40	80	0	0	1632	P1-35-11	0	-
717	141.968750	143.072917	C#4	28	80	0	0	1632	P1-35-10	0	-
718	142.273438	142.645833	E#5	51	80	0	0	1636	P1-35-3	0	-
719	142.618490	143.059896	G#5	47	80	0	0	1640	P1-35-4	0	-
720	142.953125	143.332031	B#4	43	80	0	0	1644	P1-35-5	0	-
721	143.303385	144.119792	C#5	42	80	0	0	1648	P1-35-6	0	-
722	143.617188	143.989583	E#4	45	80	0	0	1652	P1-35-13	0	-
723	143.934896	144.429688	G#4	51	80	0	0	1656	P1-35-14	0	-
724	144.261719	144.661458	C#4	55	80	0	0	1660	P1-35-15	0	-
725	144.587240	145.037760	D4	57	80	0	0	1664	P1-35-16	0	-
726	144.936198	145.348958	G#4	50	80	0	0	1668	*	3	-
727	144.940104	145.399740	G#3	57	80	0	0	1668	P1-35-17	0	-
728	145.285156	145.713542	B3	57	80	0	0	1672	P1-35-18	0	-
729	145.674479	146.273438	E#3	42	80	0	0	1676	P1-35-19	0	-
730	146.158854	147.989583	C#5	55	80	0	0	1680	P1-36-2	0	-
731	146.186198	146.859375	F#3	26	80	0	0	1680	P1-36-12	0	-
732	146.583333	146.759115	A4	33	80	0	0	1684	P1-36-14	0	-
733	146.593750	146.696615	F#4	28	80	0	0	1684	P1-36-13	0	-
734	146.886719	146.966146	A4	31	80	0	0	1688	P1-36-16	0	-
735	146.891927	146.963542	F#4	27	80	0	0	1688	P1-36-15	0	-
736	147.175781	147.269531	A4	31	80	0	0	1692	P1-36-18	0	-
737	147.183594	147.268229	F#4	30	80	0	0	1692	P1-36-17	0	-
738	147.492188	147.669271	A4	31	80	0	0	1696	P1-36-20	0	-
739	147.492188	147.578125	F#4	33	80	0	0	1696	P1-36-19	0	-
740	147.816406	148.098958	F#4	33	80	0	0	1700	P1-36-21	0	-
741	147.820312	148.289062	F#5	58	80	0	0	1700	P1-36-4	0	-
742	147.820312	148.009115	A4	32	80	0	0	1700	P1-36-22	0	-
743	148.151042	148.609375	F#4	33	80	0	0	1704	P1-36-23	0	-
744	148.154948	149.039062	A5	65	80	0	0	1704	P1-36-5	0	-
745	148.154948	148.348958	A4	42	80	0	0	1704	P1-36-24	0	-
746	148.475260	148.929688	E#5	73	80	0	0	1708	P1-36-6	0	-
747	148.480469	148.929688	A4	42	80	0	0	1708	P1-36-26	0	-
748	148.800781	149.378906	F#5	85	80	0	0	1712	P1-36-7	0	-
749	148.848958	149.019531	F#4	36	80	0	0	1712	P1-36-27	0	-
750	149.125000	149.515625	B#4	75	80	0	0	1716	P1-36-8	0	-
751	149.135417	149.348958	A4	51	80	0	0	1716	P1-36-30	0	-
752	149.139323	149.319010	F#4	43	80	0	0	1716	P1-36-29	0	-
753	149.473958	149.949219	D5	77	80	0	0	1720	P1-36-9	0	-
754	149.484375	149.589844	A4	55	80	0	0	1720	P1-36-32	0	-
755	149.494792	149.649740	F#4	41	80	0	0	1720	P1-36-31	0	-
756	149.803385	150.039062	C#5	78	80	0	0	1724	P1-36-10	0	-
757	149.812500	150.000000	F#4	48	80	0	0	1724	P1-36-33	0	-
758	149.843750	150.039062	A4	50	80	0	0	1724	P1-36-34	0	-
759	150.234375	151.878906	C#5	73	80	0	0	1728	P1-37-2	0	-
760	150.242188	150.479167	E4	47	80	0	0	1728	*	3	-
761	150.243490	150.709635	E3	45	80	0	0	1728	P1-37-12	0	-
762	150.615885	150.722656	G4	50	80	0	0	1732	P1-37-14	0	-
763	150.627604	150.716146	E4	47	80	0	0	1732	P1-37-13	0	-
764	150.925781	151.006510	G4	42	80	0	0	1736	P1-37-16	0	-
765	150.934896	151.002604	E4	37	80	0	0	1736	P1-37-15	0	-
766	151.200521	151.294271	G4	55	80	0	0	1740	P1-37-18	0	-
767	151.203125	151.291667	E4	54	80	0	0	1740	P1-37-17	0	-
768	151.513021	151.602865	G4	57	80	0	0	1744	P1-37-20	0	-
769	151.515625	151.606771	E4	59	80	0	0	1744	P1-37-19	0	-
770	151.815104	152.279948	G5	86	80	0	0	1748	P1-37-4	0	-
771	151.820312	152.039062	E4	53	80	0	0	1748	P1-37-21	0	-
772	151.821615	152.000000	G4	61	80	0	0	1748	P1-37-22	0	-
773	152.145833	152.649740	A#5	95	80	0	0	1752	P1-37-5	0	-
774	152.152344	152.339844	G4	46	80	0	0	1752	P1-37-24	0	-
775	152.153646	152.369792	E4	46	80	0	0	1752	P1-37-23	0	-
776	152.447917	152.878906	E5	90	80	0	0	1756	P1-37-6	0	-
777	152.475260	152.709635	E4	48	80	0	0	1756	P1-37-25	0	-
778	152.477865	152.809896	G4	46	80	0	0	1756	P1-37-26	0	-
779	152.782552	153.188802	G5	92	80	0	0	1760	P1-37-7	0	-
780	152.794271	153.119792	E4	44	80	0	0	1760	P1-37-27	0	-
781	152.813802	152.899740	G4	39	80	0	0	1760	P1-37-28	0	-
782	153.095052	153.500000	C#5	84	80	0	0	1764	P1-37-8	0	-
783	153.125000	153.429688	G4	46	80	0	0	1764	P1-37-30	0	-
784	153.128906	153.429688	E4	43	80	0	0	1764	P1-37-29	0	-
785	153.434896	153.839844	E5	71	80	0	0	1768	P1-37-9	0	-
786	153.444010	153.769531	E4	42	80	0	0	1768	P1-37-31	0	-
787	153.444010	153.658854	G4	45	80	0	0	1768	P1-37-32	0	-
788	153.763021	154.179688	A#4	68	80	0	0	1772	P1-37-10	0	-
789	153.795573	154.169271	G4	51	80	0	0	1772	P1-37-34	0	-
790	153.800781	154.199219	E4	45	80	0	0	1772	P1-37-33	0	-
791	154.104167	155.908854	F#4	66	80	0	0	1776	P1-38-14	0	-
792	154.132812	154.846354	D#4	54	80	0	0	1776	P1-38-18	0	-
793	154.441406	155.119792	B4	80	80	0	0	1780	P1-38-3	0	-
794	154.764323	155.455729	D4	75	80	0	0	1784	P1-38-19	0	-
795	155.095052	155.464844	B#4	82	80	0	0	1788	P1-38-5	0	-
796	155.423177	156.649740	C#4	88	80	0	0	1792	P1-38-20	0	-
797	155.746094	156.449219	C#5	90	80	0	0	1796	P1-38-7	0	-
798	156.093750	156.598958	F#5	95	80	0	0	1800	P1-38-8	0	-
799	156.425781	156.869792	A4	93	80	0	0	1804	P1-38-9	0	-
800	156.786458	157.549479	C#5	85	80	0	0	1808	P1-38-10	0	-
801	156.792969	157.539062	A3	77	80	0	0	1808	P1-38-22	0	-
802	156.809896	158.000000	C#3	72	80	0	0	1808	P1-38-17	0	-
803	157.130208	157.579427	F#4	85	80	0	0	1812	P1-38-11	0	-
804	157.486979	157.861979	B4	86	80	0	0	1816	P1-38-12	0	-
805	157.493490	158.079427	G#3	69	80	0	0	1816	P1-38-23	0	-
806	157.842448	158.259115	E#4	85	80	0	0	1820	P1-38-13	0	-
807	158.227865	158.585938	F#4	81	80	0	0	1824	P1-39-2	0	-
808	158.227865	159.169271	A3	71	80	0	0	1824	P1-39-27	0	-
809	158.235677	160.408854	F#3	70	80	0	0	1824	P1-39-25	0	-
810	158.578125	158.756510	G#4	78	80	0	0	1828	P1-39-3	0	-
811	158.593750	158.809896	C#4	69	80	0	0	1828	P1-39-28	0	-
812	158.730469	158.854167	A4	79	80	0	0	1830	P1-39-4	0	-
813	158.873698	159.149740	C#4	69	80	0	0	1832	P1-39-29	0	-
814	158.881510	159.032552	B4	84	80	0	0	1832	P1-39-5	0	-
815	159.020833	159.162760	C#5	82	80	0	0	1834	P1-39-6	0	-
816	159.161458	159.475260	C#4	59	80	0	0	1836	P1-39-30	0	-
817	159.164062	159.308594	D#5	81	80	0	0	1836	P1-39-7	0	-
818	159.313802	159.475260	E#5	86	80	0	0	1838	P1-39-8	0	-
819	159.475260	159.639323	F#5	82	80	0	0	1840	P1-39-9	0	-
820	159.481771	160.489583	A3	57	80	0	0	1840	P1-39-31	0	-
821	159.611979	159.774740	G#5	77	80	0	0	1842	P1-39-10	0	-
822	159.763021	159.934896	A5	82	80	0	0	1844	P1-39-11	0	-
823	159.764323	159.904948	C#4	55	80	0	0	1844	P1-39-32	0	-
824	159.908854	160.092448	B5	75	80	0	0	1846	P1-39-12	0	-
825	160.072917	160.250000	C#4	53	80	0	0	1848	P1-39-33	0	-
826	160.074219	160.225260	C#6	79	80	0	0	1848	P1-39-13	0	-
827	160.222656	160.361979	A5	71	80	0	0	1850	P1-39-14	0	-
828	160.372396	160.682292	C#4	54	80	0	0	1852	P1-39-34	0	-
829	160.372396	160.523438	G#5	64	80	0	0	1852	P1-39-15	0	-
830	160.510417	160.683594	F#5	70	80	0	0	1854	P1-39-16	0	-
831	160.654948	161.399740	B3	47	80	0	0	1856	P1-39-35	0	-
832	160.691406	160.824219	E#5	69	80	0	0	1856	P1-39-17	0	-
833	160.834635	160.973958	G#5	56	80	0	0	1858	P1-39-18	0	-
834	160.989583	161.289062	C#4	40	80	0	0	1860	P1-39-36	0	-
835	160.990885	161.110677	E#5	56	80	0	0	1860	P1-39-19	0	-
836	161.140625	161.285156	C#5	55	80	0	0	1862	P1-39-20	0	-
837	161.298177	162.069010	C#4	39	80	0	0	1864	P1-39-37	0	-
838	161.299479	161.428385	B4	60	80	0	0	1864	P1-39-21	0	-
839	161.440104	161.605469	C#5	56	80	0	0	1866	P1-39-22	0	-
840	161.602865	161.729167	B4	63	80	0	0	1868	P1-39-23	0	-
841	161.752604	161.907552	G#4	60	80	0	0	1870	P1-39-24	0	-
842	161.929688	162.252604	F#4	49	80	0	0	1872	P1-40-2	0	-
843	161.932292	162.699219	A3	40	80	0	0	1872	P1-40-27	0	-
844	162.257812	162.372396	G#4	53	80	0	0	1876	P1-40-3	0	-
845	162.283854	162.371094	C#4	35	80	0	0	1876	P1-40-28	0	-
846	162.406250	162.526042	A4	45	80	0	0	1878	P1-40-4	0	-
847	162.554688	162.631510	C#4	40	80	0	0	1880	P1-40-29	0	-
848	162.554688	162.666667	B4	56	80	0	0	1880	P1-40-5	0	-
849	162.675781	162.828125	C#5	64	80	0	0	1882	P1-40-6	0	-
850	162.830729	162.917969	D#5	57	80	0	0	1884	P1-40-7	0	-
851	162.846354	163.161458	C#4	36	80	0	0	1884	P1-40-30	0	-
852	162.986979	163.132812	E#5	59	80	0	0	1886	P1-40-8	0	-
853	163.141927	164.289062	A3	44	80	0	0	1888	P1-40-31	0	-
854	163.143229	163.292969	F#5	56	80	0	0	1888	P1-40-9	0	-
855	163.296875	163.402344	G#5	57	80	0	0	1890	P1-40-10	0	-
856	163.441406	163.591146	A5	57	80	0	0	1892	P1-40-11	0	-
857	163.442708	163.601562	C#4	40	80	0	0	1892	P1-40-32	0	-
858	163.585938	163.727865	B5	61	80	0	0	1894	P1-40-12	0	-
859	163.742188	163.837240	C#4	43	80	0	0	1896	P1-40-33	0	-
860	163.743490	163.877604	C#6	59	80	0	0	1896	P1-40-13	0	-
861	163.884115	164.027344	A5	58	80	0	0	1898	P1-40-14	0	-
862	164.013021	164.339844	C#4	38	80	0	0	1900	P1-40-34	0	-
863	164.031250	164.161458	G#5	49	80	0	0	1900	P1-40-15	0	-
864	164.165365	164.311198	F#5	49	80	0	0	1902	P1-40-16	0	-
865	164.333333	164.919271	B3	40	80	0	0	1904	P1-40-35	0	-
866	164.334635	164.457031	E#5	48	80	0	0	1904	P1-40-17	0	-
867	164.342448	165.289062	C#3	38	80	0	0	1904	P1-40-26	0	-
868	164.476562	164.615885	G#5	46	80	0	0	1906	P1-40-18	0	-
869	164.641927	164.753906	E#5	50	80	0	0	1908	P1-40-19	0	-
870	164.653646	164.889323	C#4	37	80	0	0	1908	P1-40-36	0	-
871	164.782552	164.895833	C#5	54	80	0	0	1910	P1-40-20	0	-
872	164.940104	165.054688	B4	58	80	0	0	1912	P1-40-21	0	-
873	164.946615	165.089844	C#4	37	80	0	0	1912	P1-40-37	0	-
874	165.070312	165.230469	C#5	61	80	0	0	1914	P1-40-22	0	-
875	165.244792	165.355469	B4	52	80	0	0	1916	P1-40-23	0	-
876	165.244792	165.305990	C#4	40	80	0	0	1916	P1-40-38	0	-
877	165.388021	165.546875	G#4	55	80	0	0	1918	P1-40-24	0	-
878	165.542969	166.649740	F#4	55	80	0	0	1920	P1-41-2	0	-
879	165.696615	165.886719	F#2	52	80	0	0	1922	P1-41-21	0	-
880	165.858073	166.023438	G#2	60	80	0	0	1924	P1-41-22	0	-
881	165.998698	166.187500	A2	61	80	0	0	1926	P1-41-23	0	-
882	166.151042	166.319010	B3	64	80	0	0	1928	*	3	-
883	166.151042	166.292969	B2	75	80	0	0	1928	P1-41-24	0	-
884	166.278646	166.527344	C#3	76	80	0	0	1930	P1-41-25	0	-
885	166.440104	166.592448	D#3	75	80	0	0	1932	P1-41-26	0	-
886	166.589844	166.760417	E#3	70	80	0	0	1934	P1-41-27	0	-
887	166.761719	167.649740	F#3	69	80	0	0	1936	P1-41-28	0	-
888	166.911458	167.054688	F#4	59	80	0	0	1938	P1-41-4	0	-
889	167.055990	167.178385	G#4	72	80	0	0	1940	P1-41-5	0	-
890	167.209635	167.352865	A4	72	80	0	0	1942	P1-41-6	0	-
891	167.364583	167.486979	B4	79	80	0	0	1944	P1-41-7	0	-
892	167.494792	167.652344	C#5	80	80	0	0	1946	P1-41-8	0	-
893	167.641927	167.792969	D#5	84	80	0	0	1948	P1-41-9	0	-
894	167.786458	167.954427	E#5	86	80	0	0	1950	P1-41-10	0	-
895	167.930990	168.096354	F#5	84	80	0	0	1952	P1-41-11	0	-
896	168.071615	168.246094	G#5	81	80	0	0	1954	P1-41-12	0	-
897	168.222656	168.398438	A5	91	80	0	0	1956	P1-41-13	0	-
898	168.373698	168.565104	B5	88	80	0	0	1958	P1-41-14	0	-
899	168.539062	168.710938	C#6	94	80	0	0	1960	P1-41-15	0	-
900	168.695312	168.847656	A5	78	80	0	0	1962	P1-41-16	0	-
901	168.845052	169.023438	F#5	88	80	0	0	1964	P1-41-17	0	-
902	168.996094	169.213542	C#5	83	80	0	0	1966	P1-41-18	0	-
903	169.209635	170.009115	D5	85	80	0	0	1968	P1-42-2	0	-
904	169.375000	169.553385	F3	77	80	0	0	1970	P1-42-21	0	-
905	169.527344	169.697917	G3	81	80	0	0	1972	P1-42-22	0	-
906	169.682292	169.815104	A3	91	80	0	0	1974	P1-42-23	0	-
907	169.819010	169.968750	B3	85	80	0	0	1976	P1-42-24	0	-
908	169.953125	170.127604	C#4	86	80	0	0	1978	P1-42-25	0	-
909	170.113281	170.256510	D4	83	80	0	0	1980	P1-42-26	0	-
910	170.264323	170.454427	E4	84	80	0	0	1982	P1-42-27	0	-
911	170.444010	171.209635	F4	76	80	0	0	1984	P1-42-28	0	-
912	170.597656	170.736979	A4	69	80	0	0	1986	P1-42-4	0	-
913	170.746094	170.888021	B4	79	80	0	0	1988	P1-42-5	0	-
914	170.886719	171.040365	C#5	81	80	0	0	1990	P1-42-6	0	-
915	171.033854	171.200521	D5	89	80	0	0	1992	P1-42-7	0	-
916	171.174479	171.358073	E5	88	80	0	0	1994	P1-42-8	0	-
917	171.332031	171.496094	F5	93	80	0	0	1996	P1-42-9	0	-
918	171.476562	171.683594	G5	90	80	0	0	1998	P1-42-10	0	-
919	171.652344	171.812500	A5	88	80	0	0	2000	P1-42-11	0	-
920	171.794271	171.975260	D5	78	80	0	0	2002	P1-42-12	0	-
921	171.959635	172.175781	F5	88	80	0	0	2004	P1-42-13	0	-
922	172.104167	172.312500	A5	81	80	0	0	2006	P1-42-14	0	-
923	172.294271	172.579427	D6	79	80	0	0	2008	P1-42-15	0	-
924	172.458333	172.640625	C6	75	80	0	0	2010	P1-42-16	0	-
925	172.623698	172.755208	B5	74	80	0	0	2012	P1-42-17	0	-
926	172.763021	172.919271	A5	74	80	0	0	2014	P1-42-18	0	-
927	172.932292	175.209635	D4	46	80	0	0	2016	P1-43-29	0	-
928	172.933594	173.097656	A5	60	80	0	0	2016	P1-43-2	0	-
929	172.940104	175.309896	B3	44	80	0	0	2016	P1-43-28	0	-
930	172.944010	175.239583	E3	44	80	0	0	2016	P1-43-27	0	-
931	173.088542	173.257812	G#5	66	80	0	0	2018	P1-43-3	0	-
932	173.260417	173.394531	B5	69	80	0	0	2020	P1-43-4	0	-
933	173.401042	173.588542	A#5	64	80	0	0	2022	P1-43-5	0	-
934	173.583333	173.743490	C#6	61	80	0	0	2024	P1-43-6	0	-
935	173.729167	173.859375	B5	65	80	0	0	2026	P1-43-7	0	-
936	173.886719	174.053385	A5	57	80	0	0	2028	P1-43-8	0	-
937	174.045573	174.220052	G#5	54	80	0	0	2030	P1-43-9	0	-
938	174.213542	174.363281	F#5	56	80	0	0	2032	P1-43-10	0	-
939	174.369792	174.533854	E5	57	80	0	0	2034	P1-43-11	0	-
940	174.539062	174.673177	F#5	53	80	0	0	2036	P1-43-12	0	-
941	174.683594	174.859375	E#5	60	80	0	0	2038	P1-43-13	0	-
942	174.864583	175.098958	G#5	43	80	0	0	2040	P1-43-14	0	-
943	175.023438	175.177083	F#5	52	80	0	0	2042	P1-43-15	0	-
944	175.200521	175.313802	E5	50	80	0	0	2044	P1-43-16	0	-
945	175.345052	175.532552	D5	54	80	0	0	2046	P1-43-17	0	-
946	175.536458	175.708333	C#5	50	80	0	0	2048	P1-43-18	0	-
947	175.541667	177.319010	D4	35	80	0	0	2048	P1-43-32	0	-
948	175.578125	177.309896	E3	25	80	0	0	2048	P1-43-30	0	-
949	175.580729	177.369792	G#3	25	80	0	0	2048	P1-43-31	0	-
950	175.707031	175.967448	B4	50	80	0	0	2050	P1-43-19	0	-
951	175.911458	176.078125	D5	51	80	0	0	2052	P1-43-20	0	-
952	176.093750	176.313802	C#5	53	80	0	0	2054	P1-43-21	0	-
953	176.329427	176.572917	E5	47	80	0	0	2056	P1-43-22	0	-
954	176.555990	176.875000	D5	44	80	0	0	2058	P1-43-23	0	-
955	176.842448	177.179688	C#5	43	80	0	0	2060	P1-43-24	0	-
956	177.154948	177.750000	B#4	31	80	0	0	2062	P1-43-25	0	-
957	177.683594	178.979167	C#5	55	80	0	0	2064	P1-44-2	0	-
958	177.714844	177.729167	A2	32	80	0	0	2064	*	3	-
959	177.717448	179.739583	A3	31	80	0	0	2064	P1-44-12	0	-
960	177.723958	183.519531	E4	36	80	0	0	2064	P1-44-11	0	-
961	178.955729	179.059896	D5	58	80	0	0	2076	P1-44-3	0	-
962	179.054688	179.149740	C#5	66	80	0	0	2077	P1-44-4	0	-
963	179.165365	179.438802	B4	69	80	0	0	2078	P1-44-5	0	-
964	179.273438	179.450521	C#5	75	80	0	0	2079	P1-44-6	0	-
965	179.434896	180.221354	E5	69	80	0	0	2080	P1-44-7	0	-
966	180.128906	181.089844	D5	58	80	0	0	2088	P1-44-8	0	-
967	180.826823	181.679688	B4	46	80	0	0	2096	P1-44-9	0	-
968	180.834635	182.500000	D4	25	80	0	0	2096	P1-44-14	0	-
969	181.545573	182.459635	G#4	42	80	0	0	2104	P1-44-10	0	-
970	182.308594	183.519531	A4	37	80	0	0	2112	P1-45-2	0	-
971	182.351562	183.729167	C#4	20	80	0	0	2112	P1-45-6	0	-
972	183.511719	183.949219	C#5	46	80	0	0	2124	P1-45-3	0	-
973	183.680990	183.968750	A4	51	80	0	0	2126	P1-45-4	0	-
974	183.912760	187.500000	E5	54	80	0	0	2128	P1-45-5	0	-
975	184.580729	184.919271	D5	36	80	0	0	2136	P1-45-11	0	-
976	184.606771	184.828125	G#4	21	80	0	0	2136	P1-45-10	0	-
977	185.225260	185.598958	D5	44	80	0	0	2144	P1-45-13	0	-
978	185.226562	185.559896	G#4	39	80	0	0	2144	P1-45-12	0	-
979	185.868490	186.658854	D5	52	80	0	0	2152	P1-45-15	0	-
980	185.902344	186.509115	G#4	40	80	0	0	2152	P1-45-14	0	-
981	186.576823	188.299479	C#5	44	80	0	0	2160	P1-46-16	0	-
982	186.592448	188.279948	A4	28	80	0	0	2160	P1-46-15	0	-
983	186.907552	187.317708	A5	65	80	0	0	2164	P1-46-3	0	-
984	187.225260	187.679688	G#5	60	80	0	0	2168	P1-46-4	0	-
985	187.562500	187.955729	G5	58	80	0	0	2172	P1-46-5	0	-
986	187.904948	188.265625	E#5	52	80	0	0	2176	P1-46-6	0	-
987	187.912760	189.039062	D4	28	80	0	0	2176	P1-46-17	0	-
988	188.234375	188.596354	F#5	53	80	0	0	2180	P1-46-7	0	-
989	188.544271	188.932292	E5	59	80	0	0	2184	P1-46-8	0	-
990	188.872396	189.196615	D5	59	80	0	0	2188	P1-46-9	0	-
991	189.205729	189.611979	C#5	55	80	0	0	2192	P1-46-10	0	-
992	189.550781	189.973958	B4	57	80	0	0	2196	P1-46-11	0	-
993	189.906250	190.316406	D5	50	80	0	0	2200	P1-46-12	0	-
994	190.295573	190.938802	F#5	41	80	0	0	2204	P1-46-13	0	-
995	190.786458	192.089844	A4	38	80	0	0	2208	P1-47-2	0	-
996	190.794271	192.419271	C#4	27	80	0	0	2208	P1-47-15	0	-
997	190.822917	192.468750	E3	21	80	0	0	2208	P1-47-13	0	-
998	192.035156	192.289062	B4	42	80	0	0	2220	P1-47-3	0	-
999	192.199219	192.427083	A4	45	80	0	0	2222	P1-47-4	0	-
1000	192.389323	192.820312	G#4	51	80	0	0	2224	P1-47-5	0	-
1001	192.394531	193.739583	B3	34	80	0	0	2224	P1-47-16	0	-
1002	192.734375	193.080729	E4	54	80	0	0	2228	P1-47-6	0	-
1003	193.040365	193.415365	F#4	57	80	0	0	2232	P1-47-7	0	-
1004	193.355469	193.686198	G#4	71	80	0	0	2236	P1-47-8	0	-
1005	193.674479	194.059896	A4	67	80	0	0	2240	P1-47-9	0	-
1006	193.983073	194.368490	A#4	74	80	0	0	2244	P1-47-10	0	-
1007	194.305990	194.692708	B4	73	80	0	0	2248	P1-47-11	0	-
1008	194.652344	195.209635	B#4	64	80	0	0	2252	P1-47-12	0	-
1009	195.114583	196.218750	C#5	58	80	0	0	2256	P1-48-2	0	-
1010	195.123698	196.479167	A4	42	80	0	0	2256	P1-48-13	0	-
1011	195.166667	196.919271	A3	26	80	0	0	2256	P1-48-12	0	-
1012	196.214844	196.313802	D5	61	80	0	0	2268	P1-48-3	0	-
1013	196.313802	196.402344	C#5	65	80	0	0	2269	P1-48-4	0	-
1014	196.417969	196.589844	B4	71	80	0	0	2270	P1-48-5	0	-
1015	196.520833	196.729167	C#5	76	80	0	0	2271	P1-48-6	0	-
1016	196.653646	198.199219	G#4	50	80	0	0	2272	P1-48-15	0	-
1017	196.654948	197.398438	E5	69	80	0	0	2272	P1-48-7	0	-
1018	196.657552	199.039062	B3	44	80	0	0	2272	P1-48-14	0	-
1019	197.324219	198.188802	D5	65	80	0	0	2280	P1-48-8	0	-
1020	198.013021	198.794271	B4	51	80	0	0	2288	P1-48-9	0	-
1021	198.018229	199.309896	E4	33	80	0	0	2288	P1-48-17	0	-
1022	198.033854	199.658854	D4	28	80	0	0	2288	P1-48-16	0	-
1023	198.725260	199.628906	G#4	53	80	0	0	2296	P1-48-10	0	-
1024	199.523438	200.739583	A4	37	80	0	0	2304	P1-49-2	0	-
1025	199.533854	201.259115	E4	29	80	0	0	2304	P1-49-12	0	-
1026	199.553385	201.250000	C#4	23	80	0	0	2304	P1-49-11	0	-
1027	200.692708	200.843750	C#5	51	80	0	0	2316	P1-49-3	0	-
1028	200.865885	201.299479	A4	56	80	0	0	2318	P1-49-4	0	-
1029	201.149740	202.959635	E#5	72	80	0	0	2320	P1-49-5	0	-
1030	201.830729	202.500000	B4	49	80	0	0	2328	P1-49-15	0	-
1031	201.864583	202.569010	D4	22	80	0	0	2328	P1-49-14	0	-
1032	202.513021	203.149740	C5	52	80	0	0	2336	P1-49-17	0	-
1033	202.516927	203.039062	D#4	42	80	0	0	2336	P1-49-16	0	-
1034	202.864583	203.399740	F#5	73	80	0	0	2340	P1-49-7	0	-
1035	203.244792	203.759115	G#5	72	80	0	0	2344	P1-49-8	0	-
1036	203.277344	204.039062	C5	37	80	0	0	2344	P1-49-19	0	-
1037	203.286458	204.209635	D#4	36	80	0	0	2344	P1-49-18	0	-
1038	203.643229	203.979167	A5	78	80	0	0	2348	P1-49-9	0	-
1039	204.154948	205.218750	A5	57	80	0	0	2352	P1-50-2	0	-
1040	204.164062	204.729167	C#5	41	80	0	0	2352	P1-50-17	0	-
1041	204.183594	205.468750	E4	26	80	0	0	2352	P1-50-16	0	-
1042	205.154948	205.378906	B5	51	80	0	0	2362	P1-50-4	0	-
1043	205.300781	205.619792	C#6	56	80	0	0	2364	P1-50-5	0	-
1044	205.442708	205.604167	A5	48	80	0	0	2366	P1-50-6	0	-
1045	205.613281	206.046875	E5	43	80	0	0	2368	P1-50-7	0	-
1046	205.966146	206.669271	A5	60	80	0	0	2372	P1-50-8	0	-
1047	206.311198	206.739583	C#5	58	80	0	0	2376	P1-50-9	0	-
1048	206.647135	207.035156	F#5	58	80	0	0	2380	P1-50-10	0	-
1049	206.979167	207.363281	E5	63	80	0	0	2384	P1-50-11	0	-
1050	207.325521	207.779948	D#5	59	80	0	0	2388	P1-50-12	0	-
1051	207.691406	208.145833	D5	52	80	0	0	2392	P1-50-13	0	-
1052	207.717448	208.184896	D4	27	80	0	0	2392	P1-50-21	0	-
1053	207.722656	209.009115	E3	26	80	0	0	2392	P1-50-20	0	-
1054	208.096354	208.369792	B4	52	80	0	0	2396	P1-50-14	0	-
1055	208.595052	210.479167	B4	47	80	0	0	2400	P1-51-2	0	-
1056	208.595052	210.809896	A3	31	80	0	0	2400	P1-51-5	0	-
1057	208.604167	210.429688	D4	30	80	0	0	2400	P1-51-7	0	-
1058	210.266927	211.158854	A4	32	80	0	0	2416	P1-51-3	0	-
1059	210.272135	210.729167	C#4	29	80	0	0	2416	P1-51-8	0	-
1060	211.027344	211.859375	E3	43	80	0	0	2424	P1-51-9	0	-
1061	211.029948	211.369792	E4	40	80	0	0	2424	*	3	-
1062	211.782552	212.613281	C#3	42	80	0	0	2432	P1-51-10	0	-
1063	211.785156	211.979167	C#4	37	80	0	0	2432	*	3	-
1064	212.553385	213.529948	A2	45	80	0	0	2440	P1-51-11	0	-
1065	213.494792	214.419271	D5	52	80	0	0	2448	P1-52-2	0	-
1066	213.536458	215.119792	E3	28	80	0	0	2448	P1-52-17	0	-
1067	214.186198	214.819010	B3	28	80	0	0	2456	P1-52-22	0	-
1068	214.227865	214.669271	G#3	21	80	0	0	2456	P1-52-21	0	-
1069	214.377604	214.669271	F#5	49	80	0	0	2458	P1-52-4	0	-
1070	214.545573	214.662760	E5	55	80	0	0	2460	P1-52-5	0	-
1071	214.674479	214.833333	F#5	62	80	0	0	2462	P1-52-6	0	-
1072	214.825521	215.509115	B3	39	80	0	0	2464	P1-52-24	0	-
1073	214.830729	214.972656	D5	54	80	0	0	2464	P1-52-7	0	-
1074	214.861979	215.489583	G#3	31	80	0	0	2464	P1-52-23	0	-
1075	214.994792	215.122396	E5	54	80	0	0	2466	P1-52-8	0	-
1076	215.132812	215.256510	C#5	59	80	0	0	2468	P1-52-9	0	-
1077	215.273438	215.459635	D5	58	80	0	0	2470	P1-52-10	0	-
1078	215.444010	216.199219	A3	37	80	0	0	2472	P1-52-25	0	-
1079	215.445312	215.579427	B4	56	80	0	0	2472	P1-52-11	0	-
1080	215.445312	216.098958	C#4	40	80	0	0	2472	P1-52-26	0	-
1081	215.587240	215.727865	C#5	61	80	0	0	2474	P1-52-12	0	-
1082	215.742188	215.885417	A4	56	80	0	0	2476	P1-52-13	0	-
1083	215.898438	216.098958	B4	59	80	0	0	2478	P1-52-14	0	-
1084	216.085938	216.899740	G#4	50	80	0	0	2480	P1-52-15	0	-
1085	216.093750	216.559896	B3	38	80	0	0	2480	P1-52-27	0	-
1086	216.093750	216.500000	D4	37	80	0	0	2480	P1-52-28	0	-
1087	216.805990	217.739583	D4	38	80	0	0	2488	P1-52-30	0	-
1088	216.811198	217.729167	B3	35	80	0	0	2488	P1-52-29	0	-
1089	217.567708	218.433594	E5	66	80	0	0	2496	P1-53-2	0	-
1090	217.592448	219.539062	A3	35	80	0	0	2496	P1-53-17	0	-
1091	218.264323	218.688802	E4	49	80	0	0	2504	P1-53-22	0	-
1092	218.276042	218.769531	C#4	41	80	0	0	2504	P1-53-21	0	-
1093	218.419271	218.649740	D#5	66	80	0	0	2506	P1-53-4	0	-
1094	218.565104	218.716146	F#5	74	80	0	0	2508	P1-53-5	0	-
1095	218.704427	218.869792	E5	78	80	0	0	2510	P1-53-6	0	-
1096	218.863281	219.035156	A5	77	80	0	0	2512	P1-53-7	0	-
1097	218.863281	219.489583	E4	59	80	0	0	2512	P1-53-24	0	-
1098	218.891927	219.500000	C#4	52	80	0	0	2512	P1-53-23	0	-
1099	219.006510	219.209635	G#5	77	80	0	0	2514	P1-53-8	0	-
1100	219.156250	219.304688	B5	85	80	0	0	2516	P1-53-9	0	-
1101	219.289062	219.473958	A5	88	80	0	0	2518	P1-53-10	0	-
1102	219.446615	219.625000	C#6	85	80	0	0	2520	P1-53-11	0	-
1103	219.453125	220.149740	D4	60	80	0	0	2520	P1-53-26	0	-
1104	219.466146	220.188802	B3	52	80	0	0	2520	P1-53-25	0	-
1105	219.593750	219.752604	B5	79	80	0	0	2522	P1-53-12	0	-
1106	219.752604	219.904948	D6	87	80	0	0	2524	P1-53-13	0	-
1107	219.886719	220.149740	C#6	86	80	0	0	2526	P1-53-14	0	-
1108	220.092448	221.319010	E6	80	80	0	0	2528	P1-53-15	0	-
1109	220.093750	220.886719	C#4	58	80	0	0	2528	P1-53-27	0	-
1110	220.095052	220.899740	A3	50	80	0	0	2528	P1-53-18	0	-
1111	220.778646	221.658854	B3	65	80	0	0	2536	P1-53-28	0	-
1112	220.799479	221.669271	G#3	54	80	0	0	2536	P1-53-19	0	-
1113	221.554688	222.559896	A5	88	80	0	0	2544	P1-54-2	0	-
1114	221.562500	225.209635	F#3	52	80	0	0	2544	P1-54-23	0	-
1115	222.246094	222.739583	C#4	58	80	0	0	2552	P1-54-26	0	-
1116	222.251302	222.699219	A3	49	80	0	0	2552	P1-54-25	0	-
1117	222.410156	222.575521	C#6	75	80	0	0	2554	P1-54-4	0	-
1118	222.555990	222.712240	B5	76	80	0	0	2556	P1-54-5	0	-
1119	222.700521	222.872396	C#6	88	80	0	0	2558	P1-54-6	0	-
1120	222.843750	223.319010	C#4	56	80	0	0	2560	P1-54-28	0	-
1121	222.846354	223.319010	A3	45	80	0	0	2560	P1-54-27	0	-
1122	222.847656	223.022135	A5	79	80	0	0	2560	P1-54-7	0	-
1123	223.005208	223.319010	B5	75	80	0	0	2562	P1-54-8	0	-
1124	223.158854	223.321615	G#5	74	80	0	0	2564	P1-54-9	0	-
1125	223.305990	223.486979	A5	84	80	0	0	2566	P1-54-10	0	-
1126	223.472656	223.636719	F#5	77	80	0	0	2568	P1-54-11	0	-
1127	223.484375	224.119792	C#4	55	80	0	0	2568	P1-54-30	0	-
1128	223.485677	224.089844	A3	49	80	0	0	2568	P1-54-29	0	-
1129	223.614583	223.829427	G#5	81	80	0	0	2570	P1-54-12	0	-
1130	223.773438	223.947917	E5	82	80	0	0	2572	P1-54-13	0	-
1131	223.925781	224.158854	F#5	82	80	0	0	2574	P1-54-14	0	-
1132	224.093750	224.278646	D#5	79	80	0	0	2576	P1-54-15	0	-
1133	224.101562	224.583333	B3	55	80	0	0	2576	P1-54-32	0	-
1134	224.102865	224.639323	A3	53	80	0	0	2576	P1-54-31	0	-
1135	224.247396	224.444010	E5	81	80	0	0	2578	P1-54-16	0	-
1136	224.416667	224.601562	F#5	82	80	0	0	2580	P1-54-17	0	-
1137	224.575521	224.829427	G#5	78	80	0	0	2582	P1-54-18	0	-
1138	224.783854	225.029948	B5	68	80	0	0	2584	P1-54-19	0	-
1139	224.786458	225.399740	A3	44	80	0	0	2584	P1-54-33	0	-
1140	224.786458	225.408854	B3	50	80	0	0	2584	P1-54-34	0	-
1141	224.976562	225.359375	A5	72	80	0	0	2586	P1-54-20	0	-
1142	225.184896	225.402344	F#5	64	80	0	0	2588	P1-54-21	0	-
1143	225.375000	225.539062	D#5	65	80	0	0	2590	P1-54-22	0	-
1144	225.723958	227.769531	F#5	53	80	0	0	2592	P1-55-2	0	-
1145	225.726562	229.839844	B3	41	80	0	0	2592	P1-55-14	0	-
1146	225.739583	227.438802	A3	40	80	0	0	2592	P1-55-13	0	-
1147	225.764323	229.399740	E3	32	80	0	0	2592	P1-55-12	0	-
1148	227.273438	229.149740	G#3	29	80	0	0	2608	P1-55-16	0	-
1149	227.613281	228.009115	D#5	56	80	0	0	2612	P1-55-4	0	-
1150	227.925781	228.352865	E5	67	80	0	0	2616	P1-55-5	0	-
1151	228.263021	228.696615	E#5	81	80	0	0	2620	P1-55-6	0	-
1152	228.622396	229.128906	G#5	68	80	0	0	2624	P1-55-7	0	-
1153	228.973958	229.437500	F#5	73	80	0	0	2628	P1-55-8	0	-
1154	229.339844	229.776042	E5	72	80	0	0	2632	P1-55-9	0	-
1155	229.714844	230.322917	D5	76	80	0	0	2636	P1-55-10	0	-
1156	230.244792	231.429688	C#5	70	80	0	0	2640	P1-56-2	0	-
1157	230.246094	231.949219	G4	50	80	0	0	2640	P1-56-13	0	-
1158	230.266927	232.149740	A#3	42	80	0	0	2640	P1-56-12	0	-
1159	231.423177	231.527344	D5	65	80	0	0	2652	P1-56-3	0	-
1160	231.532552	231.622396	C#5	74	80	0	0	2653	P1-56-4	0	-
1161	231.634115	231.739583	B4	78	80	0	0	2654	P1-56-5	0	-
1162	231.729167	231.894531	C#5	84	80	0	0	2655	P1-56-6	0	-
1163	231.877604	232.695312	E5	83	80	0	0	2656	P1-56-7	0	-
1164	231.877604	233.609375	B3	51	80	0	0	2656	P1-56-14	0	-
1165	232.608073	233.559896	D5	73	80	0	0	2664	P1-56-8	0	-
1166	233.343750	234.438802	B4	57	80	0	0	2672	P1-56-9	0	-
1167	233.345052	235.179688	F4	48	80	0	0	2672	P1-56-17	0	-
1168	233.345052	235.179688	D4	47	80	0	0	2672	P1-56-16	0	-
1169	234.141927	235.119792	G#4	64	80	0	0	2680	P1-56-10	0	-
1170	234.950521	236.250000	A4	51	80	0	0	2688	P1-57-2	0	-
1171	234.954427	236.619792	E4	41	80	0	0	2688	P1-57-8	0	-
1172	234.955729	236.769531	C#4	42	80	0	0	2688	P1-57-7	0	-
1173	236.186198	236.519531	C#5	63	80	0	0	2700	P1-57-3	0	-
1174	236.355469	236.718750	A4	65	80	0	0	2702	P1-57-4	0	-
1175	236.638021	239.378906	G5	72	80	0	0	2704	P1-57-5	0	-
1176	237.363281	238.169271	A#4	53	80	0	0	2712	P1-57-11	0	-
1177	237.378906	238.199219	C#4	41	80	0	0	2712	P1-57-10	0	-
1178	238.093750	238.929688	B4	48	80	0	0	2720	P1-57-13	0	-
1179	238.135417	239.003906	D4	30	80	0	0	2720	P1-57-12	0	-
1180	238.845052	239.658854	C#5	46	80	0	0	2728	P1-57-15	0	-
1181	238.877604	240.059896	E4	25	80	0	0	2728	P1-57-14	0	-
1182	239.643229	240.329427	D5	39	80	0	0	2736	P1-58-18	0	-
1183	239.643229	239.848958	E#5	44	80	0	0	2736	P1-58-2	0	-
1184	239.665365	240.367188	D4	23	80	0	0	2736	P1-58-17	0	-
1185	239.804688	239.975260	F#5	49	80	0	0	2738	P1-58-3	0	-
1186	239.994792	240.139323	G#5	45	80	0	0	2740	P1-58-4	0	-
1187	240.154948	240.334635	F#5	49	80	0	0	2742	P1-58-5	0	-
1188	240.324219	240.454427	E5	48	80	0	0	2744	P1-58-6	0	-
1189	240.477865	240.615885	D5	50	80	0	0	2746	P1-58-7	0	-
1190	240.661458	240.845052	C#5	52	80	0	0	2748	P1-58-8	0	-
1191	240.830729	241.079427	B4	49	80	0	0	2750	P1-58-9	0	-
1192	241.045573	241.239583	A4	40	80	0	0	2752	P1-58-10	0	-
1193	241.052083	242.031250	C#4	32	80	0	0	2752	P1-58-21	0	-
1194	241.078125	242.039062	E3	25	80	0	0	2752	P1-58-20	0	-
1195	241.476562	242.009115	C#5	44	80	0	0	2756	P1-58-11	0	-
1196	241.972656	242.500000	E5	44	80	0	0	2760	P1-58-12	0	-
1197	242.735677	243.619792	D4	35	80	0	0	2776	P1-58-25	0	-
1198	242.753906	243.438802	E3	23	80	0	0	2776	P1-58-24	0	-
1199	243.169271	243.848958	E4	49	80	0	0	2772	*	3	-
1200	243.580729	244.229167	F#4	58	80	0	0	2776	*	3	-
1201	244.036458	244.632812	G#4	70	80	0	0	2780	P1-58-15	0	-
1202	244.588542	245.848958	A4	56	80	0	0	2784	P1-59-2	0	-
1203	244.591146	244.859375	A2	38	80	0	0	2784	P1-59-12	0	-
1204	245.123698	245.227865	C#4	28	80	0	0	2788	P1-59-14	0	-
1205	245.450521	245.529948	C#4	29	80	0	0	2792	P1-59-16	0	-
1206	245.453125	245.533854	A3	28	80	0	0	2792	P1-59-15	0	-
1207	245.760417	245.845052	C#4	36	80	0	0	2796	P1-59-18	0	-
1208	245.774740	245.851562	A3	31	80	0	0	2796	P1-59-17	0	-
1209	246.113281	246.208333	C#4	35	80	0	0	2800	P1-59-20	0	-
1210	246.144531	246.214844	A3	28	80	0	0	2800	P1-59-19	0	-
1211	246.438802	246.889323	A5	64	80	0	0	2804	P1-59-4	0	-
1212	246.464844	246.598958	C#4	28	80	0	0	2804	P1-59-22	0	-
1213	246.484375	246.658854	A3	29	80	0	0	2804	P1-59-21	0	-
1214	246.785156	247.199219	C#6	81	80	0	0	2808	P1-59-5	0	-
1215	246.802083	246.929688	C#4	35	80	0	0	2808	P1-59-24	0	-
1216	246.804688	246.901042	A3	34	80	0	0	2808	P1-59-23	0	-
1217	247.132812	247.569010	E5	75	80	0	0	2812	P1-59-6	0	-
1218	247.140625	247.389323	C#4	42	80	0	0	2812	P1-59-26	0	-
1219	247.153646	247.234375	A3	39	80	0	0	2812	P1-59-25	0	-
1220	247.473958	247.846354	E#5	77	80	0	0	2816	P1-59-7	0	-
1221	247.496094	247.615885	A3	37	80	0	0	2816	P1-59-27	0	-
1222	247.501302	247.619792	D4	36	80	0	0	2816	P1-59-28	0	-
1223	247.804688	247.897135	D4	38	80	0	0	2820	P1-59-30	0	-
1224	247.805990	248.209635	F#5	75	80	0	0	2820	P1-59-8	0	-
1225	247.820312	247.912760	A3	43	80	0	0	2820	P1-59-29	0	-
1226	248.143229	248.899740	A5	74	80	0	0	2824	P1-59-9	0	-
1227	248.145833	248.292969	D4	34	80	0	0	2824	P1-59-32	0	-
1228	248.152344	248.326823	A3	34	80	0	0	2824	P1-59-31	0	-
1229	248.502604	248.968750	F#5	67	80	0	0	2828	P1-59-10	0	-
1230	248.524740	248.610677	A3	38	80	0	0	2828	P1-59-33	0	-
1231	248.524740	248.598958	D4	38	80	0	0	2828	P1-59-34	0	-
1232	248.923177	249.769531	D#5	67	80	0	0	2832	P1-60-2	0	-
1233	248.923177	249.046875	A2	37	80	0	0	2832	P1-60-13	0	-
1234	249.345052	249.811198	C#4	35	80	0	0	2836	P1-60-15	0	-
1235	249.354167	249.423177	A3	34	80	0	0	2836	P1-60-14	0	-
1236	249.683594	250.639323	E5	57	80	0	0	2840	P1-60-3	0	-
1237	249.721354	249.812500	A3	26	80	0	0	2840	P1-60-16	0	-
1238	250.018229	250.106771	C#4	41	80	0	0	2844	P1-60-19	0	-
1239	250.024740	250.111979	A3	39	80	0	0	2844	P1-60-18	0	-
1240	250.321615	250.412760	C#4	39	80	0	0	2848	P1-60-21	0	-
1241	250.354167	250.416667	A3	35	80	0	0	2848	P1-60-20	0	-
1242	250.634115	251.079427	A5	80	80	0	0	2852	P1-60-5	0	-
1243	250.634115	250.848958	C#4	42	80	0	0	2852	P1-60-23	0	-
1244	250.645833	250.889323	A3	37	80	0	0	2852	P1-60-22	0	-
1245	250.971354	251.348958	C#6	91	80	0	0	2856	P1-60-6	0	-
1246	250.994792	251.128906	C#4	39	80	0	0	2856	P1-60-25	0	-
1247	250.998698	251.218750	A3	41	80	0	0	2856	P1-60-24	0	-
1248	251.305990	251.674479	E5	89	80	0	0	2860	P1-60-7	0	-
1249	251.305990	251.669271	C#4	52	80	0	0	2860	P1-60-27	0	-
1250	251.322917	251.658854	A3	43	80	0	0	2860	P1-60-26	0	-
1251	251.643229	251.993490	E#5	84	80	0	0	2864	P1-60-8	0	-
1252	251.653646	251.799479	D4	42	80	0	0	2864	P1-60-29	0	-
1253	251.666667	251.799479	A3	38	80	0	0	2864	P1-60-28	0	-
1254	251.975260	252.312500	F#5	78	80	0	0	2868	P1-60-9	0	-
1255	251.977865	252.128906	D4	42	80	0	0	2868	P1-60-31	0	-
1256	251.984375	252.067708	A3	43	80	0	0	2868	P1-60-30	0	-
1257	252.316406	253.009115	A5	60	80	0	0	2872	P1-60-10	0	-
1258	252.333333	252.489583	D4	34	80	0	0	2872	P1-60-33	0	-
1259	252.343750	252.628906	A3	30	80	0	0	2872	P1-60-32	0	-
1260	252.665365	253.089844	F#5	53	80	0	0	2876	P1-60-11	0	-
1261	252.665365	253.029948	D4	37	80	0	0	2876	P1-60-35	0	-
1262	252.673177	252.829427	A3	36	80	0	0	2876	P1-60-34	0	-
1263	253.016927	253.273438	A3	34	80	0	0	2880	P1-61-17	0	-
1264	253.016927	253.276042	C#4	35	80	0	0	2880	P1-61-18	0	-
1265	253.023438	253.128906	D#5	54	80	0	0	2880	P1-61-2	0	-
1266	253.165365	253.243490	E5	58	80	0	0	2882	P1-61-3	0	-
1267	253.319010	253.442708	F#5	51	80	0	0	2884	P1-61-4	0	-
1268	253.468750	253.531250	E5	45	80	0	0	2886	P1-61-5	0	-
1269	253.604167	253.703125	D5	46	80	0	0	2888	P1-61-6	0	-
1270	253.750000	253.880208	C#5	51	80	0	0	2890	P1-61-7	0	-
1271	253.895833	253.953125	B4	49	80	0	0	2892	P1-61-8	0	-
1272	254.035156	254.095052	A4	42	80	0	0	2894	P1-61-9	0	-
1273	254.223958	254.709635	C#5	45	80	0	0	2896	P1-61-10	0	-
1274	254.253906	254.669271	E4	28	80	0	0	2896	P1-61-21	0	-
1275	254.256510	254.679688	E3	28	80	0	0	2896	P1-61-20	0	-
1276	255.600260	256.519531	D4	31	80	0	0	2912	P1-61-24	0	-
1277	255.623698	255.678385	B4	57	80	0	0	2912	*	3	-
1278	255.625000	257.188802	E3	30	80	0	0	2912	P1-61-23	0	-
1279	255.701823	255.774740	C#5	58	80	0	0	2912	P1-61-12	0	-
1280	255.786458	256.317708	B4	58	80	0	0	2912	P1-61-12	0	-
1281	256.342448	256.407552	A4	66	80	0	0	2918	P1-61-13	0	-
1282	256.466146	257.158854	B4	74	80	0	0	2920	P1-61-14	0	-
1283	257.075521	257.285156	C#5	69	80	0	0	2926	P1-61-15	0	-
1284	257.286458	257.500000	A2	34	80	0	0	2928	P1-62-12	0	-
1285	257.291667	258.679688	A4	53	80	0	0	2928	P1-62-2	0	-
1286	257.722656	257.800781	C#4	21	80	0	0	2932	P1-62-14	0	-
1287	258.045573	258.110677	C#4	18	80	0	0	2936	P1-62-16	0	-
1288	258.334635	258.404948	C#4	24	80	0	0	2940	P1-62-18	0	-
1289	258.339844	258.414062	A3	29	80	0	0	2940	P1-62-17	0	-
1290	258.632812	258.703125	C#4	42	80	0	0	2944	P1-62-20	0	-
1291	258.654948	259.000000	A3	33	80	0	0	2944	P1-62-19	0	-
1292	258.945312	259.408854	A5	74	80	0	0	2948	P1-62-4	0	-
1293	259.281250	259.649740	C#6	92	80	0	0	2952	P1-62-5	0	-
1294	259.285156	259.363281	C#4	47	80	0	0	2952	P1-62-24	0	-
1295	259.286458	259.368490	A3	46	80	0	0	2952	P1-62-23	0	-
1296	259.601562	259.673177	C#4	47	80	0	0	2956	P1-62-26	0	-
1297	259.610677	260.019531	E5	78	80	0	0	2956	P1-62-6	0	-
1298	259.613281	259.759115	A3	41	80	0	0	2956	P1-62-25	0	-
1299	259.941406	260.291667	E#5	82	80	0	0	2960	P1-62-7	0	-
1300	259.954427	260.075521	A3	42	80	0	0	2960	P1-62-27	0	-
1301	259.957031	260.119792	D4	39	80	0	0	2960	P1-62-28	0	-
1302	260.261719	260.658854	F#5	78	80	0	0	2964	P1-62-8	0	-
1303	260.261719	260.334635	D4	44	80	0	0	2964	P1-62-30	0	-
1304	260.272135	260.345052	A3	47	80	0	0	2964	P1-62-29	0	-
1305	260.593750	261.000000	A5	76	80	0	0	2968	P1-62-9	0	-
1306	260.604167	260.703125	D4	39	80	0	0	2968	P1-62-32	0	-
1307	260.614583	260.710938	A3	32	80	0	0	2968	P1-62-31	0	-
1308	260.923177	261.389323	F#5	72	80	0	0	2972	P1-62-10	0	-
1309	260.937500	260.992188	D4	39	80	0	0	2972	P1-62-34	0	-
1310	260.945312	261.049479	A3	31	80	0	0	2972	P1-62-33	0	-
1311	261.304688	261.401042	A2	36	80	0	0	2976	P1-63-13	0	-
1312	261.317708	262.119792	D#5	63	80	0	0	2976	P1-63-2	0	-
1313	261.714844	261.848958	C#4	37	80	0	0	2980	P1-63-15	0	-
1314	261.714844	261.829427	A3	36	80	0	0	2980	P1-63-14	0	-
1315	262.040365	262.878906	E5	52	80	0	0	2984	P1-63-3	0	-
1316	262.375000	262.454427	C#4	33	80	0	0	2988	P1-63-19	0	-
1317	262.378906	262.457031	A3	32	80	0	0	2988	P1-63-18	0	-
1318	262.674479	262.747396	C#4	37	80	0	0	2992	P1-63-21	0	-
1319	262.677083	262.747396	A3	38	80	0	0	2992	P1-63-20	0	-
1320	262.968750	263.343750	A5	80	80	0	0	2996	P1-63-5	0	-
1321	262.981771	263.074219	A3	38	80	0	0	2996	P1-63-22	0	-
1322	262.981771	263.128906	C#4	37	80	0	0	2996	P1-63-23	0	-
1323	263.298177	263.649740	C#6	91	80	0	0	3000	P1-63-6	0	-
1324	263.304688	263.389323	A3	44	80	0	0	3000	P1-63-24	0	-
1325	263.304688	263.390625	C#4	45	80	0	0	3000	P1-63-25	0	-
1326	263.613281	263.964844	E5	81	80	0	0	3004	P1-63-7	0	-
1327	263.631510	263.709635	C#4	45	80	0	0	3004	P1-63-27	0	-
1328	263.641927	263.708333	A3	38	80	0	0	3004	P1-63-26	0	-
1329	263.938802	264.298177	E#5	83	80	0	0	3008	P1-63-8	0	-
1330	263.954427	264.139323	D4	40	80	0	0	3008	P1-63-29	0	-
1331	263.955729	264.158854	A3	38	80	0	0	3008	P1-63-28	0	-
1332	264.273438	264.361979	D4	43	80	0	0	3012	P1-63-31	0	-
1333	264.274740	264.658854	F#5	70	80	0	0	3012	P1-63-9	0	-
1334	264.279948	264.289062	D3	42	80	0	0	3012	*	3	-
1335	264.286458	264.539062	A3	39	80	0	0	3012	P1-63-30	0	-
1336	264.589844	264.667969	D4	39	80	0	0	3016	P1-63-33	0	-
1337	264.614583	264.979167	A3	31	80	0	0	3016	P1-63-32	0	-
1338	264.614583	265.039062	A5	47	80	0	0	3016	P1-63-10	0	-
1339	264.941406	265.348958	F#5	54	80	0	0	3020	P1-63-11	0	-
1340	264.944010	265.016927	D4	33	80	0	0	3020	P1-63-35	0	-
1341	264.984375	265.218750	A3	19	80	0	0	3020	P1-63-34	0	-
1342	265.285156	265.433594	D#5	54	80	0	0	3024	P1-64-2	0	-
1343	265.295573	265.825521	C#4	33	80	0	0	3024	P1-64-18	0	-
1344	265.300781	265.679688	A3	34	80	0	0	3024	P1-64-17	0	-
1345	265.457031	265.561198	E5	51	80	0	0	3026	P1-64-3	0	-
1346	265.613281	265.735677	F#5	52	80	0	0	3028	P1-64-4	0	-
1347	265.751302	265.852865	E5	50	80	0	0	3030	P1-64-5	0	-
1348	265.904948	265.976562	D5	51	80	0	0	3032	P1-64-6	0	-
1349	266.055990	266.183594	C#5	46	80	0	0	3034	P1-64-7	0	-
1350	266.204427	266.265625	B4	46	80	0	0	3036	P1-64-8	0	-
1351	266.333333	266.406250	A4	43	80	0	0	3038	P1-64-9	0	-
1352	266.515625	266.889323	C#5	49	80	0	0	3040	P1-64-10	0	-
1353	266.516927	266.889323	E4	33	80	0	0	3040	P1-64-21	0	-
1354	266.545573	266.979167	E3	19	80	0	0	3040	P1-64-20	0	-
1355	267.851562	267.929688	C#5	50	80	0	0	3056	*	3	-
1356	267.865885	269.519531	D4	32	80	0	0	3056	P1-64-24	0	-
1357	267.895833	269.389323	E3	30	80	0	0	3056	P1-64-23	0	-
1358	267.899740	267.979167	B4	52	80	0	0	3056	*	3	-
1359	267.973958	268.069010	C#5	60	80	0	0	3056	P1-64-12	0	-
1360	268.037760	268.554688	B4	56	80	0	0	3056	P1-64-12	0	-
1361	268.561198	268.625000	A4	54	80	0	0	3062	P1-64-13	0	-
1362	268.682292	269.299479	B4	55	80	0	0	3064	P1-64-14	0	-
1363	269.261719	269.341146	C#5	50	80	0	0	3070	P1-64-15	0	-
1364	269.402344	269.454427	A4	44	80	0	0	3072	P1-65-2	0	-
1365	269.432292	270.619792	A3	26	80	0	0	3072	P1-65-21	0	-
1366	269.436198	270.408854	C#4	23	80	0	0	3072	P1-65-22	0	-
1367	269.554688	269.639323	E4	47	80	0	0	3074	P1-65-3	0	-
1368	269.678385	269.723958	F#4	53	80	0	0	3076	P1-65-4	0	-
1369	269.817708	269.888021	G#4	62	80	0	0	3078	P1-65-5	0	-
1370	269.972656	270.032552	A4	56	80	0	0	3080	P1-65-6	0	-
1371	270.110677	270.171875	B4	65	80	0	0	3082	P1-65-7	0	-
1372	270.261719	270.335938	C#5	64	80	0	0	3084	P1-65-8	0	-
1373	270.403646	270.481771	D5	63	80	0	0	3086	P1-65-9	0	-
1374	270.555990	270.623698	E5	63	80	0	0	3088	P1-65-10	0	-
1375	270.688802	270.750000	F#5	69	80	0	0	3090	P1-65-11	0	-
1376	270.846354	270.910156	G#5	62	80	0	0	3092	P1-65-12	0	-
1377	270.983073	271.054688	A5	62	80	0	0	3094	P1-65-13	0	-
1378	271.147135	271.246094	A#5	67	80	0	0	3096	P1-65-14	0	-
1379	271.278646	271.384115	B5	69	80	0	0	3098	P1-65-15	0	-
1380	271.442708	271.544271	B#5	62	80	0	0	3100	P1-65-16	0	-
1381	271.588542	271.858073	C#6	63	80	0	0	3102	P1-65-17	0	-
1382	271.829427	272.750000	D6	66	80	0	0	3104	P1-65-18	0	-
1383	272.605469	273.128906	G#5	45	80	0	0	3112	P1-65-19	0	-
1384	272.608073	273.029948	D5	38	80	0	0	3112	P1-65-26	0	-
1385	272.608073	273.949219	E4	33	80	0	0	3112	P1-65-25	0	-
1386	273.355469	273.485677	A5	46	80	0	0	3120	P1-66-2	0	-
1387	273.356771	274.049479	A4	33	80	0	0	3120	P1-66-21	0	-
1388	273.367188	273.769531	C#5	35	80	0	0	3120	P1-66-22	0	-
1389	273.513021	273.588542	C#6	52	80	0	0	3122	P1-66-3	0	-
1390	273.657552	273.733073	A5	51	80	0	0	3124	P1-66-4	0	-
1391	273.800781	273.895833	G#5	54	80	0	0	3126	P1-66-5	0	-
1392	273.942708	274.022135	F#5	53	80	0	0	3128	P1-66-6	0	-
1393	274.087240	274.153646	E5	58	80	0	0	3130	P1-66-7	0	-
1394	274.244792	274.304688	D5	55	80	0	0	3132	P1-66-8	0	-
1395	274.385417	274.464844	C#5	61	80	0	0	3134	P1-66-9	0	-
1396	274.546875	274.614583	B4	63	80	0	0	3136	P1-66-10	0	-
1397	274.684896	274.764323	A4	54	80	0	0	3138	P1-66-11	0	-
1398	274.850260	274.944010	G#4	61	80	0	0	3140	P1-66-12	0	-
1399	275.005208	275.089844	G4	54	80	0	0	3142	P1-66-13	0	-
1400	275.182292	275.304688	F#4	53	80	0	0	3144	P1-66-14	0	-
1401	275.356771	275.510417	F4	51	80	0	0	3146	P1-66-15	0	-
1402	275.535156	275.751302	E4	49	80	0	0	3148	P1-66-16	0	-
1403	275.733073	276.014323	D#4	48	80	0	0	3150	P1-66-17	0	-
1404	276.036458	277.239583	D4	45	80	0	0	3152	P1-66-18	0	-
1405	276.989583	277.639323	G#3	44	80	0	0	3160	P1-66-19	0	-
1406	277.003906	277.609375	D3	33	80	0	0	3160	P1-66-26	0	-
1407	277.005208	278.250000	E2	33	80	0	0	3160	P1-66-25	0	-
1408	278.234375	282.009115	B3	52	80	0	0	3168	P1-67-2	0	-
1409	278.238281	281.779948	A2	42	80	0	0	3168	P1-67-7	0	-
1410	278.242188	282.000000	D3	40	80	0	0	3168	P1-67-8	0	-
1411	281.776042	284.789062	A3	35	80	0	0	3184	P1-67-3	0	-
1412	281.785156	284.819010	A2	30	80	0	0	3184	P1-67-9	0	-
1413	281.791667	284.859375	C#3	25	80	0	0	3184	P1-67-10	0	-
//Missing 0	P1-1-2
//Missing 0	P1-1-11
//Missing 0	P1-1-12
//Missing 112	P1-3-18
//Missing 192	P1-5-13
//Missing 208	P1-5-15
//Missing 528	P1-12-12
//Missing 528	P1-12-13
//Missing 704	P1-15-23
//Missing 820	P1-18-13
//Missing 852	P1-18-29
//Missing 992	P1-21-27
//Missing 1140	P1-24-37
//Missing 1496	P1-32-16
//Missing 1508	P1-32-22
//Missing 1524	P1-32-30
//Missing 1556	P1-33-21
//Missing 1576	P1-33-31
//Missing 1708	P1-36-25
//Missing 1712	P1-36-28
//Missing 1856	P1-39-26
//Missing 1868	P1-39-38
//Missing 1872	P1-40-25
//Missing 2080	P1-44-13
//Missing 2112	P1-45-8
//Missing 2176	P1-46-18
//Missing 2656	P1-56-15
//Missing 2772	P1-58-13
//Missing 2776	P1-58-14
//Missing 2788	P1-59-13
//Missing 2840	P1-60-17
//Missing 2932	P1-62-13
//Missing 2936	P1-62-15
//Missing 2948	P1-62-21
//Missing 2948	P1-62-22
//Missing 2984	P1-63-16
//Missing 2984	P1-63-17
//Missing 812	P1-17-33
//Missing 812	P1-17-34
