//Version: ScorePerfmMatch_v170503
// Score: ./Chopin_Etude_Op._10_No._5_G_MajorBlack_Keys_hmm.txt
// Perfm: ./09401_spr.txt
// fmt3x: ./Chopin_Etude_Op._10_No._5_G_MajorBlack_Keys_fmt3x.txt
0	2.531250	2.623698	Gb6	89	80	0	0	-1	*	3	0
1	2.562500	2.658854	Gb3	49	80	0	0	6	P1-1-17	0	-
2	2.565104	2.639323	Bb3	48	80	0	0	-1	*	3	-
3	2.565104	2.649740	Db4	47	80	0	0	-1	*	3	-
4	2.625000	2.750000	Bb6	78	80	0	0	2	P1-1-2	0	-
5	2.725260	2.803385	Db6	74	80	0	0	4	P1-1-3	0	-
6	2.824219	2.885417	Gb6	80	80	0	0	6	P1-1-4	0	-
7	2.835938	2.888021	Eb4	59	80	0	0	6	P1-1-19	0	-
8	2.839844	2.899740	Cb4	46	80	0	0	6	P1-1-18	0	-
9	2.841146	2.919271	Gb4	61	80	0	0	6	P1-1-20	0	-
10	2.915365	3.013021	Eb6	76	80	0	0	8	P1-1-5	0	-
11	3.013021	3.092448	Gb6	77	80	0	0	10	P1-1-6	0	-
12	3.110677	3.229167	Db6	77	80	0	0	12	P1-1-7	0	-
13	3.114583	3.162760	Gb4	76	80	0	0	12	P1-1-24	0	-
14	3.114583	3.158854	Bb3	74	80	0	0	12	P1-1-22	0	-
15	3.115885	3.199219	Gb3	69	80	0	0	12	P1-1-21	0	-
16	3.123698	3.164062	Db4	66	80	0	0	12	P1-1-23	0	-
17	3.217448	3.348958	Gb6	78	80	0	0	14	P1-1-8	0	-
18	3.307292	3.373698	Bb5	75	80	0	0	16	P1-1-9	0	-
19	3.406250	3.492188	Db6	69	80	0	0	18	P1-1-10	0	-
20	3.505208	3.545573	Gb5	63	80	0	0	20	P1-1-11	0	-
21	3.597656	3.666667	Bb5	65	80	0	0	22	P1-1-12	0	-
22	3.687500	3.746094	Gb5	65	80	0	0	24	P1-2-1	0	-
23	3.692708	3.747396	Gb2	51	80	0	0	24	P1-2-13	0	-
24	3.774740	3.834635	Bb5	65	80	0	0	26	P1-2-2	0	-
25	3.884115	3.937500	Db5	58	80	0	0	28	P1-2-3	0	-
26	3.966146	4.014323	Gb5	63	80	0	0	30	P1-2-4	0	-
27	4.001302	4.059896	Gb4	35	80	0	0	30	P1-2-17	0	-
28	4.003906	4.079427	Eb4	30	80	0	0	30	P1-2-16	0	-
29	4.023438	4.079427	Cb4	24	80	0	0	30	P1-2-15	0	-
30	4.061198	4.149740	Eb5	52	80	0	0	32	P1-2-5	0	-
31	4.138021	4.194010	Gb5	61	80	0	0	34	P1-2-6	0	-
32	4.223958	4.309896	Db5	60	80	0	0	36	P1-2-7	0	-
33	4.257812	4.348958	Bb3	45	80	0	0	36	P1-2-18	0	-
34	4.317708	4.479167	Gb5	62	80	0	0	38	P1-2-8	0	-
35	4.411458	4.509115	Bb4	50	80	0	0	40	P1-2-9	0	-
36	4.511719	4.619792	Db5	57	80	0	0	42	P1-2-10	0	-
37	4.592448	4.669271	Gb4	34	80	0	0	44	P1-2-11	0	-
38	4.694010	4.739583	Bb4	46	80	0	0	46	P1-2-12	0	-
39	4.763021	4.824219	Db4	57	80	0	0	48	P1-3-1	0	-
40	4.837240	4.949219	Db3	40	80	0	0	48	P1-3-14	0	-
41	4.855469	4.906250	Db5	63	80	0	0	50	P1-3-2	0	-
42	4.942708	4.986979	Ab4	58	80	0	0	52	P1-3-3	0	-
43	5.024740	5.119792	Db5	60	80	0	0	54	P1-3-4	0	-
44	5.087240	5.135417	F4	43	80	0	0	54	P1-3-17	0	-
45	5.096354	5.139323	F3	41	80	0	0	54	P1-3-16	1	-
46	5.113281	5.209635	Ab4	56	80	0	0	56	P1-3-5	0	-
47	5.195312	5.279948	Ab5	66	80	0	0	58	P1-3-6	0	-
48	5.312500	5.389323	Eb4	48	80	0	0	60	P1-3-20	0	-
49	5.315104	5.399740	Ab3	48	80	0	0	60	P1-3-18	0	-
50	5.355469	5.399740	Cb4	41	80	0	0	60	P1-3-19	0	-
51	5.372396	5.433594	Ab5	71	80	0	0	62	P1-3-8	0	-
52	5.463542	5.513021	Eb5	67	80	0	0	64	P1-3-9	0	-
53	5.555990	5.605469	Ab5	69	80	0	0	66	P1-3-10	0	-
54	5.561198	5.611979	Ab2	56	80	0	0	66	P1-3-21	0	-
55	5.654948	5.713542	Eb5	63	80	0	0	68	P1-3-11	0	-
56	5.746094	5.792969	Eb6	68	80	0	0	70	P1-3-12	0	-
57	5.825521	5.875000	Db3	59	80	0	0	72	P1-4-21	0	-
58	5.829427	5.881510	Eb5	65	80	0	0	72	P1-4-1	0	-
59	5.963542	6.019531	Ab5	72	80	0	0	76	P1-4-3	0	-
60	6.061198	6.169271	Eb6	65	80	0	0	78	P1-4-4	0	-
61	6.104167	6.156250	Eb4	60	80	0	0	78	P1-4-16	0	-
62	6.187500	6.234375	Ab5	75	80	0	0	80	P1-4-5	0	-
63	6.187500	6.250000	Ab6	74	80	0	0	-1	*	3	-
64	6.264323	6.325521	Ab6	75	80	0	0	82	P1-4-6	0	-
65	6.334635	6.389323	Ab5	63	80	0	0	84	P1-4-7	0	-
66	6.346354	6.468750	Db4	53	80	0	0	84	P1-4-19	0	-
67	6.348958	6.424479	Cb4	56	80	0	0	84	P1-4-18	0	-
68	6.351562	6.468750	Ab3	55	80	0	0	84	P1-4-17	0	-
69	6.419271	6.486979	Ab6	71	80	0	0	86	P1-4-8	0	-
70	6.503906	6.575521	Eb6	69	80	0	0	88	P1-4-9	1	-
71	6.601562	6.669271	Ab6	72	80	0	0	90	P1-4-10	0	-
72	6.683594	6.742188	Db6	74	80	0	0	92	P1-4-11	0	-
73	6.764323	6.869792	Db7	74	80	0	0	94	P1-4-12	0	-
74	6.865885	6.951823	Gb6	89	80	0	0	96	P1-5-1	0	-
75	6.893229	6.950521	Gb3	51	80	0	0	96	P1-5-13	0	-
76	6.893229	6.944010	Bb3	50	80	0	0	96	P1-5-14	0	-
77	6.954427	7.026042	Bb6	79	80	0	0	98	P1-5-2	0	-
78	7.053385	7.111979	Db6	68	80	0	0	100	P1-5-3	0	-
79	7.136719	7.204427	Gb6	85	80	0	0	102	P1-5-4	0	-
80	7.151042	7.229167	Eb4	52	80	0	0	102	P1-5-19	0	-
81	7.154948	7.239583	Cb4	36	80	0	0	102	P1-5-18	0	-
82	7.156250	7.229167	Gb4	50	80	0	0	102	P1-5-20	0	-
83	7.222656	7.307292	Eb6	74	80	0	0	104	P1-5-5	0	-
84	7.313802	7.377604	Gb6	79	80	0	0	106	P1-5-6	0	-
85	7.404948	7.509115	Db6	75	80	0	0	108	P1-5-7	0	-
86	7.411458	7.509115	Bb3	53	80	0	0	108	P1-5-22	0	-
87	7.412760	7.519531	Gb3	56	80	0	0	108	P1-5-21	0	-
88	7.416667	7.509115	Db4	52	80	0	0	108	P1-5-23	0	-
89	7.506510	7.565104	Gb6	70	80	0	0	110	P1-5-8	0	-
90	7.584635	7.643229	Bb5	71	80	0	0	112	P1-5-9	0	-
91	7.683594	7.735677	Db6	70	80	0	0	114	P1-5-10	0	-
92	7.766927	7.817708	Gb5	65	80	0	0	116	P1-5-11	0	-
93	7.854167	7.914062	Bb5	68	80	0	0	118	P1-5-12	0	-
94	7.942708	7.993490	Gb5	65	80	0	0	120	P1-6-1	0	-
95	7.962240	8.002604	Gb2	51	80	0	0	120	P1-6-13	0	-
96	8.024740	8.063802	Bb5	64	80	0	0	122	P1-6-2	0	-
97	8.117188	8.171875	Db5	63	80	0	0	124	P1-6-3	0	-
98	8.204427	8.256510	Gb5	63	80	0	0	126	P1-6-4	0	-
99	8.277344	8.339844	Eb4	48	80	0	0	126	P1-6-16	0	-
100	8.285156	8.333333	Eb5	60	80	0	0	128	P1-6-5	0	-
101	8.369792	8.429688	Gb5	62	80	0	0	130	P1-6-6	0	-
102	8.459635	8.505208	Db5	64	80	0	0	132	P1-6-7	0	-
103	8.473958	8.589844	Bb3	49	80	0	0	132	P1-6-18	0	-
104	8.539062	8.750000	Gb5	60	80	0	0	134	P1-6-8	0	-
105	8.635417	8.750000	Bb4	52	80	0	0	136	P1-6-9	0	-
106	8.721354	8.759115	Db5	59	80	0	0	138	P1-6-10	0	-
107	8.912760	8.989583	Bb4	51	80	0	0	142	P1-6-12	0	-
108	9.005208	9.048177	Eb4	47	80	0	0	144	P1-7-1	0	-
109	9.010417	9.098958	Cb3	37	80	0	0	144	P1-7-13	0	-
110	9.015625	9.128906	B3	34	80	0	0	-1	*	3	-
111	9.054688	9.102865	Eb5	60	80	0	0	146	P1-7-2	0	-
112	9.162760	9.269531	Ab4	48	80	0	0	148	P1-7-3	0	-
113	9.230469	9.309896	Eb5	49	80	0	0	150	P1-7-4	0	-
114	9.282552	9.339844	Ab3	46	80	0	0	150	P1-7-14	0	-
115	9.285156	9.369792	Eb4	41	80	0	0	150	P1-7-15	0	-
116	9.334635	9.348958	Ab5	37	80	0	0	152	P1-7-5	1	-
117	9.424479	9.473958	Ab5	62	80	0	0	154	P1-7-6	0	-
118	9.496094	9.544271	Eb5	58	80	0	0	156	P1-7-7	0	-
119	9.592448	9.635417	Ab5	61	80	0	0	158	P1-7-8	0	-
120	9.671875	9.750000	Eb5	58	80	0	0	160	P1-7-9	0	-
121	9.742188	9.750000	Cb3	41	80	0	0	162	P1-7-16	0	-
122	9.747396	9.807292	Eb6	66	80	0	0	162	P1-7-10	0	-
123	9.863281	10.000000	Bb2	54	80	0	0	168	P1-8-13	0	-
124	9.863281	9.919271	Ab5	63	80	0	0	164	P1-7-11	0	-
125	9.921875	10.039062	Ab6	64	80	0	0	166	P1-7-12	0	-
126	9.957031	10.098958	F3	40	80	0	0	168	P1-8-14	0	-
127	10.041667	10.139323	Bb5	65	80	0	0	168	P1-8-1	0	-
128	10.076823	10.158854	D4	30	80	0	0	168	P1-8-15	0	-
129	10.229167	10.290365	Bb5	53	80	0	0	172	P1-8-3	0	-
130	10.315104	10.509115	Bb6	59	80	0	0	174	P1-8-4	0	-
131	10.358073	10.569010	D5	53	80	0	0	174	P1-8-18	0	-
132	10.380208	10.589844	F4	34	80	0	0	174	P1-8-17	0	-
133	10.442708	10.569010	Bb5	53	80	0	0	176	P1-8-5	0	-
134	10.522135	10.649740	Bb6	52	80	0	0	178	P1-8-6	0	-
135	10.615885	10.665365	Bb5	61	80	0	0	180	P1-8-7	0	-
136	10.718750	10.809896	Bb6	58	80	0	0	182	P1-8-8	0	-
137	10.828125	10.908854	Bb5	41	80	0	0	184	P1-8-9	0	-
138	10.947917	11.079427	Bb6	52	80	0	0	186	P1-8-10	0	-
139	11.048177	11.149740	Bb5	54	80	0	0	188	P1-8-11	0	-
140	11.143229	11.196615	Bb6	65	80	0	0	190	P1-8-12	0	-
141	11.250000	11.304688	Gb6	84	80	0	0	192	P1-9-1	0	-
142	11.274740	11.359375	Bb3	54	80	0	0	192	P1-9-14	0	-
143	11.282552	11.378906	Gb3	50	80	0	0	192	P1-9-13	0	-
144	11.283854	11.399740	Db4	47	80	0	0	192	P1-9-15	0	-
145	11.285156	11.348958	Gb4	50	80	0	0	192	P1-9-16	0	-
146	11.343750	11.425781	Bb6	81	80	0	0	194	P1-9-2	0	-
147	11.438802	11.519531	Db6	73	80	0	0	196	P1-9-3	0	-
148	11.524740	11.592448	Gb6	80	80	0	0	198	P1-9-4	0	-
149	11.544271	11.619792	Eb4	62	80	0	0	198	P1-9-19	0	-
150	11.549479	11.619792	Cb4	48	80	0	0	198	P1-9-18	0	-
151	11.557292	11.639323	Gb3	51	80	0	0	198	P1-9-17	0	-
152	11.617188	11.703125	Eb6	75	80	0	0	200	P1-9-5	0	-
153	11.714844	11.786458	Gb6	75	80	0	0	202	P1-9-6	0	-
154	11.795573	11.919271	Db6	73	80	0	0	204	P1-9-7	0	-
155	11.802083	11.908854	Gb4	64	80	0	0	204	P1-9-24	0	-
156	11.803385	11.899740	Gb3	58	80	0	0	204	P1-9-21	0	-
157	11.804688	11.908854	Bb3	60	80	0	0	204	P1-9-22	0	-
158	11.805990	11.854167	Db4	55	80	0	0	204	P1-9-23	0	-
159	11.893229	11.944010	Gb6	77	80	0	0	206	P1-9-8	0	-
160	11.983073	12.057292	Bb5	67	80	0	0	208	P1-9-9	0	-
161	12.088542	12.174479	Db6	65	80	0	0	210	P1-9-10	0	-
162	12.182292	12.231771	Gb5	62	80	0	0	212	P1-9-11	0	-
163	12.276042	12.341146	Bb5	59	80	0	0	214	P1-9-12	0	-
164	12.350260	12.399740	Gb5	58	80	0	0	216	P1-10-1	0	-
165	12.363281	12.414062	Gb2	52	80	0	0	216	P1-10-13	0	-
166	12.446615	12.486979	Bb5	57	80	0	0	218	P1-10-2	0	-
167	12.555990	12.614583	Db5	60	80	0	0	220	P1-10-3	0	-
168	12.632812	12.691406	Gb5	66	80	0	0	222	P1-10-4	0	-
169	12.665365	12.717448	Cb4	35	80	0	0	222	P1-10-15	0	-
170	12.667969	12.718750	Eb3	38	80	0	0	-1	*	3	-
171	12.680990	12.739583	Eb4	40	80	0	0	222	P1-10-16	0	-
172	12.684896	12.750000	F#3	34	80	0	0	-1	*	3	-
173	12.723958	12.839844	Eb5	57	80	0	0	224	P1-10-5	0	-
174	12.815104	12.873698	Gb5	56	80	0	0	226	P1-10-6	0	-
175	12.902344	12.955729	Db5	61	80	0	0	228	P1-10-7	0	-
176	12.921875	13.039062	Bb3	54	80	0	0	228	P1-10-18	0	-
177	12.988281	13.109375	Gb5	61	80	0	0	230	P1-10-8	0	-
178	13.085938	13.148438	Bb4	51	80	0	0	232	P1-10-9	0	-
179	13.179688	13.235677	Db5	56	80	0	0	234	P1-10-10	0	-
180	13.274740	13.399740	Gb4	53	80	0	0	236	P1-10-11	0	-
181	13.294271	13.309896	Bb2	39	80	0	0	-1	*	3	-
182	13.380208	13.459635	Bb4	58	80	0	0	238	P1-10-12	0	-
183	13.459635	13.509115	G#3	53	80	0	0	-1	*	3	-
184	13.471354	13.539062	Db3	54	80	0	0	240	P1-11-14	0	-
185	13.480469	13.569010	Db4	52	80	0	0	240	P1-11-1	0	-
186	13.544271	13.604167	Db5	69	80	0	0	242	P1-11-2	0	-
187	13.634115	13.683594	Ab4	58	80	0	0	244	P1-11-3	0	-
188	13.709635	13.799479	Db5	65	80	0	0	246	P1-11-4	0	-
189	13.759115	13.769531	Ab4	40	80	0	0	246	P1-11-15	1	-
190	13.829427	13.878906	Ab4	51	80	0	0	248	P1-11-5	0	-
191	13.888021	14.009115	Ab4	53	80	0	0	250	P1-11-6	1	-
192	13.986979	14.032552	Eb4	51	80	0	0	252	P1-11-20	0	-
193	13.994792	14.079427	Ab3	42	80	0	0	252	P1-11-18	0	-
194	14.015625	14.079427	Cb4	33	80	0	0	252	P1-11-19	0	-
195	14.058594	14.121094	Ab5	67	80	0	0	254	P1-11-8	0	-
196	14.141927	14.191406	Eb5	64	80	0	0	256	P1-11-9	0	-
197	14.246094	14.294271	Ab2	52	80	0	0	258	P1-11-21	0	-
198	14.246094	14.303385	Ab5	59	80	0	0	258	P1-11-10	0	-
199	14.326823	14.386719	Eb5	59	80	0	0	260	P1-11-11	0	-
200	14.406250	14.445312	Eb6	61	80	0	0	262	P1-11-12	0	-
201	14.493490	14.589844	Db3	48	80	0	0	264	P1-12-21	0	-
202	14.500000	14.541667	Eb5	58	80	0	0	264	P1-12-1	0	-
203	14.563802	14.618490	Eb6	66	80	0	0	266	P1-12-2	0	-
204	14.640625	14.703125	G#6	69	80	0	0	-1	*	3	-
205	14.641927	14.690104	Ab5	73	80	0	0	268	P1-12-3	0	-
206	14.739583	14.819010	Eb6	57	80	0	0	270	P1-12-4	0	-
207	14.756510	14.848958	Eb4	57	80	0	0	270	P1-12-16	0	-
208	14.938802	15.089844	Ab6	72	80	0	0	274	P1-12-6	0	-
209	15.001302	15.009115	Ab5	52	80	0	0	276	P1-12-7	0	-
210	15.015625	15.076823	Cb4	51	80	0	0	276	P1-12-18	0	-
211	15.018229	15.075521	Ab3	54	80	0	0	276	P1-12-17	0	-
212	15.026042	15.069010	Db4	47	80	0	0	276	P1-12-19	0	-
213	15.102865	15.188802	Ab6	62	80	0	0	278	P1-12-8	0	-
214	15.180990	15.236979	Eb6	65	80	0	0	280	P1-12-9	1	-
215	15.268229	15.330729	Ab6	70	80	0	0	282	P1-12-10	0	-
216	15.351562	15.449219	Db6	67	80	0	0	284	P1-12-11	0	-
217	15.420573	15.511719	Db7	70	80	0	0	286	P1-12-12	0	-
218	15.513021	15.582031	Gb6	85	80	0	0	288	P1-13-1	0	-
219	15.544271	15.658854	Gb3	41	80	0	0	288	P1-13-13	0	-
220	15.554688	15.569010	Bb3	42	80	0	0	288	P1-13-14	0	-
221	15.595052	15.661458	Bb6	80	80	0	0	290	P1-13-2	0	-
222	15.627604	15.669271	Gb4	43	80	0	0	288	P1-13-16	0	-
223	15.684896	15.742188	Db6	71	80	0	0	292	P1-13-3	0	-
224	15.768229	15.833333	Gb6	81	80	0	0	294	P1-13-4	0	-
225	15.782552	15.825521	Eb4	57	80	0	0	294	P1-13-19	0	-
226	15.783854	15.889323	Cb4	48	80	0	0	294	P1-13-18	0	-
227	15.852865	15.932292	Eb6	74	80	0	0	296	P1-13-5	0	-
228	15.940104	15.998698	Gb6	82	80	0	0	298	P1-13-6	0	-
229	16.026042	16.139323	Db6	73	80	0	0	300	P1-13-7	0	-
230	16.044271	16.139323	Bb3	57	80	0	0	300	P1-13-22	0	-
231	16.049479	16.139323	Gb3	48	80	0	0	300	P1-13-21	0	-
232	16.053385	16.149740	Db4	49	80	0	0	300	P1-13-23	0	-
233	16.128906	16.218750	Gb6	75	80	0	0	302	P1-13-8	0	-
234	16.212240	16.265625	Bb5	70	80	0	0	304	P1-13-9	0	-
235	16.299479	16.356771	Db6	70	80	0	0	306	P1-13-10	0	-
236	16.384115	16.437500	Gb5	68	80	0	0	308	P1-13-11	0	-
237	16.473958	16.536458	Bb5	67	80	0	0	310	P1-13-12	0	-
238	16.557292	16.610677	Gb5	69	80	0	0	312	P1-14-1	0	-
239	16.558594	16.613281	Gb2	56	80	0	0	312	P1-14-13	0	-
240	16.649740	16.704427	Bb5	66	80	0	0	314	P1-14-2	0	-
241	16.744792	16.792969	Db5	63	80	0	0	316	P1-14-3	0	-
242	16.825521	16.864583	Gb5	67	80	0	0	318	P1-14-4	0	-
243	16.847656	16.894531	B2	36	80	0	0	318	P1-14-15	1	-
244	16.924479	16.967448	Eb5	56	80	0	0	320	P1-14-5	0	-
245	16.983073	17.033854	Gb5	72	80	0	0	322	P1-14-6	0	-
246	17.065104	17.114583	Db5	66	80	0	0	324	P1-14-7	0	-
247	17.074219	17.114583	Bb3	56	80	0	0	324	P1-14-18	0	-
248	17.113281	17.169271	Db4	31	80	0	0	324	P1-14-19	0	-
249	17.140625	17.279948	Gb5	67	80	0	0	326	P1-14-8	0	-
250	17.233073	17.319010	Bb4	59	80	0	0	328	P1-14-9	0	-
251	17.313802	17.389323	Db5	65	80	0	0	330	P1-14-10	0	-
252	17.415365	17.500000	Gb4	50	80	0	0	332	P1-14-11	0	-
253	17.580729	17.679688	C3	51	80	0	0	336	P1-15-13	0	-
254	17.591146	17.634115	Eb4	56	80	0	0	336	P1-15-1	0	-
255	17.656250	17.739583	Eb5	55	80	0	0	338	P1-15-2	0	-
256	17.738281	17.786458	Ab4	51	80	0	0	340	P1-15-3	0	-
257	17.822917	17.867188	Eb5	61	80	0	0	342	P1-15-4	0	-
258	17.826823	17.889323	G#2	57	80	0	0	342	P1-15-14	1	-
259	17.915365	18.059896	Ab4	56	80	0	0	344	P1-15-5	0	-
260	17.994792	18.049479	Ab5	67	80	0	0	346	P1-15-6	0	-
261	18.082031	18.122396	Eb5	64	80	0	0	348	P1-15-7	0	-
262	18.171875	18.221354	Ab5	65	80	0	0	350	P1-15-8	0	-
263	18.248698	18.307292	Eb5	66	80	0	0	352	P1-15-9	0	-
264	18.330729	18.375000	Eb6	72	80	0	0	354	P1-15-10	0	-
265	18.369792	18.459635	Ab2	56	80	0	0	354	P1-15-16	0	-
266	18.402344	18.445312	Ab5	65	80	0	0	356	P1-15-11	0	-
267	18.483073	18.536458	Eb6	63	80	0	0	358	P1-15-12	0	-
268	18.588542	18.688802	Eb5	58	80	0	0	360	P1-16-1	0	-
269	18.619792	18.739583	Db3	53	80	0	0	360	P1-16-13	0	-
270	18.751302	18.800781	Ab5	72	80	0	0	364	P1-16-3	0	-
271	18.834635	18.877604	Eb6	72	80	0	0	366	P1-16-4	0	-
272	18.886719	18.924479	F4	42	80	0	0	366	P1-16-15	0	-
273	18.886719	18.944010	Ab3	52	80	0	0	366	P1-16-14	0	-
274	18.941406	19.009115	C#4	49	80	0	0	-1	*	3	-
275	18.946615	19.029948	Db5	67	80	0	0	368	P1-16-5	0	-
276	19.006510	19.055990	Db6	72	80	0	0	370	P1-16-6	0	-
277	19.097656	19.144531	G#6	72	80	0	0	-1	*	3	-
278	19.100260	19.158854	Ab5	72	80	0	0	372	P1-16-7	0	-
279	19.180990	19.225260	Db6	71	80	0	0	374	P1-16-8	0	-
280	19.270833	19.315104	Ab5	56	80	0	0	376	P1-16-9	0	-
281	19.354167	19.423177	Ab6	72	80	0	0	378	P1-16-10	0	-
282	19.464844	19.619792	Db6	63	80	0	0	380	P1-16-11	0	-
283	19.652344	19.709635	Ab6	71	80	0	0	384	P1-17-1	0	-
284	19.658854	19.789062	G#3	39	80	0	0	-1	*	3	-
285	19.695312	19.829427	C4	33	80	0	0	384	P1-17-13	0	-
286	19.738281	19.825521	Bb6	69	80	0	0	386	P1-17-2	0	-
287	19.824219	19.875000	Ab6	69	80	0	0	388	P1-17-3	0	-
288	19.912760	19.962240	Eb6	57	80	0	0	390	P1-17-4	0	-
289	19.914062	20.039062	Ab3	45	80	0	0	390	P1-17-16	0	-
290	20.059896	20.169271	Eb6	61	80	0	0	394	P1-17-6	0	-
291	20.157552	20.239583	Db6	64	80	0	0	396	P1-17-7	0	-
292	20.195312	20.319010	F4	32	80	0	0	396	P1-17-20	0	-
293	20.195312	20.239583	C#5	45	80	0	0	-1	*	3	-
294	20.201823	20.289062	G#4	37	80	0	0	396	P1-17-21	1	-
295	20.244792	20.399740	Db4	37	80	0	0	396	P1-17-19	0	-
296	20.247396	20.289062	Db6	65	80	0	0	-1	*	3	-
297	20.250000	20.304688	Eb6	63	80	0	0	398	P1-17-8	0	-
298	20.338542	20.394531	Db6	66	80	0	0	400	P1-17-9	0	-
299	20.433594	20.472656	Ab5	63	80	0	0	402	P1-17-10	0	-
300	20.441406	20.539062	Ab3	41	80	0	0	402	P1-17-22	0	-
301	20.505208	20.598958	Ab4	43	80	0	0	402	P1-17-24	0	-
302	20.580729	20.589844	C#4	31	80	0	0	404	P1-17-11	1	-
303	20.582031	20.619792	Ab5	62	80	0	0	406	P1-17-12	0	-
304	20.684896	20.750000	Ab5	61	80	0	0	408	P1-18-1	0	-
305	20.686198	20.699219	Bb3	37	80	0	0	408	P1-18-11	1	-
306	20.765625	20.825521	Bb5	62	80	0	0	410	P1-18-2	0	-
307	20.833333	20.873698	Ab5	66	80	0	0	412	P1-18-3	0	-
308	20.944010	20.989583	Eb5	53	80	0	0	414	P1-18-4	0	-
309	20.963542	21.059896	Ab3	45	80	0	0	414	P1-18-14	0	-
310	20.997396	21.109375	Ab4	42	80	0	0	414	P1-18-16	0	-
311	21.091146	21.173177	Eb5	55	80	0	0	418	P1-18-6	0	-
312	21.194010	21.259115	Db5	62	80	0	0	420	P1-18-7	0	-
313	21.213542	21.260417	F4	38	80	0	0	420	P1-18-18	0	-
314	21.217448	21.309896	Db4	44	80	0	0	420	P1-18-17	0	-
315	21.273438	21.369792	Eb5	51	80	0	0	422	P1-18-8	0	-
316	21.346354	21.397135	Db5	60	80	0	0	424	P1-18-9	0	-
317	21.445312	21.559896	Ab4	56	80	0	0	426	P1-18-10	0	-
318	21.471354	21.609375	Ab3	35	80	0	0	426	P1-18-19	0	-
319	21.699219	21.799479	C3	39	80	0	0	432	P1-19-13	0	-
320	21.786458	21.845052	Eb5	57	80	0	0	434	P1-19-2	0	-
321	21.869792	21.934896	Ab5	68	80	0	0	436	P1-19-3	0	-
322	21.962240	22.024740	Bb5	64	80	0	0	438	P1-19-4	0	-
323	21.985677	22.042969	Ab3	43	80	0	0	438	P1-19-14	0	-
324	22.002604	22.042969	Eb4	31	80	0	0	438	P1-19-15	0	-
325	22.032552	22.084635	Ab5	62	80	0	0	440	P1-19-5	0	-
326	22.110677	22.156250	Eb5	55	80	0	0	442	P1-19-6	0	-
327	22.201823	22.263021	Db5	55	80	0	0	444	P1-19-7	0	-
328	22.223958	22.265625	Ab3	44	80	0	0	444	P1-19-17	0	-
329	22.226562	22.264323	F4	34	80	0	0	444	P1-19-19	0	-
330	22.233073	22.273438	Db4	42	80	0	0	444	P1-19-18	0	-
331	22.236979	22.250000	F3	36	80	0	0	-1	*	3	-
332	22.286458	22.335938	Ab5	67	80	0	0	446	P1-19-8	0	-
333	22.385417	22.436198	Db6	63	80	0	0	448	P1-19-9	0	-
334	22.462240	22.526042	Eb6	67	80	0	0	450	P1-19-10	0	-
335	22.484375	22.489583	C#2	42	80	0	0	-1	*	3	-
336	22.532552	22.571615	Db3	44	80	0	0	450	P1-19-20	0	-
337	22.533854	22.649740	Db6	64	80	0	0	452	P1-19-11	0	-
338	22.631510	22.675781	Bb5	65	80	0	0	454	P1-19-12	0	-
339	22.687500	22.752604	Ab2	54	80	0	0	456	P1-20-13	0	-
340	22.725260	22.774740	Ab5	62	80	0	0	456	P1-20-1	0	-
341	22.800781	22.877604	Eb6	62	80	0	0	458	P1-20-2	0	-
342	22.884115	22.951823	Ab6	67	80	0	0	460	P1-20-3	0	-
343	22.968750	23.079427	Bb6	70	80	0	0	462	P1-20-4	0	-
344	22.996094	23.039062	C4	37	80	0	0	462	P1-20-15	0	-
345	23.003906	23.071615	Ab3	43	80	0	0	462	P1-20-14	0	-
346	23.042969	23.139323	Ab6	59	80	0	0	464	P1-20-5	0	-
347	23.050781	23.098958	C4	32	80	0	0	-1	*	3	-
348	23.115885	23.166667	Eb6	63	80	0	0	466	P1-20-6	0	-
349	23.210938	23.263021	Db6	65	80	0	0	468	P1-20-7	0	-
350	23.285156	23.356771	Ab6	75	80	0	0	470	P1-20-8	0	-
351	23.377604	23.429688	Bb6	64	80	0	0	-1	*	3	-
352	23.380208	23.459635	Db7	66	80	0	0	472	P1-20-9	0	-
353	23.475260	23.532552	F4	43	80	0	0	474	P1-20-20	0	-
354	23.475260	23.589844	Db4	46	80	0	0	474	P1-20-19	0	-
355	23.548177	23.606771	Db7	66	80	0	0	476	P1-20-11	0	-
356	23.643229	23.703125	Bb6	66	80	0	0	478	P1-20-12	0	-
357	23.725260	23.786458	Ab6	70	80	0	0	480	P1-21-1	0	-
358	23.731771	23.774740	Ab2	45	80	0	0	480	P1-21-13	0	-
359	23.805990	23.908854	Bb6	64	80	0	0	482	P1-21-2	0	-
360	23.891927	23.936198	Ab6	64	80	0	0	484	P1-21-3	0	-
361	23.967448	24.005208	Eb6	59	80	0	0	486	P1-21-4	0	-
362	24.002604	24.199219	G#3	26	80	0	0	486	P1-21-16	1	-
363	24.046875	24.059896	C#6	51	80	0	0	488	P1-21-5	1	-
364	24.123698	24.169271	Eb6	58	80	0	0	490	P1-21-6	0	-
365	24.226562	24.319010	Db6	68	80	0	0	492	P1-21-7	0	-
366	24.274740	24.449219	Db4	32	80	0	0	492	P1-21-17	0	-
367	24.375000	24.434896	Db6	66	80	0	0	496	P1-21-9	0	-
368	24.462240	24.511719	Ab5	67	80	0	0	498	P1-21-10	0	-
369	24.486979	24.598958	Ab3	48	80	0	0	498	P1-21-20	0	-
370	24.554688	24.639323	Ab4	54	80	0	0	498	P1-21-22	0	-
371	24.634115	24.699219	Ab5	54	80	0	0	502	P1-21-12	0	-
372	24.720052	24.729167	Bb3	38	80	0	0	-1	*	3	-
373	24.726562	24.774740	Ab5	66	80	0	0	504	P1-22-1	0	-
374	24.755208	24.848958	C4	33	80	0	0	504	P1-22-11	0	-
375	24.795573	24.859375	Bb5	64	80	0	0	506	P1-22-2	0	-
376	24.860677	24.908854	Ab5	59	80	0	0	508	P1-22-3	0	-
377	24.962240	25.009115	Eb5	56	80	0	0	510	P1-22-4	0	-
378	24.984375	25.149740	Ab3	53	80	0	0	510	P1-22-14	0	-
379	25.026042	25.139323	Ab4	45	80	0	0	510	P1-22-16	0	-
380	25.093750	25.165365	Eb5	55	80	0	0	514	P1-22-6	0	-
381	25.209635	25.250000	Db5	61	80	0	0	516	P1-22-7	0	-
382	25.239583	25.348958	F4	31	80	0	0	516	P1-22-18	0	-
383	25.352865	25.393229	Db5	62	80	0	0	520	P1-22-9	0	-
384	25.475260	25.598958	C#3	46	80	0	0	522	P1-22-19	1	-
385	25.730469	25.899740	C3	48	80	0	0	528	P1-23-13	0	-
386	25.805990	25.854167	Ab5	63	80	0	0	530	P1-23-2	0	-
387	25.885417	25.937500	Gb5	59	80	0	0	532	P1-23-3	0	-
388	25.973958	26.033854	Ab5	61	80	0	0	534	P1-23-4	0	-
389	26.002604	26.046875	Ab3	53	80	0	0	534	P1-23-14	0	-
390	26.005208	26.079427	Eb4	40	80	0	0	534	P1-23-15	0	-
391	26.053385	26.106771	Gb5	58	80	0	0	536	P1-23-5	0	-
392	26.121094	26.177083	Ab5	69	80	0	0	538	P1-23-6	0	-
393	26.229167	26.283854	Gb6	69	80	0	0	540	P1-23-7	0	-
394	26.291667	26.299479	G#6	68	80	0	0	-1	*	3	-
395	26.295573	26.364583	Ab5	69	80	0	0	542	P1-23-8	0	-
396	26.385417	26.436198	Gb5	60	80	0	0	544	P1-23-9	0	-
397	26.484375	26.546875	Ab5	63	80	0	0	546	P1-23-10	0	-
398	26.489583	26.527344	C2	43	80	0	0	546	P1-23-18	0	-
399	26.496094	26.542969	C3	39	80	0	0	-1	*	3	-
400	26.578125	26.626302	Gb5	58	80	0	0	548	P1-23-11	0	-
401	26.641927	26.704427	Ab5	68	80	0	0	550	P1-23-12	0	-
402	26.763021	26.869792	Ab4	61	80	0	0	552	P1-24-1	0	-
403	26.842448	26.902344	Ab5	65	80	0	0	554	P1-24-2	0	-
404	26.941406	26.986979	Gb5	68	80	0	0	556	P1-24-3	0	-
405	27.007812	27.109375	Ab5	67	80	0	0	558	P1-24-4	0	-
406	27.035156	27.149740	Ab3	52	80	0	0	558	P1-24-14	0	-
407	27.039062	27.049479	F#3	44	80	0	0	-1	*	3	-
408	27.092448	27.136719	Gb5	69	80	0	0	560	P1-24-5	0	-
409	27.157552	27.213542	Ab5	67	80	0	0	562	P1-24-6	0	-
410	27.243490	27.312500	Gb6	76	80	0	0	564	P1-24-7	0	-
411	27.322917	27.369792	G#6	72	80	0	0	-1	*	3	-
412	27.326823	27.394531	Ab5	74	80	0	0	566	P1-24-8	0	-
413	27.403646	27.464844	Gb5	73	80	0	0	568	P1-24-9	0	-
414	27.501302	27.566406	Ab5	71	80	0	0	570	P1-24-10	0	-
415	27.503906	27.509115	C2	51	80	0	0	570	P1-24-18	0	-
416	27.505208	27.519531	C3	47	80	0	0	570	P1-24-19	0	-
417	27.582031	27.635417	Gb5	62	80	0	0	572	P1-24-11	0	-
418	27.661458	27.717448	Ab5	67	80	0	0	574	P1-24-12	0	-
419	27.750000	27.787760	Bb4	67	80	0	0	576	P1-25-1	0	-
420	27.773438	27.878906	Db3	47	80	0	0	576	P1-25-14	0	-
421	27.773438	27.819010	Db2	49	80	0	0	576	P1-25-13	0	-
422	27.845052	27.890625	Bb5	65	80	0	0	578	P1-25-2	0	-
423	27.917969	27.967448	Gb5	63	80	0	0	580	P1-25-3	0	-
424	27.997396	28.029948	Bb4	62	80	0	0	-1	*	3	-
425	27.998698	28.054688	Bb5	67	80	0	0	582	P1-25-4	0	-
426	28.001302	28.079427	Bb3	52	80	0	0	582	P1-25-15	0	-
427	28.003906	28.009115	Bb2	50	80	0	0	-1	*	3	-
428	28.078125	28.134115	Gb5	65	80	0	0	584	P1-25-5	0	-
429	28.145833	28.216146	Bb5	69	80	0	0	586	P1-25-6	0	-
430	28.225260	28.295573	Gb6	78	80	0	0	588	P1-25-7	0	-
431	28.260417	28.269531	C2	60	80	0	0	588	P1-25-18	0	-
432	28.260417	28.313802	C3	62	80	0	0	588	P1-25-19	0	-
433	28.300781	28.372396	Bb5	68	80	0	0	590	P1-25-8	0	-
434	28.375000	28.430990	Gb5	67	80	0	0	592	P1-25-9	0	-
435	28.485677	28.628906	Bb5	68	80	0	0	594	P1-25-10	0	-
436	28.494792	28.609375	Db3	60	80	0	0	594	P1-25-21	0	-
437	28.505208	28.619792	Db2	58	80	0	0	594	P1-25-20	0	-
438	28.555990	28.614583	Gb5	69	80	0	0	596	P1-25-11	0	-
439	28.634115	28.739583	Bb5	68	80	0	0	598	P1-25-12	0	-
440	28.726562	28.839844	D2	63	80	0	0	600	P1-26-13	0	-
441	28.731771	28.785156	D3	63	80	0	0	600	P1-26-14	0	-
442	28.734375	28.878906	Bb4	65	80	0	0	600	P1-26-1	0	-
443	28.828125	28.889323	Bb5	58	80	0	0	602	P1-26-2	0	-
444	28.852865	28.904948	D2	58	80	0	0	-1	*	3	-
445	28.878906	28.959635	D3	49	80	0	0	-1	*	3	-
446	28.884115	28.979167	Gb5	66	80	0	0	604	P1-26-3	0	-
447	28.975260	29.069010	Bb5	72	80	0	0	606	P1-26-4	0	-
448	28.983073	29.023438	Bb3	56	80	0	0	606	P1-26-15	0	-
449	28.998698	29.039062	Gb4	55	80	0	0	606	P1-26-16	0	-
450	29.067708	29.134115	Gb5	75	80	0	0	608	P1-26-5	0	-
451	29.070312	29.119792	D3	58	80	0	0	-1	*	3	-
452	29.145833	29.239583	Bb5	68	80	0	0	610	P1-26-6	0	-
453	29.216146	29.276042	Gb6	83	80	0	0	612	P1-26-7	0	-
454	29.235677	29.329427	C#3	64	80	0	0	612	P1-26-18	0	-
455	29.242188	29.389323	C#2	65	80	0	0	612	P1-26-17	0	-
456	29.355469	29.417969	Gb5	69	80	0	0	616	P1-26-9	0	-
457	29.356771	29.369792	Eb5	58	80	0	0	-1	*	3	-
458	29.451823	29.503906	Bb5	71	80	0	0	618	P1-26-10	0	-
459	29.463542	29.536458	D2	60	80	0	0	618	P1-26-19	0	-
460	29.464844	29.523438	D3	54	80	0	0	618	P1-26-20	0	-
461	29.527344	29.592448	Gb5	70	80	0	0	620	P1-26-11	0	-
462	29.595052	29.645833	Bb5	67	80	0	0	622	P1-26-12	0	-
463	29.690104	29.734375	Gb5	70	80	0	0	624	P1-27-1	0	-
464	29.703125	29.750000	Eb2	59	80	0	0	624	P1-27-13	0	-
465	29.705729	29.789062	Eb3	62	80	0	0	624	P1-27-14	0	-
466	29.777344	29.838542	Bb5	73	80	0	0	626	P1-27-2	0	-
467	29.845052	29.912760	Gb5	64	80	0	0	628	P1-27-3	0	-
468	29.949219	30.002604	Bb6	90	80	0	0	630	P1-27-4	0	-
469	29.955729	30.006510	Bb3	67	80	0	0	630	P1-27-15	0	-
470	29.973958	29.979167	Bb2	61	80	0	0	-1	*	3	-
471	30.044271	30.101562	Bb5	76	80	0	0	632	P1-27-5	0	-
472	30.121094	30.169271	Gb5	63	80	0	0	634	P1-27-6	0	-
473	30.195312	30.277344	Ab6	86	80	0	0	636	P1-27-7	0	-
474	30.294271	30.345052	Bb5	73	80	0	0	638	P1-27-8	0	-
475	30.364583	30.449219	Gb5	64	80	0	0	640	P1-27-9	0	-
476	30.436198	30.519531	Gb6	82	80	0	0	642	P1-27-10	0	-
477	30.445312	30.529948	Eb2	45	80	0	0	642	P1-27-17	0	-
478	30.454427	30.500000	Eb3	43	80	0	0	642	P1-27-18	0	-
479	30.532552	30.572917	Bb5	68	80	0	0	644	P1-27-11	0	-
480	30.606771	30.657552	Gb5	60	80	0	0	646	P1-27-12	0	-
481	30.674479	30.756510	Db6	77	80	0	0	648	P1-28-1	0	-
482	30.684896	30.739583	Fb3	54	80	0	0	648	P1-28-14	0	-
483	30.687500	30.729167	Fb2	56	80	0	0	648	P1-28-13	0	-
484	30.765625	30.859375	Bb5	71	80	0	0	650	P1-28-2	0	-
485	30.835938	30.881510	Gb5	60	80	0	0	652	P1-28-3	0	-
486	30.924479	30.980469	Bb6	74	80	0	0	654	P1-28-4	0	-
487	30.936198	31.000000	Bb4	66	80	0	0	-1	*	3	-
488	30.940104	31.049479	C#4	58	80	0	0	654	P1-28-16	1	-
489	30.954427	31.029948	Bb3	56	80	0	0	654	P1-28-15	0	-
490	31.018229	31.098958	Bb5	74	80	0	0	656	P1-28-5	0	-
491	31.095052	31.141927	Gb5	64	80	0	0	658	P1-28-6	0	-
492	31.174479	31.246094	Ab6	83	80	0	0	660	P1-28-7	0	-
493	31.256510	31.313802	Bb5	77	80	0	0	662	P1-28-8	0	-
494	31.333333	31.373698	Gb5	66	80	0	0	664	P1-28-9	0	-
495	31.402344	31.457031	Gb6	83	80	0	0	666	P1-28-10	0	-
496	31.432292	31.484375	E2	43	80	0	0	666	P1-28-17	0	-
497	31.444010	31.549479	E3	43	80	0	0	666	P1-28-18	0	-
498	31.475260	31.527344	Bb5	72	80	0	0	668	P1-28-11	0	-
499	31.657552	31.716146	F2	58	80	0	0	672	P1-29-13	0	-
500	31.661458	31.708333	Db5	76	80	0	0	672	P1-29-1	0	-
501	31.714844	31.777344	Db6	67	80	0	0	674	P1-29-2	0	-
502	31.804688	31.871094	Bb5	75	80	0	0	676	P1-29-3	0	-
503	31.882812	31.979167	Db6	79	80	0	0	678	P1-29-4	0	-
504	31.899740	31.968750	F3	47	80	0	0	-1	*	3	-
505	31.903646	31.944010	Db4	59	80	0	0	678	P1-29-16	0	-
506	31.903646	31.949219	Bb3	60	80	0	0	678	P1-29-15	0	-
507	31.986979	32.128906	Db6	70	80	0	0	680	P1-29-5	0	-
508	32.066406	32.128906	Db7	74	80	0	0	682	P1-29-6	0	-
509	32.136719	32.250000	Bb6	83	80	0	0	684	P1-29-7	0	-
510	32.182292	32.221354	E2	49	80	0	0	684	P1-29-18	0	-
511	32.184896	32.234375	E3	45	80	0	0	684	P1-29-19	0	-
512	32.285156	32.378906	Db6	69	80	0	0	688	P1-29-9	0	-
513	32.384115	32.455729	Db6	73	80	0	0	690	P1-29-10	0	-
514	32.391927	32.436198	F3	58	80	0	0	690	P1-29-21	0	-
515	32.394531	32.437500	F2	62	80	0	0	690	P1-29-20	0	-
516	32.453125	32.511719	Bb5	73	80	0	0	692	P1-29-11	0	-
517	32.526042	32.611979	Db6	75	80	0	0	694	P1-29-12	0	-
518	32.621094	32.669271	Gb3	75	80	0	0	696	P1-30-14	0	-
519	32.623698	32.665365	Gb2	76	80	0	0	696	P1-30-13	0	-
520	32.623698	32.688802	Db5	73	80	0	0	696	P1-30-1	0	-
521	32.714844	32.772135	Db6	76	80	0	0	698	P1-30-2	0	-
522	32.785156	32.854167	Bb5	73	80	0	0	700	P1-30-3	0	-
523	32.852865	32.949219	Db6	83	80	0	0	702	P1-30-4	0	-
524	32.871094	32.911458	Fb4	68	80	0	0	702	P1-30-17	0	-
525	32.875000	32.916667	Bb3	67	80	0	0	702	P1-30-15	0	-
526	32.876302	32.938802	Db4	64	80	0	0	702	P1-30-16	0	-
527	32.955729	33.079427	Db6	68	80	0	0	704	P1-30-5	0	-
528	33.031250	33.104167	Db7	77	80	0	0	706	P1-30-6	0	-
529	33.105469	33.209635	Bb6	84	80	0	0	708	P1-30-7	0	-
530	33.122396	33.170573	F2	77	80	0	0	708	P1-30-18	0	-
531	33.122396	33.209635	F3	70	80	0	0	708	P1-30-19	0	-
532	33.244792	33.291667	Db6	67	80	0	0	712	P1-30-9	0	-
533	33.354167	33.428385	Db6	76	80	0	0	714	P1-30-10	0	-
534	33.359375	33.401042	Gb3	72	80	0	0	714	P1-30-21	0	-
535	33.360677	33.412760	Gb2	78	80	0	0	714	P1-30-20	0	-
536	33.427083	33.500000	Bb5	73	80	0	0	716	P1-30-11	0	-
537	33.502604	33.658854	Db6	77	80	0	0	718	P1-30-12	0	-
538	33.595052	33.658854	Db5	73	80	0	0	720	P1-31-1	0	-
539	33.604167	33.718750	G3	79	80	0	0	720	P1-31-14	0	-
540	33.606771	33.647135	G2	77	80	0	0	720	P1-31-13	0	-
541	33.674479	33.769531	Db6	68	80	0	0	722	P1-31-2	0	-
542	33.753906	33.813802	Bb5	75	80	0	0	724	P1-31-3	0	-
543	33.828125	33.876302	Db6	81	80	0	0	726	P1-31-4	0	-
544	33.843750	33.848958	C#5	75	80	0	0	-1	*	3	-
545	33.851562	33.890625	Fb4	74	80	0	0	726	P1-31-17	0	-
546	33.854167	33.888021	Db4	71	80	0	0	726	P1-31-16	0	-
547	33.854167	33.889323	E5	63	80	0	0	-1	*	3	-
548	33.941406	34.049479	Db6	74	80	0	0	728	P1-31-5	0	-
549	34.003906	34.096354	Db7	84	80	0	0	730	P1-31-6	0	-
550	34.083333	34.125000	Ab3	80	80	0	0	732	P1-31-19	0	-
551	34.087240	34.229167	F#6	85	80	0	0	732	P1-31-7	1	-
552	34.092448	34.179688	Ab2	80	80	0	0	732	P1-31-18	0	-
553	34.223958	34.309896	Db6	73	80	0	0	736	P1-31-9	0	-
554	34.324219	34.419271	Db6	81	80	0	0	738	P1-31-10	0	-
555	34.324219	34.375000	Db4	75	80	0	0	738	P1-31-21	0	-
556	34.324219	34.429688	F5	71	80	0	0	-1	*	3	-
557	34.324219	34.367188	F4	70	80	0	0	738	P1-31-22	0	-
558	34.404948	34.496094	Ab5	71	80	0	0	740	P1-31-11	0	-
559	34.494792	34.688802	Db6	81	80	0	0	742	P1-31-12	0	-
560	34.598958	34.779948	Db5	77	80	0	0	744	P1-32-1	0	-
561	34.604167	34.718750	E5	74	80	0	0	-1	*	3	-
562	34.608073	34.647135	Bbb3	79	80	0	0	744	P1-32-14	0	-
563	34.618490	34.628906	A1	78	80	0	0	-1	*	3	-
564	34.619792	34.654948	Bbb2	80	80	0	0	744	P1-32-13	0	-
565	34.696615	34.766927	Db6	82	80	0	0	746	P1-32-2	0	-
566	34.763021	34.938802	Gb5	79	80	0	0	748	P1-32-3	0	-
567	34.851562	34.959635	Db6	78	80	0	0	750	P1-32-4	0	-
568	34.906250	35.059896	Gb4	74	80	0	0	750	P1-32-17	0	-
569	34.912760	35.089844	Bbb3	70	80	0	0	750	P1-32-15	0	-
570	34.914062	35.019531	Eb4	79	80	0	0	750	P1-32-16	0	-
571	35.046875	35.096354	Db5	77	80	0	0	754	P1-32-6	0	-
572	35.186198	35.234375	Db5	75	80	0	0	758	P1-32-8	0	-
573	35.283854	35.389323	Db4	73	80	0	0	760	P1-32-9	0	-
574	35.388021	35.490885	Bbb1	84	80	0	0	762	P1-32-19	0	-
575	35.388021	35.569010	Bbb2	81	80	0	0	762	P1-32-20	0	-
576	35.402344	35.609375	Db4	64	80	0	0	762	P1-32-10	0	-
577	35.643229	35.968750	Ab2	91	80	0	0	768	P1-33-14	0	-
578	35.644531	35.919271	Ab1	89	80	0	0	768	P1-33-13	0	-
579	35.648438	35.919271	Eb4	73	80	0	0	-1	*	3	-
580	35.665365	35.993490	Db4	71	80	0	0	766	P1-32-12	0	-
581	35.927083	36.006510	Eb4	65	80	0	0	772	P1-33-3	1	-
582	36.031250	36.096354	Gb3	74	80	0	0	776	P1-33-5	0	-
583	36.121094	36.269531	Db4	73	80	0	0	778	P1-33-6	0	-
584	36.221354	36.285156	Eb4	69	80	0	0	780	P1-33-7	0	-
585	36.302083	36.376302	Gb4	75	80	0	0	782	P1-33-8	0	-
586	36.414062	36.494792	Db4	71	80	0	0	784	P1-33-9	0	-
587	36.502604	36.562500	Eb4	75	80	0	0	786	P1-33-10	0	-
588	36.576823	36.654948	Gb4	77	80	0	0	788	P1-33-11	0	-
589	36.665365	36.751302	Db5	81	80	0	0	790	P1-33-12	0	-
590	36.761719	36.833333	Eb5	76	80	0	0	-1	*	3	-
591	36.765625	36.919271	Eb4	71	80	0	0	792	P1-34-1	0	-
592	36.855469	36.915365	Gb4	74	80	0	0	794	P1-34-2	0	-
593	36.949219	37.069010	Db5	69	80	0	0	796	P1-34-3	0	-
594	37.016927	37.084635	Eb5	72	80	0	0	798	P1-34-4	0	-
595	37.110677	37.164062	Gb4	68	80	0	0	800	P1-34-5	0	-
596	37.188802	37.309896	Db5	72	80	0	0	802	P1-34-6	0	-
597	37.272135	37.339844	Ab3	82	80	0	0	804	P1-34-14	0	-
598	37.274740	37.389323	F#3	79	80	0	0	-1	*	3	-
599	37.276042	37.354167	F#5	79	80	0	0	-1	*	3	-
600	37.276042	37.378906	Eb5	76	80	0	0	804	P1-34-7	0	-
601	37.278646	37.356771	Gb4	80	80	0	0	804	P1-34-16	0	-
602	37.291667	37.355469	Db4	73	80	0	0	804	P1-34-15	0	-
603	37.393229	37.454427	Eb5	75	80	0	0	806	P1-34-8	1	-
604	37.477865	37.589844	Db5	77	80	0	0	808	P1-34-9	0	-
605	37.544271	37.604167	Eb5	69	80	0	0	810	P1-34-10	0	-
606	37.634115	37.696615	Db6	80	80	0	0	812	P1-34-11	0	-
607	37.695312	37.753906	Gb5	75	80	0	0	814	P1-34-12	0	-
608	37.695312	37.759115	Gb4	70	80	0	0	813	P1-34-19	0	-
609	37.703125	37.799479	Ab3	65	80	0	0	813	P1-34-17	0	-
610	37.716146	37.799479	Db4	61	80	0	0	813	P1-34-18	0	-
611	37.795573	37.919271	Eb5	77	80	0	0	816	P1-35-1	0	-
612	37.803385	37.899740	Gb4	68	80	0	0	816	P1-35-15	0	-
613	37.803385	37.889323	G#4	71	80	0	0	-1	*	3	-
614	37.804688	37.919271	Db4	69	80	0	0	816	P1-35-14	0	-
615	37.807292	37.989583	Ab3	71	80	0	0	816	P1-35-13	0	-
616	37.882812	37.942708	Gb5	77	80	0	0	818	P1-35-2	0	-
617	37.946615	38.023438	Eb6	78	80	0	0	820	P1-35-3	0	-
618	38.035156	38.158854	Db6	78	80	0	0	822	P1-35-4	0	-
619	38.114583	38.119792	F#6	73	80	0	0	-1	*	3	-
620	38.114583	38.209635	Gb5	77	80	0	0	824	P1-35-5	0	-
621	38.195312	38.253906	Eb5	75	80	0	0	826	P1-35-6	0	-
622	38.282552	38.345052	Db6	78	80	0	0	828	P1-35-7	0	-
623	38.359375	38.479167	Gb5	78	80	0	0	830	P1-35-8	0	-
624	38.453125	38.497396	Eb5	74	80	0	0	832	P1-35-9	0	-
625	38.514323	38.584635	Db5	73	80	0	0	834	P1-35-10	0	-
626	38.617188	38.739583	Gb5	76	80	0	0	836	P1-35-11	0	-
627	38.694010	38.746094	Eb5	71	80	0	0	838	P1-35-12	0	-
628	38.765625	38.826823	Db5	76	80	0	0	840	P1-36-1	0	-
629	38.856771	39.049479	Gb4	60	80	0	0	842	P1-36-2	0	-
630	38.941406	39.049479	Eb5	73	80	0	0	844	P1-36-3	0	-
631	39.001302	39.079427	Db5	68	80	0	0	846	P1-36-4	0	-
632	39.092448	39.149740	Db5	60	80	0	0	848	P1-36-5	1	-
633	39.200521	39.299479	Eb4	56	80	0	0	850	P1-36-6	0	-
634	39.273438	39.326823	Db5	68	80	0	0	852	P1-36-7	0	-
635	39.346354	39.449219	Gb4	66	80	0	0	854	P1-36-8	0	-
636	39.433594	39.489583	Eb4	53	80	0	0	856	P1-36-9	0	-
637	39.515625	39.649740	Db4	57	80	0	0	858	P1-36-10	0	-
638	39.595052	39.699219	Gb4	52	80	0	0	860	P1-36-11	0	-
639	39.683594	39.779948	Eb4	57	80	0	0	862	P1-36-12	0	-
640	39.813802	39.959635	Ab3	57	80	0	0	864	P1-37-1	0	-
641	39.916667	40.029948	Eb4	53	80	0	0	866	P1-37-2	0	-
642	39.989583	40.079427	Gb4	51	80	0	0	868	P1-37-3	0	-
643	40.082031	40.179688	Ab4	57	80	0	0	870	P1-37-4	0	-
644	40.154948	40.279948	Eb4	55	80	0	0	872	P1-37-5	0	-
645	40.247396	40.359375	Gb4	54	80	0	0	874	P1-37-6	0	-
646	40.322917	40.371094	Ab4	56	80	0	0	876	P1-37-7	0	-
647	40.404948	40.464844	Eb5	57	80	0	0	878	P1-37-8	0	-
648	40.520833	40.639323	Gb4	46	80	0	0	880	P1-37-9	0	-
649	40.610677	40.709635	Ab4	46	80	0	0	882	P1-37-10	0	-
650	40.686198	40.789062	Eb5	53	80	0	0	884	P1-37-11	0	-
651	40.739583	40.795573	Gb5	59	80	0	0	886	P1-37-12	0	-
652	40.826823	40.875000	Ab4	60	80	0	0	888	P1-38-1	0	-
653	40.901042	41.009115	Eb5	60	80	0	0	890	P1-38-2	0	-
654	40.976562	41.023438	Gb5	59	80	0	0	892	P1-38-3	0	-
655	41.037760	41.149740	Ab5	62	80	0	0	894	P1-38-4	0	-
656	41.114583	41.166667	F#5	64	80	0	0	-1	*	3	-
657	41.196615	41.309896	Eb5	60	80	0	0	896	P1-38-5	0	-
658	41.326823	41.468750	Gb4	50	80	0	0	900	P1-38-16	0	-
659	41.343750	41.539062	Ab3	46	80	0	0	900	P1-38-14	0	-
660	41.404948	41.464844	Ab5	66	80	0	0	900	P1-38-7	0	-
661	41.406250	41.549479	C4	44	80	0	0	900	P1-38-15	0	-
662	41.494792	41.545573	Gb5	63	80	0	0	904	P1-38-9	0	-
663	41.576823	41.634115	Ab5	65	80	0	0	906	P1-38-10	0	-
664	41.644531	41.690104	Gb6	67	80	0	0	908	P1-38-11	0	-
665	41.710938	41.839844	Ab3	50	80	0	0	909	P1-38-18	0	-
666	41.712240	41.773438	Eb6	63	80	0	0	910	P1-38-12	0	-
667	41.714844	41.859375	Gb4	53	80	0	0	909	P1-38-20	0	-
668	41.723958	41.878906	C4	49	80	0	0	909	P1-38-19	0	-
669	41.794271	41.809896	G#6	68	80	0	0	-1	*	3	-
670	41.796875	41.878906	Ab5	68	80	0	0	912	P1-39-1	0	-
671	41.882812	41.930990	Gb5	66	80	0	0	914	P1-39-2	0	-
672	41.955729	42.013021	Eb6	64	80	0	0	916	P1-39-3	0	-
673	42.032552	42.139323	Ab5	67	80	0	0	918	P1-39-4	0	-
674	42.115885	42.162760	Gb5	67	80	0	0	920	P1-39-5	0	-
675	42.192708	42.257812	Eb5	62	80	0	0	922	P1-39-6	0	-
676	42.282552	42.289062	G#6	70	80	0	0	-1	*	3	-
677	42.282552	42.468750	Ab5	72	80	0	0	924	P1-39-7	0	-
678	42.444010	42.559896	Eb5	61	80	0	0	928	P1-39-9	0	-
679	42.555990	42.658854	Ab4	51	80	0	0	930	P1-39-10	0	-
680	42.627604	42.750000	Gb5	59	80	0	0	932	P1-39-11	0	-
681	42.684896	42.779948	Eb5	56	80	0	0	934	P1-39-12	0	-
682	42.768229	42.908854	Ab4	60	80	0	0	936	P1-40-1	0	-
683	42.863281	42.979167	Gb4	46	80	0	0	938	P1-40-2	0	-
684	42.934896	43.309896	Eb5	49	80	0	0	940	P1-40-3	0	-
685	43.023438	43.128906	Ab4	51	80	0	0	942	P1-40-4	0	-
686	43.102865	43.145833	Gb4	49	80	0	0	944	P1-40-5	0	-
687	43.173177	43.231771	Eb4	52	80	0	0	946	P1-40-6	0	-
688	43.272135	43.389323	Ab4	55	80	0	0	948	P1-40-7	0	-
689	43.338542	43.386719	Gb4	49	80	0	0	950	P1-40-8	0	-
690	43.433594	43.514323	Eb4	53	80	0	0	952	P1-40-9	0	-
691	43.541667	43.679688	Ab3	48	80	0	0	954	P1-40-10	0	-
692	43.604167	43.648438	Gb4	50	80	0	0	956	P1-40-11	0	-
693	43.674479	43.748698	Eb4	52	80	0	0	958	P1-40-12	0	-
694	43.772135	43.779948	C#5	57	80	0	0	-1	*	3	-
695	43.776042	43.938802	Db4	55	80	0	0	960	P1-41-1	0	-
696	43.805990	43.959635	C#3	51	80	0	0	-1	*	3	-
697	43.812500	43.819010	Db2	47	80	0	0	960	P1-41-13	0	-
698	43.865885	43.989583	Db5	56	80	0	0	962	P1-41-2	0	-
699	43.960938	44.015625	Ab4	56	80	0	0	964	P1-41-3	0	-
700	44.031250	44.084635	Db5	61	80	0	0	966	P1-41-4	0	-
701	44.123698	44.269531	Ab4	61	80	0	0	968	P1-41-5	0	-
702	44.216146	44.256510	Ab5	55	80	0	0	970	P1-41-6	0	-
703	44.285156	44.389323	Db5	65	80	0	0	972	P1-41-7	0	-
704	44.294271	44.356771	F5	69	80	0	0	-1	*	3	-
705	44.302083	44.929688	F4	70	80	0	0	972	P1-41-16	0	-
706	44.343750	44.539062	Ab5	65	80	0	0	974	P1-41-8	0	-
707	44.355469	44.949219	Ab3	54	80	0	0	972	P1-41-15	0	-
708	44.473958	44.628906	Ab4	47	80	0	0	976	P1-41-9	0	-
709	44.569010	44.623698	Db5	54	80	0	0	978	P1-41-10	0	-
710	44.638021	44.779948	Ab4	55	80	0	0	980	P1-41-11	0	-
711	44.723958	44.809896	Db5	59	80	0	0	982	P1-41-12	0	-
712	44.821615	44.899740	Db5	62	80	0	0	-1	*	3	-
713	44.825521	45.009115	Db4	64	80	0	0	984	P1-42-1	0	-
714	44.907552	45.009115	Db5	42	80	0	0	986	P1-42-2	0	-
715	44.976562	45.079427	Ab4	59	80	0	0	988	P1-42-3	0	-
716	45.067708	45.127604	Db5	64	80	0	0	990	P1-42-4	0	-
717	45.161458	45.227865	Ab4	64	80	0	0	992	P1-42-5	0	-
718	45.234375	45.289062	Ab5	64	80	0	0	994	P1-42-6	0	-
719	45.292969	45.454427	E4	71	80	0	0	996	P1-42-16	0	-
720	45.296875	45.419271	E5	65	80	0	0	-1	*	3	-
721	45.302083	45.438802	Db5	62	80	0	0	996	P1-42-7	0	-
722	45.445312	45.505208	Ab4	64	80	0	0	1000	P1-42-9	0	-
723	45.533854	45.592448	Db5	66	80	0	0	1002	P1-42-10	0	-
724	45.611979	45.679688	Ab4	65	80	0	0	1004	P1-42-11	0	-
725	45.657552	45.713542	F4	60	80	0	0	1005	P1-42-18	0	-
726	45.677083	45.829427	Db5	66	80	0	0	1006	P1-42-12	0	-
727	45.679688	45.782552	Ab3	58	80	0	0	1005	P1-42-17	0	-
728	45.794271	45.954427	Db4	62	80	0	0	1008	P1-43-1	0	-
729	45.800781	45.903646	Db3	73	80	0	0	1008	P1-43-13	0	-
730	45.923177	46.001302	Ab4	71	80	0	0	1012	P1-43-3	0	-
731	46.020833	46.109375	Db5	70	80	0	0	1014	P1-43-4	0	-
732	46.114583	46.199219	Db5	66	80	0	0	1016	P1-43-5	0	-
733	46.183594	46.389323	Db6	76	80	0	0	1018	P1-43-6	0	-
734	46.255208	46.359375	Ab5	75	80	0	0	1020	P1-43-7	0	-
735	46.257812	46.359375	F5	75	80	0	0	1022	P1-43-8	1	-
736	46.269531	46.979167	F4	73	80	0	0	1020	P1-43-16	0	-
737	46.307292	46.989583	Ab3	66	80	0	0	1020	P1-43-15	0	-
738	46.398438	46.466146	Db5	67	80	0	0	1026	P1-43-10	0	-
739	46.506510	46.567708	G#5	66	80	0	0	1028	P1-43-11	1	-
740	46.576823	46.679688	Db5	68	80	0	0	1030	P1-43-12	0	-
741	46.657552	46.735677	Ab5	70	80	0	0	1034	P1-44-2	0	-
742	46.752604	46.908854	Ab4	73	80	0	0	1032	P1-44-1	0	-
743	46.815104	46.871094	Ab5	64	80	0	0	-1	*	3	-
744	46.891927	46.940104	Db5	67	80	0	0	1036	P1-44-3	0	-
745	46.946615	47.000000	Ab5	77	80	0	0	1038	P1-44-4	0	-
746	47.045573	47.105469	Ab5	74	80	0	0	1040	P1-44-5	0	-
747	47.105469	47.169271	Ab6	79	80	0	0	1042	P1-44-6	0	-
748	47.201823	47.329427	Db6	79	80	0	0	1044	P1-44-7	0	-
749	47.203125	47.438802	E4	74	80	0	0	1044	P1-44-16	0	-
750	47.212240	47.468750	G3	67	80	0	0	1044	P1-44-15	0	-
751	47.316406	47.373698	G5	69	80	0	0	-1	*	3	-
752	47.322917	47.380208	Ab5	72	80	0	0	1048	P1-44-9	0	-
753	47.406250	47.549479	C#6	68	80	0	0	1050	P1-44-10	1	-
754	47.477865	47.535156	Ab5	68	80	0	0	1052	P1-44-11	1	-
755	47.523438	47.619792	F4	66	80	0	0	1053	P1-44-18	0	-
756	47.526042	47.709635	Ab3	66	80	0	0	1053	P1-44-17	0	-
757	47.557292	47.598958	G#4	48	80	0	0	1054	P1-44-12	1	-
758	47.623698	47.682292	Db5	68	80	0	0	1056	P1-45-1	0	-
759	47.678385	47.789062	Db3	77	80	0	0	1056	P1-45-13	0	-
760	47.695312	47.761719	Eb5	71	80	0	0	1058	P1-45-2	0	-
761	47.776042	47.834635	Db5	77	80	0	0	1060	P1-45-3	0	-
762	47.885417	47.938802	F4	67	80	0	0	1062	P1-45-16	0	-
763	47.903646	47.949219	E4	65	80	0	0	-1	*	3	-
764	47.906250	47.953125	E6	64	80	0	0	1062	P1-45-4	1	-
765	47.914062	48.000000	Db4	62	80	0	0	1062	P1-45-15	0	-
766	47.985677	48.036458	Db6	70	80	0	0	1064	P1-45-5	0	-
767	48.053385	48.117188	Eb7	76	80	0	0	1066	P1-45-6	0	-
768	48.104167	48.239583	Db7	79	80	0	0	1068	P1-45-7	0	-
769	48.130208	48.369792	Bbb3	68	80	0	0	1068	P1-45-17	0	-
770	48.134115	48.269531	Gb4	70	80	0	0	1068	P1-45-19	0	-
771	48.153646	48.250000	C4	59	80	0	0	1068	P1-45-18	1	-
772	48.191406	48.289062	Eb7	75	80	0	0	1070	P1-45-8	0	-
773	48.253906	48.389323	Db7	75	80	0	0	1072	P1-45-9	0	-
774	48.352865	48.429688	Db6	73	80	0	0	1074	P1-45-10	0	-
775	48.354167	48.415365	G4	73	80	0	0	1074	P1-45-22	0	-
776	48.359375	48.415365	Bb3	68	80	0	0	1074	P1-45-20	0	-
777	48.360677	48.420573	Db4	60	80	0	0	1074	P1-45-21	0	-
778	48.440104	48.506510	Eb6	75	80	0	0	1076	P1-45-11	0	-
779	48.513021	48.609375	Db6	60	80	0	0	1078	P1-45-12	0	-
780	48.622396	48.675781	Db5	74	80	0	0	1080	P1-46-1	0	-
781	48.623698	48.759115	Ab4	72	80	0	0	1080	P1-46-15	0	-
782	48.625000	48.789062	Cb4	67	80	0	0	1080	P1-46-13	0	-
783	48.628906	48.819010	Db4	71	80	0	0	1080	P1-46-14	0	-
784	48.686198	48.735677	Eb5	66	80	0	0	1082	P1-46-2	0	-
785	48.773438	48.825521	Db5	70	80	0	0	1084	P1-46-3	0	-
786	48.861979	48.953125	Eb6	75	80	0	0	1086	P1-46-4	0	-
787	48.960938	49.013021	Db6	78	80	0	0	1088	P1-46-5	0	-
788	49.028646	49.169271	Eb7	76	80	0	0	1090	P1-46-6	0	-
789	49.098958	49.179688	G6	78	80	0	0	1092	P1-46-7	1	-
790	49.102865	49.209635	Bb3	71	80	0	0	1092	P1-46-16	0	-
791	49.102865	49.165365	G4	75	80	0	0	1092	P1-46-18	0	-
792	49.183594	49.289062	Eb7	76	80	0	0	1094	P1-46-8	0	-
793	49.256510	49.378906	Db7	73	80	0	0	1096	P1-46-9	0	-
794	49.337240	49.419271	Gb4	69	80	0	0	1098	P1-46-21	0	-
795	49.339844	49.429688	Bbb3	66	80	0	0	1098	P1-46-19	0	-
796	49.346354	49.419271	Db4	65	80	0	0	1098	P1-46-20	0	-
797	49.419271	49.488281	Eb6	75	80	0	0	1100	P1-46-11	0	-
798	49.513021	49.567708	Db6	66	80	0	0	1102	P1-46-12	0	-
799	49.600260	49.699219	F4	71	80	0	0	1104	P1-47-15	0	-
800	49.602865	49.759115	Db7	85	80	0	0	1104	P1-47-1	0	-
801	49.604167	49.709635	C#4	73	80	0	0	1104	P1-47-14	1	-
802	49.605469	49.718750	Ab3	73	80	0	0	1104	P1-47-13	0	-
803	49.684896	49.789062	Eb7	76	80	0	0	1106	P1-47-2	0	-
804	49.766927	49.878906	Db7	68	80	0	0	1108	P1-47-3	0	-
805	49.846354	49.885417	Db3	68	80	0	0	1110	P1-47-16	0	-
806	49.855469	49.907552	Db6	76	80	0	0	1110	P1-47-4	0	-
807	49.949219	50.006510	Eb6	73	80	0	0	1112	P1-47-5	0	-
808	50.032552	50.084635	Db6	75	80	0	0	1114	P1-47-6	0	-
809	50.108073	50.209635	Ab4	78	80	0	0	1116	P1-47-17	0	-
810	50.125000	50.218750	Db4	71	80	0	0	1116	P1-47-21	0	-
811	50.125000	50.218750	Cb4	69	80	0	0	1116	P1-47-20	0	-
812	50.126302	50.199219	F4	68	80	0	0	1116	P1-47-22	0	-
813	50.210938	50.273438	Eb7	72	80	0	0	1118	P1-47-8	0	-
814	50.292969	50.341146	Db7	77	80	0	0	1120	P1-47-9	0	-
815	50.375000	50.479167	Bb4	81	80	0	0	1122	P1-47-18	0	-
816	50.384115	50.479167	Db6	79	80	0	0	1122	P1-47-10	0	-
817	50.471354	50.548177	Eb6	79	80	0	0	1124	P1-47-11	0	-
818	50.561198	50.679688	Db6	70	80	0	0	1126	P1-47-12	0	-
819	50.664062	50.848958	Cb5	84	80	0	0	1128	P1-48-13	0	-
820	50.664062	50.739583	Db7	87	80	0	0	1128	P1-48-1	0	-
821	50.664062	50.729167	F#6	83	80	0	0	-1	*	3	-
822	50.677083	50.759115	B6	85	80	0	0	-1	*	3	-
823	50.761719	50.889323	Eb7	78	80	0	0	1130	P1-48-2	0	-
824	50.847656	50.959635	Db7	74	80	0	0	1132	P1-48-3	0	-
825	50.937500	50.994792	Db6	71	80	0	0	1134	P1-48-4	0	-
826	51.033854	51.101562	Eb6	72	80	0	0	1136	P1-48-5	0	-
827	51.118490	51.203125	Db6	67	80	0	0	1138	P1-48-6	0	-
828	51.221354	51.378906	Bb4	79	80	0	0	1140	P1-48-14	0	-
829	51.222656	51.299479	Bb6	76	80	0	0	-1	*	3	-
830	51.233073	51.399740	Db7	81	80	0	0	1140	P1-48-7	0	-
831	51.317708	51.468750	Eb7	78	80	0	0	1142	P1-48-8	0	-
832	51.404948	51.589844	Db7	69	80	0	0	1144	P1-48-9	0	-
833	51.509115	51.658854	Ab4	76	80	0	0	1146	P1-48-15	0	-
834	51.514323	51.572917	Db6	76	80	0	0	1146	P1-48-10	0	-
835	51.614583	51.675781	Eb6	68	80	0	0	1148	P1-48-11	0	-
836	51.703125	51.804688	Db6	69	80	0	0	1150	P1-48-12	0	-
837	51.795573	51.855469	Gb6	87	80	0	0	1152	P1-49-1	0	-
838	51.803385	51.899740	Gb4	61	80	0	0	1152	P1-49-16	0	-
839	51.803385	51.809896	Bb3	60	80	0	0	1152	P1-49-14	0	-
840	51.819010	51.929688	Db4	54	80	0	0	1152	P1-49-15	0	-
841	51.845052	51.938802	Gb3	47	80	0	0	1152	P1-49-13	0	-
842	51.886719	51.985677	Bb6	87	80	0	0	1154	P1-49-2	0	-
843	52.001302	52.087240	Db6	75	80	0	0	1156	P1-49-3	0	-
844	52.082031	52.126302	Eb4	60	80	0	0	1158	P1-49-19	0	-
845	52.084635	52.144531	Gb6	85	80	0	0	1158	P1-49-4	0	-
846	52.170573	52.248698	Eb6	75	80	0	0	1160	P1-49-5	0	-
847	52.257812	52.325521	Gb6	78	80	0	0	1162	P1-49-6	0	-
848	52.343750	52.397135	Db6	75	80	0	0	1164	P1-49-7	0	-
849	52.365885	52.419271	Gb3	56	80	0	0	1164	P1-49-21	0	-
850	52.367188	52.449219	Bb3	63	80	0	0	1164	P1-49-22	0	-
851	52.371094	52.378906	F3	52	80	0	0	-1	*	3	-
852	52.376302	52.417969	Db4	49	80	0	0	1164	P1-49-23	0	-
853	52.445312	52.539062	Gb6	80	80	0	0	1166	P1-49-8	0	-
854	52.541667	52.639323	Bb5	76	80	0	0	1168	P1-49-9	0	-
855	52.634115	52.692708	Db6	74	80	0	0	1170	P1-49-10	0	-
856	52.740885	52.779948	Gb5	53	80	0	0	1172	P1-49-11	0	-
857	52.817708	52.875000	Bb5	69	80	0	0	1174	P1-49-12	0	-
858	52.903646	52.966146	Gb5	66	80	0	0	1176	P1-50-1	0	-
859	52.925781	52.989583	Gb2	42	80	0	0	1176	P1-50-13	0	-
860	52.986979	53.050781	Bb5	67	80	0	0	1178	P1-50-2	0	-
861	53.102865	53.145833	Db5	56	80	0	0	1180	P1-50-3	0	-
862	53.177083	53.240885	Gb5	66	80	0	0	1182	P1-50-4	0	-
863	53.240885	53.276042	Cb4	48	80	0	0	1182	P1-50-15	0	-
864	53.242188	53.278646	Eb4	52	80	0	0	1182	P1-50-16	0	-
865	53.253906	53.333333	Eb5	66	80	0	0	1184	P1-50-5	0	-
866	53.354167	53.415365	Gb5	64	80	0	0	1186	P1-50-6	0	-
867	53.445312	53.529948	Db5	64	80	0	0	1188	P1-50-7	0	-
868	53.464844	53.505208	Bb3	50	80	0	0	1188	P1-50-18	0	-
869	53.527344	53.739583	Gb5	65	80	0	0	1190	P1-50-8	0	-
870	53.628906	53.750000	Bb4	52	80	0	0	1192	P1-50-9	0	-
871	53.707031	53.799479	Db5	56	80	0	0	1194	P1-50-10	0	-
872	53.800781	53.847656	Gb4	51	80	0	0	1196	P1-50-11	0	-
873	53.904948	53.968750	Bb4	57	80	0	0	1198	P1-50-12	0	-
874	54.006510	54.098958	Db2	52	80	0	0	1200	P1-51-13	0	-
875	54.013021	54.139323	Db3	49	80	0	0	1200	P1-51-14	0	-
876	54.104167	54.153646	Db5	36	80	0	0	1202	P1-51-2	0	-
877	54.184896	54.309896	Ab4	48	80	0	0	1204	P1-51-3	0	-
878	54.264323	54.322917	Db5	53	80	0	0	1206	P1-51-4	0	-
879	54.320312	54.399740	F4	37	80	0	0	1206	P1-51-17	0	-
880	54.377604	54.468750	Ab4	57	80	0	0	1208	P1-51-5	0	-
881	54.445312	54.486979	Ab5	58	80	0	0	1210	P1-51-6	0	-
882	54.548177	54.595052	Eb4	52	80	0	0	1212	P1-51-20	0	-
883	54.554688	54.649740	Ab3	51	80	0	0	1212	P1-51-18	0	-
884	54.610677	54.669271	Cb4	41	80	0	0	1212	P1-51-19	0	-
885	54.614583	54.662760	Ab5	65	80	0	0	1214	P1-51-8	0	-
886	54.695312	54.740885	Eb5	62	80	0	0	1216	P1-51-9	0	-
887	54.785156	54.834635	Ab5	72	80	0	0	1218	P1-51-10	0	-
888	54.876302	54.944010	Eb5	52	80	0	0	1220	P1-51-11	0	-
889	54.959635	55.002604	Eb6	65	80	0	0	1222	P1-51-12	0	-
890	55.046875	55.128906	Db3	58	80	0	0	1224	P1-52-21	0	-
891	55.050781	55.087240	Eb5	62	80	0	0	1224	P1-52-1	0	-
892	55.121094	55.166667	Eb6	66	80	0	0	1226	P1-52-2	0	-
893	55.195312	55.250000	Ab5	68	80	0	0	1228	P1-52-3	0	-
894	55.277344	55.378906	Eb6	66	80	0	0	1230	P1-52-4	0	-
895	55.325521	55.408854	Eb4	53	80	0	0	1230	P1-52-16	0	-
896	55.399740	55.425781	G#6	71	80	0	0	-1	*	3	-
897	55.401042	55.479167	Ab5	70	80	0	0	1232	P1-52-5	0	-
898	55.497396	55.545573	Ab6	77	80	0	0	1234	P1-52-6	0	-
899	55.571615	55.632812	Cb4	53	80	0	0	1236	P1-52-18	0	-
900	55.574219	55.623698	Db4	48	80	0	0	1236	P1-52-19	0	-
901	55.574219	55.669271	Ab3	53	80	0	0	1236	P1-52-17	0	-
902	55.632812	55.695312	Ab6	65	80	0	0	1238	P1-52-8	0	-
903	55.721354	55.787760	Eb6	67	80	0	0	1240	P1-52-9	1	-
904	55.817708	55.885417	Ab6	74	80	0	0	1242	P1-52-10	0	-
905	55.903646	55.962240	Db6	70	80	0	0	1244	P1-52-11	0	-
906	55.984375	56.098958	Db7	73	80	0	0	1246	P1-52-12	0	-
907	56.070312	56.125000	Gb6	88	80	0	0	1248	P1-53-1	0	-
908	56.091146	56.199219	Bb3	53	80	0	0	1248	P1-53-14	0	-
909	56.097656	56.188802	Db4	47	80	0	0	1248	P1-53-15	0	-
910	56.162760	56.229167	Bb6	82	80	0	0	1250	P1-53-2	0	-
911	56.246094	56.300781	Db6	69	80	0	0	1252	P1-53-3	0	-
912	56.334635	56.386719	Gb6	84	80	0	0	1254	P1-53-4	0	-
913	56.338542	56.429688	Eb4	61	80	0	0	1254	P1-53-19	0	-
914	56.350260	56.419271	Cb4	43	80	0	0	1254	P1-53-18	0	-
915	56.371094	56.438802	Gb3	43	80	0	0	1254	P1-53-17	0	-
916	56.415365	56.475260	Eb6	76	80	0	0	1256	P1-53-5	0	-
917	56.502604	56.583333	Gb6	82	80	0	0	1258	P1-53-6	0	-
918	56.585938	56.688802	Db6	78	80	0	0	1260	P1-53-7	0	-
919	56.593750	56.598958	Gb4	68	80	0	0	1260	P1-53-24	0	-
920	56.595052	56.699219	Bb3	66	80	0	0	1260	P1-53-22	0	-
921	56.602865	56.718750	Db4	58	80	0	0	1260	P1-53-23	0	-
922	56.604167	56.729167	Gb3	59	80	0	0	1260	P1-53-21	0	-
923	56.691406	56.746094	Gb6	74	80	0	0	1262	P1-53-8	0	-
924	56.774740	56.833333	Bb5	73	80	0	0	1264	P1-53-9	0	-
925	56.871094	56.924479	Db6	70	80	0	0	1266	P1-53-10	0	-
926	56.960938	57.010417	Gb5	56	80	0	0	1268	P1-53-11	0	-
927	57.040365	57.104167	Bb5	67	80	0	0	1270	P1-53-12	0	-
928	57.114583	57.218750	Gb5	71	80	0	0	1272	P1-54-1	0	-
929	57.123698	57.173177	Gb2	59	80	0	0	1272	P1-54-13	0	-
930	57.123698	57.170573	Eb5	61	80	0	0	-1	*	3	-
931	57.205729	57.255208	Bb5	68	80	0	0	1274	P1-54-2	0	-
932	57.298177	57.378906	Db5	64	80	0	0	1276	P1-54-3	0	-
933	57.381510	57.427083	Gb5	70	80	0	0	1278	P1-54-4	0	-
934	57.423177	57.500000	Gb4	34	80	0	0	1278	P1-54-17	0	-
935	57.447917	57.519531	Cb4	48	80	0	0	1278	P1-54-15	0	-
936	57.459635	57.509115	Eb5	67	80	0	0	1280	P1-54-5	0	-
937	57.554688	57.602865	Gb5	64	80	0	0	1282	P1-54-6	0	-
938	57.623698	57.677083	Db5	61	80	0	0	1284	P1-54-7	0	-
939	57.643229	57.739583	Bb3	51	80	0	0	1284	P1-54-18	0	-
940	57.683594	57.809896	Db4	38	80	0	0	1284	P1-54-19	0	-
941	57.695312	57.809896	Gb5	62	80	0	0	1286	P1-54-8	0	-
942	57.787760	57.899740	Bb4	64	80	0	0	1288	P1-54-9	0	-
943	57.884115	57.968750	Db5	60	80	0	0	1290	P1-54-10	0	-
944	57.964844	58.026042	Gb4	51	80	0	0	1292	P1-54-11	0	-
945	58.080729	58.179688	Bb4	51	80	0	0	1294	P1-54-12	0	-
946	58.123698	58.199219	Cb3	43	80	0	0	1296	P1-55-13	0	-
947	58.143229	58.208333	Eb4	62	80	0	0	1296	P1-55-1	0	-
948	58.210938	58.252604	Eb5	65	80	0	0	1298	P1-55-2	0	-
949	58.286458	58.324219	Ab4	64	80	0	0	1300	P1-55-3	0	-
950	58.378906	58.459635	Eb5	63	80	0	0	1302	P1-55-4	0	-
951	58.386719	58.459635	Eb4	60	80	0	0	1302	P1-55-15	0	-
952	58.395833	58.500000	Ab3	54	80	0	0	1302	P1-55-14	0	-
953	58.463542	58.569010	Ab4	64	80	0	0	1304	P1-55-5	0	-
954	58.553385	58.592448	Ab5	64	80	0	0	1306	P1-55-6	0	-
955	58.628906	58.677083	Bb3	58	80	0	0	1308	P1-55-17	0	-
956	58.631510	58.665365	D4	55	80	0	0	1308	P1-55-18	0	-
957	58.640625	58.692708	E3	47	80	0	0	1308	P1-55-16	1	-
958	58.695312	58.759115	Bb4	64	80	0	0	1308	P1-55-7	0	-
959	58.803385	58.837240	Bb4	65	80	0	0	1312	P1-55-9	0	-
960	58.813802	58.899740	Bb3	54	80	0	0	-1	*	3	-
961	58.885417	58.972656	Bb2	53	80	0	0	1314	P1-55-19	0	-
962	58.885417	59.009115	Bb5	65	80	0	0	1314	P1-55-10	0	-
963	58.945312	59.009115	Bb4	63	80	0	0	1316	P1-55-11	0	-
964	59.022135	59.057292	Bb5	69	80	0	0	1318	P1-55-12	0	-
965	59.122396	59.209635	Cb3	53	80	0	0	1320	P1-56-13	0	-
966	59.123698	59.209635	Eb5	68	80	0	0	1320	P1-56-1	0	-
967	59.278646	59.317708	Ab5	73	80	0	0	1324	P1-56-3	0	-
968	59.360677	59.419271	Eb6	76	80	0	0	1326	P1-56-4	0	-
969	59.395833	59.468750	Eb4	47	80	0	0	1326	P1-56-15	0	-
970	59.401042	59.489583	Ab3	43	80	0	0	1326	P1-56-14	0	-
971	59.473958	59.516927	Ab5	70	80	0	0	1328	P1-56-5	0	-
972	59.555990	59.639323	Ab6	69	80	0	0	1330	P1-56-6	0	-
973	59.628906	59.690104	F3	45	80	0	0	1332	P1-56-16	0	-
974	59.632812	59.665365	Bb5	69	80	0	0	1332	P1-56-7	0	-
975	59.635417	59.718750	Bb3	49	80	0	0	1332	P1-56-17	0	-
976	59.641927	59.703125	D4	43	80	0	0	1332	P1-56-18	0	-
977	59.705729	59.819010	Bb6	70	80	0	0	1334	P1-56-8	0	-
978	59.796875	59.834635	Bb5	64	80	0	0	1336	P1-56-9	0	-
979	59.875000	59.989583	Bb6	73	80	0	0	1338	P1-56-10	0	-
980	59.876302	59.932292	Bb2	57	80	0	0	1338	P1-56-19	0	-
981	59.967448	60.005208	Bb5	59	80	0	0	1340	P1-56-11	0	-
982	60.031250	60.109375	Bb6	71	80	0	0	1342	P1-56-12	0	-
983	60.114583	60.179688	Cb3	57	80	0	0	1344	P1-57-13	0	-
984	60.130208	60.209635	Bb5	64	80	0	0	1344	P1-57-1	0	-
985	60.216146	60.309896	Bb6	70	80	0	0	1346	P1-57-2	0	-
986	60.216146	60.279948	G#6	70	80	0	0	1346	*	3	-
987	60.295573	60.399740	Eb6	59	80	0	0	1348	P1-57-3	0	-
988	60.373698	60.489583	Bb6	68	80	0	0	1350	P1-57-4	0	-
989	60.394531	60.459635	Ab4	54	80	0	0	1350	P1-57-16	0	-
990	60.395833	60.468750	Cb4	47	80	0	0	1350	P1-57-14	0	-
991	60.407552	60.479167	Eb4	44	80	0	0	1350	P1-57-15	0	-
992	60.506510	60.536458	Ab5	64	80	0	0	1352	P1-57-5	0	-
993	60.511719	60.589844	Ab6	68	80	0	0	1354	P1-57-6	0	-
994	60.626302	60.699219	Db3	52	80	0	0	1356	P1-57-17	0	-
995	60.631510	60.709635	Ab5	67	80	0	0	1356	P1-57-7	0	-
996	60.697917	60.789062	Ab6	74	80	0	0	1358	P1-57-8	0	-
997	60.779948	60.839844	Db6	72	80	0	0	1360	P1-57-9	0	-
998	60.868490	60.915365	Ab6	74	80	0	0	1362	P1-57-10	0	-
999	60.904948	60.962240	Gb4	48	80	0	0	1362	P1-57-20	0	-
1000	60.907552	60.955729	Bb3	49	80	0	0	1362	P1-57-18	0	-
1001	60.910156	60.919271	Bb2	48	80	0	0	-1	*	3	-
1002	60.954427	61.009115	Gb5	67	80	0	0	1364	P1-57-11	0	-
1003	61.023438	61.059896	Gb6	67	80	0	0	1366	P1-57-12	0	-
1004	61.104167	61.156250	Cb3	44	80	0	0	1368	P1-58-13	0	-
1005	61.136719	61.209635	Db5	67	80	0	0	1368	P1-58-1	0	-
1006	61.186198	61.289062	Db6	67	80	0	0	1370	P1-58-2	0	-
1007	61.264323	61.309896	Ab5	71	80	0	0	1372	P1-58-3	0	-
1008	61.345052	61.419271	Db6	72	80	0	0	1374	P1-58-4	0	-
1009	61.377604	61.468750	Ab4	53	80	0	0	1374	P1-58-17	0	-
1010	61.382812	61.459635	F4	48	80	0	0	1374	P1-58-16	0	-
1011	61.393229	61.489583	Db4	48	80	0	0	1374	P1-58-15	0	-
1012	61.438802	61.494792	Ab5	75	80	0	0	1376	P1-58-5	0	-
1013	61.502604	61.548177	Ab6	83	80	0	0	1378	P1-58-6	0	-
1014	61.602865	61.688802	Gb5	74	80	0	0	1380	P1-58-7	0	-
1015	61.605469	61.649740	Bb2	58	80	0	0	1380	P1-58-18	0	-
1016	61.680990	61.769531	Gb6	75	80	0	0	1382	P1-58-8	0	-
1017	61.751302	61.819010	Db6	76	80	0	0	1384	P1-58-9	0	-
1018	61.825521	61.889323	Db6	68	80	0	0	1386	P1-58-10	1	-
1019	61.875000	61.949219	Db4	52	80	0	0	1386	P1-58-20	0	-
1020	61.880208	61.949219	F#3	47	80	0	0	1386	P1-58-19	1	-
1021	61.903646	61.955729	Db6	72	80	0	0	1388	P1-58-11	0	-
1022	61.981771	62.032552	Db7	72	80	0	0	1390	P1-58-12	0	-
1023	62.084635	62.169271	Bb5	69	80	0	0	1392	P1-59-1	0	-
1024	62.085938	62.111979	Cb3	46	80	0	0	1392	P1-59-13	0	-
1025	62.108073	62.119792	B3	33	80	0	0	-1	*	3	-
1026	62.152344	62.199219	G#6	68	80	0	0	-1	*	3	-
1027	62.153646	62.194010	Bb6	72	80	0	0	1394	P1-59-2	0	-
1028	62.216146	62.289062	B3	48	80	0	0	-1	*	3	-
1029	62.217448	62.256510	Eb6	70	80	0	0	1396	P1-59-3	0	-
1030	62.324219	62.360677	Bb6	70	80	0	0	1398	P1-59-4	0	-
1031	62.326823	62.408854	G#6	69	80	0	0	-1	*	3	-
1032	62.351562	62.388021	Eb4	47	80	0	0	1398	P1-59-15	0	-
1033	62.384115	62.424479	Cb4	48	80	0	0	1398	P1-59-14	0	-
1034	62.406250	62.453125	Ab5	69	80	0	0	1400	P1-59-5	0	-
1035	62.475260	62.537760	Ab6	78	80	0	0	1402	P1-59-6	0	-
1036	62.569010	62.610677	Db3	52	80	0	0	1404	P1-59-17	0	-
1037	62.572917	62.669271	Ab5	73	80	0	0	1404	P1-59-7	0	-
1038	62.641927	62.684896	Ab6	76	80	0	0	1406	P1-59-8	0	-
1039	62.704427	62.735677	Db6	70	80	0	0	1408	P1-59-9	0	-
1040	62.791667	62.837240	Ab6	78	80	0	0	1410	P1-59-10	0	-
1041	62.824219	62.882812	Gb4	46	80	0	0	1410	P1-59-20	0	-
1042	62.839844	62.877604	Bb3	48	80	0	0	1410	P1-59-18	0	-
1043	62.841146	62.877604	Db4	45	80	0	0	1410	P1-59-19	0	-
1044	62.908854	62.942708	Gb5	64	80	0	0	1412	P1-59-11	0	-
1045	62.916667	62.959635	Gb6	65	80	0	0	1414	P1-59-12	0	-
1046	63.027344	63.078125	Cb3	53	80	0	0	1416	P1-60-13	0	-
1047	63.031250	63.039062	B3	50	80	0	0	-1	*	3	-
1048	63.053385	63.121094	Db5	58	80	0	0	1416	P1-60-1	0	-
1049	63.101562	63.199219	Db6	60	80	0	0	1418	P1-60-2	0	-
1050	63.175781	63.229167	G#6	71	80	0	0	-1	*	3	-
1051	63.177083	63.226562	Ab5	74	80	0	0	1420	P1-60-3	0	-
1052	63.256510	63.298177	Db6	69	80	0	0	1422	P1-60-4	0	-
1053	63.292969	63.348958	Ab4	44	80	0	0	1422	P1-60-17	0	-
1054	63.296875	63.399740	Db4	45	80	0	0	1422	P1-60-15	0	-
1055	63.298177	63.389323	F4	40	80	0	0	1422	P1-60-16	0	-
1056	63.335938	63.402344	Ab5	70	80	0	0	1424	P1-60-5	0	-
1057	63.404948	63.457031	Ab6	73	80	0	0	1426	P1-60-6	0	-
1058	63.502604	63.579427	Gb5	71	80	0	0	1428	P1-60-7	0	-
1059	63.503906	63.569010	F#6	66	80	0	0	-1	*	3	-
1060	63.515625	63.559896	Bb2	50	80	0	0	1428	P1-60-18	0	-
1061	63.582031	63.669271	Gb6	69	80	0	0	1430	P1-60-8	0	-
1062	63.644531	63.739583	Db6	73	80	0	0	1432	P1-60-9	0	-
1063	63.729167	63.789062	Bb4	63	80	0	0	1434	P1-60-22	0	-
1064	63.757812	63.839844	Db4	44	80	0	0	1434	P1-60-20	0	-
1065	63.770833	63.822917	Gb4	51	80	0	0	1434	P1-60-21	0	-
1066	63.791667	63.829427	F#3	44	80	0	0	1434	P1-60-19	1	-
1067	63.794271	63.850260	Db6	66	80	0	0	1436	P1-60-11	0	-
1068	63.865885	63.915365	Db7	77	80	0	0	1438	P1-60-12	0	-
1069	63.972656	64.029948	Cb3	53	80	0	0	1440	P1-61-13	0	-
1070	63.973958	64.013021	Bb5	71	80	0	0	1440	P1-61-1	0	-
1071	64.016927	64.065104	Bb6	73	80	0	0	1442	P1-61-2	0	-
1072	64.020833	64.089844	G#6	69	80	0	0	-1	*	3	-
1073	64.101562	64.152344	Eb6	65	80	0	0	1444	P1-61-3	0	-
1074	64.192708	64.235677	Bb6	69	80	0	0	1446	P1-61-4	0	-
1075	64.205729	64.292969	Ab4	57	80	0	0	1446	P1-61-16	0	-
1076	64.205729	64.329427	B3	50	80	0	0	1446	P1-61-14	1	-
1077	64.253906	64.298177	Eb4	43	80	0	0	1446	P1-61-15	0	-
1078	64.274740	64.322917	Ab5	69	80	0	0	1448	P1-61-5	0	-
1079	64.333333	64.386719	Ab6	81	80	0	0	1450	P1-61-6	0	-
1080	64.427083	64.509115	Bb5	75	80	0	0	1452	P1-61-7	0	-
1081	64.488281	64.533854	Bb6	74	80	0	0	1454	P1-61-8	0	-
1082	64.562500	64.618490	Eb6	68	80	0	0	1456	P1-61-9	0	-
1083	64.649740	64.712240	Bb6	73	80	0	0	1458	P1-61-10	0	-
1084	64.653646	64.696615	Cb3	61	80	0	0	1458	P1-61-17	0	-
1085	64.660156	64.718750	B1	57	80	0	0	-1	*	3	-
1086	64.744792	64.786458	Ab5	69	80	0	0	1460	P1-61-11	0	-
1087	64.744792	64.799479	Ab6	71	80	0	0	-1	*	3	-
1088	64.813802	64.863281	Ab6	76	80	0	0	1462	P1-61-12	0	-
1089	64.893229	64.989583	Bb5	73	80	0	0	1464	P1-62-1	0	-
1090	64.919271	64.979167	C3	54	80	0	0	1464	P1-62-13	0	-
1091	64.962240	65.014323	Bb6	79	80	0	0	1466	P1-62-2	0	-
1092	65.036458	65.095052	Eb6	71	80	0	0	1468	P1-62-3	0	-
1093	65.126302	65.194010	Bb6	72	80	0	0	1470	P1-62-4	0	-
1094	65.136719	65.229167	Ab3	57	80	0	0	1470	P1-62-14	0	-
1095	65.148438	65.208333	Eb4	49	80	0	0	1470	P1-62-15	0	-
1096	65.213542	65.256510	Ab5	71	80	0	0	1472	P1-62-5	0	-
1097	65.273438	65.326823	Ab6	78	80	0	0	1474	P1-62-6	0	-
1098	65.368490	65.449219	Bb5	71	80	0	0	1476	P1-62-7	0	-
1099	65.433594	65.484375	Bb6	73	80	0	0	1478	P1-62-8	0	-
1100	65.506510	65.558594	Eb6	66	80	0	0	1480	P1-62-9	0	-
1101	65.591146	65.653646	Bb6	70	80	0	0	1482	P1-62-10	0	-
1102	65.593750	65.643229	C3	48	80	0	0	1482	P1-62-18	0	-
1103	65.684896	65.769531	Ab5	64	80	0	0	1484	P1-62-11	0	-
1104	65.748698	65.815104	Ab6	66	80	0	0	1486	P1-62-12	0	-
1105	65.851562	65.903646	Db6	69	80	0	0	1488	P1-63-1	0	-
1106	65.860677	65.908854	C#2	47	80	0	0	-1	*	3	-
1107	65.861979	65.929688	Db3	49	80	0	0	1488	P1-63-13	0	-
1108	65.940104	65.994792	Bb6	66	80	0	0	1490	P1-63-2	0	-
1109	66.018229	66.029948	G#6	62	80	0	0	-1	*	3	-
1110	66.023438	66.119792	Ab5	66	80	0	0	1492	P1-63-3	0	-
1111	66.106771	66.165365	Ab6	68	80	0	0	1494	P1-63-4	0	-
1112	66.199219	66.247396	Db6	69	80	0	0	1496	P1-63-5	0	-
1113	66.270833	66.325521	Bb6	72	80	0	0	1498	P1-63-6	0	-
1114	66.361979	66.406250	Ab5	64	80	0	0	1500	P1-63-7	0	-
1115	66.393229	66.529948	Ab3	45	80	0	0	1500	P1-63-14	0	-
1116	66.442708	66.509115	Ab4	53	80	0	0	1500	P1-63-17	0	-
1117	66.445312	66.506510	Ab6	65	80	0	0	1502	P1-63-8	0	-
1118	66.535156	66.588542	Db6	69	80	0	0	1504	P1-63-9	0	-
1119	66.614583	66.664062	Bb6	64	80	0	0	1506	P1-63-10	0	-
1120	66.684896	66.769531	Ab5	56	80	0	0	1508	P1-63-11	0	-
1121	66.786458	66.848958	Ab6	66	80	0	0	1510	P1-63-12	0	-
1122	66.877604	66.914062	Db6	67	80	0	0	1512	P1-64-1	0	-
1123	66.906250	66.979167	Db5	57	80	0	0	1512	P1-64-15	0	-
1124	66.955729	67.019531	Gb4	46	80	0	0	1512	P1-64-13	0	-
1125	66.962240	67.000000	Bb6	62	80	0	0	1514	P1-64-2	0	-
1126	67.026042	67.078125	Ab5	61	80	0	0	1516	P1-64-3	0	-
1127	67.132812	67.200521	Ab6	68	80	0	0	1518	P1-64-4	0	-
1128	67.227865	67.283854	Db6	68	80	0	0	1520	P1-64-5	0	-
1129	67.324219	67.378906	Bb6	67	80	0	0	1522	P1-64-6	0	-
1130	67.421875	67.484375	Ab5	54	80	0	0	1524	P1-64-7	0	-
1131	67.528646	67.601562	Ab6	60	80	0	0	1526	P1-64-8	0	-
1132	67.645833	67.679688	C#7	58	80	0	0	1528	P1-64-9	1	-
1133	67.746094	67.815104	Bb6	59	80	0	0	1530	P1-64-10	0	-
1134	67.856771	68.079427	Ab5	54	80	0	0	1532	P1-64-11	0	-
1135	68.033854	68.250000	Ab6	64	80	0	0	1534	P1-64-12	0	-
1136	68.223958	68.529948	Db3	37	80	0	0	1536	P1-65-20	0	-
1137	68.427083	68.878906	Eb7	63	80	0	0	1536	P1-65-14	0	-
1138	68.486979	68.859375	Ab3	41	80	0	0	1536	P1-65-21	0	-
1139	68.652344	69.089844	Db4	42	80	0	0	1536	P1-65-22	0	-
1140	68.772135	68.968750	Gb4	44	80	0	0	1536	P1-65-23	0	-
1141	68.916667	68.989583	Db7	63	80	0	0	1539	P1-65-16	0	-
1142	69.040365	69.106771	Bb6	66	80	0	0	1540	P1-65-17	0	-
1143	69.138021	69.259115	Ab6	64	80	0	0	1542	P1-65-5	0	-
1144	69.234375	69.339844	Gb6	67	80	0	0	1544	P1-65-6	0	-
1145	69.335938	69.398438	Eb6	66	80	0	0	1546	P1-65-7	0	-
1146	69.446615	69.549479	Db6	63	80	0	0	1548	P1-65-8	0	-
1147	69.545573	69.669271	Bb5	63	80	0	0	1550	P1-65-9	0	-
1148	69.665365	69.829427	Ab5	62	80	0	0	1552	P1-65-10	0	-
1149	69.669271	69.679688	G#6	60	80	0	0	-1	*	3	-
1150	69.795573	69.949219	Gb5	55	80	0	0	1554	P1-65-11	0	-
1151	69.925781	70.049479	Eb5	55	80	0	0	1556	P1-65-12	0	-
1152	70.091146	70.147135	Db5	64	80	0	0	1558	P1-65-13	0	-
1153	70.244792	71.259115	Ab3	41	80	0	0	1560	P1-66-9	0	-
1154	70.417969	70.559896	Eb4	42	80	0	0	1572	P1-66-7	1	-
1155	70.522135	70.679688	F#4	37	80	0	0	1572	P1-66-6	1	-
1156	70.634115	72.000000	Ab4	53	80	0	0	1581	P1-66-3	0	-
1157	70.686198	71.158854	Gb4	47	80	0	0	1584	P1-67-9	0	-
1158	71.546875	72.000000	Bb4	49	80	0	0	1572	*	3	-
1159	71.605469	72.359375	Db4	28	80	0	0	1572	*	3	-
1160	72.333333	72.539062	Ab4	47	80	0	0	1581	*	3	-
1161	72.493490	72.679688	Gb4	43	80	0	0	1584	*	3	-
1162	72.536458	72.709635	Gb3	32	80	0	0	1584	*	3	-
1163	72.975260	73.149740	Db4	31	80	0	0	1590	P1-67-13	0	-
1164	73.217448	73.292969	Ab6	66	80	0	0	1596	P1-67-3	0	-
1165	73.222656	73.295573	Ab4	44	80	0	0	1596	P1-67-15	0	-
1166	73.225260	73.319010	Cb4	35	80	0	0	1596	P1-67-14	0	-
1167	73.299479	73.363281	Bb6	66	80	0	0	1598	P1-67-4	0	-
1168	73.395833	73.445312	Ab6	70	80	0	0	1600	P1-67-5	0	-
1169	73.471354	73.529948	Db6	64	80	0	0	1602	P1-67-6	0	-
1170	73.484375	73.552083	Ab3	41	80	0	0	1602	P1-67-16	0	-
1171	73.485677	73.609375	F4	35	80	0	0	1602	P1-67-17	0	-
1172	73.545573	73.588542	Db7	65	80	0	0	1604	P1-67-7	0	-
1173	73.631510	73.699219	Db6	64	80	0	0	1606	P1-67-8	0	-
1174	73.744792	73.829427	Db6	70	80	0	0	1608	P1-68-1	0	-
1175	73.747396	73.799479	Gb4	51	80	0	0	1608	P1-68-12	0	-
1176	73.751302	73.848958	Bb3	43	80	0	0	1608	P1-68-11	0	-
1177	73.812500	73.867188	Eb6	64	80	0	0	1610	P1-68-2	0	-
1178	73.908854	73.989583	Db6	60	80	0	0	1612	P1-68-3	0	-
1179	73.984375	74.023438	Gb5	58	80	0	0	1614	P1-68-4	0	-
1180	74.055990	74.104167	Gb6	62	80	0	0	1616	P1-68-5	0	-
1181	74.135417	74.186198	Gb5	63	80	0	0	1618	P1-68-6	0	-
1182	74.235677	74.319010	Ab4	53	80	0	0	1620	P1-68-15	0	-
1183	74.242188	74.289062	Ab5	69	80	0	0	1620	P1-68-7	0	-
1184	74.311198	74.386719	Bb5	68	80	0	0	1622	P1-68-8	0	-
1185	74.393229	74.453125	Ab5	69	80	0	0	1624	P1-68-9	0	-
1186	74.492188	74.526042	Db5	60	80	0	0	1626	P1-68-10	0	-
1187	74.509115	74.589844	F4	37	80	0	0	1626	P1-68-17	0	-
1188	74.511719	74.579427	Ab3	39	80	0	0	1626	P1-68-16	0	-
1189	74.522135	74.658854	F3	33	80	0	0	-1	*	3	-
1190	74.738281	74.750000	F#5	48	80	0	0	-1	*	3	-
1191	74.753906	74.875000	Gb4	43	80	0	0	1632	P1-69-15	0	-
1192	74.799479	74.871094	Bb3	35	80	0	0	1632	P1-69-14	0	-
1193	74.839844	74.885417	Gb5	53	80	0	0	1634	P1-69-2	0	-
1194	74.915365	74.963542	Ab5	70	80	0	0	1636	P1-69-3	0	-
1195	74.990885	75.039062	Bb5	68	80	0	0	1638	P1-69-4	0	-
1196	75.074219	75.131510	Ab5	65	80	0	0	1640	P1-69-5	0	-
1197	75.152344	75.199219	Gb5	63	80	0	0	1642	P1-69-6	0	-
1198	75.248698	75.311198	Eb4	59	80	0	0	1644	P1-69-19	0	-
1199	75.252604	75.321615	Db5	61	80	0	0	1644	P1-69-7	0	-
1200	75.329427	75.339844	G#6	70	80	0	0	-1	*	3	-
1201	75.332031	75.385417	Ab5	70	80	0	0	1646	P1-69-8	0	-
1202	75.412760	75.467448	Db6	71	80	0	0	1648	P1-69-9	0	-
1203	75.490885	75.550781	Eb6	68	80	0	0	1650	P1-69-10	0	-
1204	75.513021	75.628906	Db4	59	80	0	0	1650	P1-69-21	0	-
1205	75.524740	75.609375	Db3	51	80	0	0	1650	P1-69-20	0	-
1206	75.571615	75.625000	Db6	70	80	0	0	1652	P1-69-11	0	-
1207	75.651042	75.705729	Ab5	71	80	0	0	1654	P1-69-12	0	-
1208	75.739583	75.794271	Gb5	68	80	0	0	1656	P1-70-1	0	-
1209	75.753906	75.848958	Eb4	52	80	0	0	1656	P1-70-15	0	-
1210	75.761719	75.878906	Bb3	54	80	0	0	1656	P1-70-14	0	-
1211	75.765625	75.889323	Gb3	48	80	0	0	1656	P1-70-13	0	-
1212	75.825521	75.890625	Db6	75	80	0	0	1658	P1-70-2	0	-
1213	75.912760	75.964844	Gb6	71	80	0	0	1660	P1-70-3	0	-
1214	76.003906	76.072917	Ab6	75	80	0	0	1662	P1-70-4	0	-
1215	76.006510	76.055990	Db3	50	80	0	0	1662	P1-70-16	0	-
1216	76.065104	76.125000	Gb6	67	80	0	0	1664	P1-70-5	0	-
1217	76.141927	76.204427	Eb6	67	80	0	0	1666	P1-70-6	0	-
1218	76.229167	76.274740	Db6	75	80	0	0	1668	P1-70-7	0	-
1219	76.236979	76.292969	Eb4	55	80	0	0	1668	P1-70-20	0	-
1220	76.250000	76.342448	F3	51	80	0	0	1668	P1-70-18	0	-
1221	76.253906	76.345052	Cb4	49	80	0	0	1668	P1-70-19	0	-
1222	76.319010	76.382812	Ab6	77	80	0	0	1670	P1-70-8	0	-
1223	76.395833	76.549479	Db7	73	80	0	0	1672	P1-70-9	0	-
1224	76.486979	76.536458	Eb7	71	80	0	0	1674	P1-70-10	0	-
1225	76.513021	76.609375	Db3	48	80	0	0	1674	P1-70-21	0	-
1226	76.563802	76.658854	Db7	71	80	0	0	1676	P1-70-11	0	-
1227	76.644531	76.709635	Ab6	79	80	0	0	1678	P1-70-12	0	-
1228	76.736979	76.789062	Gb6	71	80	0	0	1680	P1-71-1	0	-
1229	76.743490	76.959635	Bb3	57	80	0	0	1680	P1-71-13	0	-
1230	76.747396	77.009115	Gb3	54	80	0	0	1680	P1-71-20	0	-
1231	76.813802	76.908854	Ab6	68	80	0	0	1682	P1-71-2	0	-
1232	76.885417	76.953125	Gb6	78	80	0	0	1684	P1-71-3	0	-
1233	76.977865	77.109375	Db6	71	80	0	0	1686	P1-71-4	0	-
1234	77.013021	77.119792	Db4	49	80	0	0	1686	P1-71-15	0	-
1235	77.121094	77.209635	Db6	68	80	0	0	1690	P1-71-6	0	-
1236	77.221354	77.359375	Db6	73	80	0	0	1692	P1-71-7	0	-
1237	77.223958	77.348958	G#3	51	80	0	0	-1	*	3	-
1238	77.225260	77.332031	Cb4	44	80	0	0	1692	P1-71-16	0	-
1239	77.296875	77.354167	Eb6	71	80	0	0	1694	P1-71-8	0	-
1240	77.364583	77.442708	Db6	69	80	0	0	1696	P1-71-9	0	-
1241	77.454427	77.502604	Ab5	72	80	0	0	1698	P1-71-10	0	-
1242	77.464844	77.468750	Ab6	74	80	0	0	1700	P1-71-11	0	-
1243	77.484375	77.544271	Ab3	47	80	0	0	1698	P1-71-18	0	-
1244	77.600260	77.658854	Ab5	58	80	0	0	1702	P1-71-12	0	-
1245	77.696615	77.709635	Ab6	65	80	0	0	-1	*	3	-
1246	77.699219	77.753906	Ab5	72	80	0	0	1704	P1-72-1	0	-
1247	77.704427	77.757812	Bb3	41	80	0	0	1704	P1-72-8	0	-
1248	77.764323	77.779948	Gb3	39	80	0	0	1704	P1-72-15	0	-
1249	77.768229	77.826823	Bb5	72	80	0	0	1706	P1-72-2	0	-
1250	77.843750	77.889323	G#6	75	80	0	0	-1	*	3	-
1251	77.845052	77.885417	Ab5	71	80	0	0	1708	P1-72-3	0	-
1252	77.850260	77.859375	F#3	42	80	0	0	-1	*	3	-
1253	77.925781	77.977865	Gb5	65	80	0	0	1710	P1-72-4	0	-
1254	77.950521	77.985677	C#5	52	80	0	0	-1	*	3	-
1255	77.984375	78.169271	Db4	45	80	0	0	1710	P1-72-10	0	-
1256	77.997396	78.044271	Gb6	64	80	0	0	1712	P1-72-5	0	-
1257	78.066406	78.122396	Gb5	66	80	0	0	1714	P1-72-6	0	-
1258	78.201823	78.529948	Db5	65	80	0	0	1716	P1-72-7	0	-
1259	78.244792	78.378906	Ab4	40	80	0	0	1716	P1-72-12	0	-
1260	78.292969	78.369792	Cb4	30	80	0	0	1716	P1-72-11	0	-
1261	78.473958	78.579427	F4	38	80	0	0	1722	P1-72-14	0	-
1262	78.493490	78.598958	Ab3	40	80	0	0	1722	P1-72-13	0	-
1263	78.738281	78.919271	Gb4	45	80	0	0	1728	P1-73-15	0	-
1264	78.751302	78.949219	Bb3	46	80	0	0	1728	P1-73-14	0	-
1265	78.821615	78.919271	Gb5	60	80	0	0	1730	P1-73-2	0	-
1266	78.894531	78.955729	Ab5	69	80	0	0	1732	P1-73-3	0	-
1267	78.954427	79.059896	Bb3	46	80	0	0	-1	*	3	-
1268	78.963542	79.019531	Bb5	70	80	0	0	1734	P1-73-4	0	-
1269	79.010417	79.072917	Db4	50	80	0	0	1734	P1-73-16	0	-
1270	79.042969	79.097656	Ab5	65	80	0	0	1736	P1-73-5	0	-
1271	79.117188	79.183594	Gb5	68	80	0	0	1738	P1-73-6	0	-
1272	79.197917	79.289062	Db5	67	80	0	0	1740	P1-73-7	0	-
1273	79.212240	79.294271	Eb4	62	80	0	0	1740	P1-73-19	0	-
1274	79.234375	79.294271	Cb4	55	80	0	0	1740	P1-73-18	0	-
1275	79.252604	79.307292	F3	49	80	0	0	1740	P1-73-17	0	-
1276	79.290365	79.346354	Ab5	71	80	0	0	1742	P1-73-8	0	-
1277	79.356771	79.436198	Db6	71	80	0	0	1744	P1-73-9	0	-
1278	79.441406	79.559896	Eb6	74	80	0	0	1746	P1-73-10	0	-
1279	79.471354	79.598958	Db4	62	80	0	0	1746	P1-73-21	0	-
1280	79.476562	79.527344	Db3	65	80	0	0	1746	P1-73-20	0	-
1281	79.515625	79.598958	Db6	76	80	0	0	1748	P1-73-11	0	-
1282	79.604167	79.656250	Ab5	71	80	0	0	1750	P1-73-12	0	-
1283	79.694010	79.750000	Gb5	67	80	0	0	1752	P1-74-1	0	-
1284	79.694010	79.748698	Eb4	59	80	0	0	1752	P1-74-15	0	-
1285	79.700521	79.753906	Bb3	58	80	0	0	1752	P1-74-14	0	-
1286	79.714844	79.819010	Gb3	48	80	0	0	1752	P1-74-13	0	-
1287	79.774740	79.856771	Db6	75	80	0	0	1754	P1-74-2	0	-
1288	79.859375	79.933594	Gb6	78	80	0	0	1756	P1-74-3	0	-
1289	79.950521	80.016927	Ab6	80	80	0	0	1758	P1-74-4	0	-
1290	79.962240	80.003906	Db3	64	80	0	0	1758	P1-74-16	0	-
1291	79.973958	80.039062	Db4	56	80	0	0	1758	P1-74-17	0	-
1292	80.019531	80.092448	Gb6	81	80	0	0	1760	P1-74-5	0	-
1293	80.101562	80.177083	Db6	80	80	0	0	1762	P1-74-6	0	-
1294	80.190104	80.246094	Ab5	72	80	0	0	1764	P1-74-7	0	-
1295	80.200521	80.252604	Eb4	61	80	0	0	1764	P1-74-20	0	-
1296	80.229167	80.299479	Cb4	38	80	0	0	1764	P1-74-19	0	-
1297	80.256510	80.339844	Db6	78	80	0	0	1766	P1-74-8	0	-
1298	80.343750	80.424479	Ab6	83	80	0	0	1768	P1-74-9	0	-
1299	80.423177	80.536458	Bb6	88	80	0	0	1770	P1-74-10	0	-
1300	80.429688	80.539062	Db4	71	80	0	0	1770	P1-74-22	0	-
1301	80.451823	80.598958	Db3	61	80	0	0	1770	P1-74-21	0	-
1302	80.514323	80.580729	Ab6	82	80	0	0	1772	P1-74-11	0	-
1303	80.582031	80.819010	Gb3	72	80	0	0	1776	P1-75-13	0	-
1304	80.589844	80.640625	Db6	77	80	0	0	1774	P1-74-12	0	-
1305	80.636719	80.679688	Db4	57	80	0	0	-1	*	3	-
1306	80.686198	80.949219	Bb3	75	80	0	0	-1	*	3	-
1307	80.687500	80.919271	Db4	72	80	0	0	1776	P1-75-14	0	-
1308	80.687500	80.751302	Bb6	95	80	0	0	1776	P1-75-1	0	-
1309	80.694010	80.734375	Bb4	84	80	0	0	1776	P1-75-15	0	-
1310	80.769531	80.842448	Db6	86	80	0	0	1778	P1-75-2	0	-
1311	80.841146	80.917969	Ab6	88	80	0	0	1780	P1-75-3	0	-
1312	80.912760	80.979167	Bb4	61	80	0	0	-1	*	3	-
1313	80.954427	81.020833	Bb5	83	80	0	0	1782	P1-75-4	0	-
1314	81.023438	81.093750	Ab6	93	80	0	0	1784	P1-75-5	0	-
1315	81.091146	81.165365	Db6	82	80	0	0	1786	P1-75-6	0	-
1316	81.158854	81.221354	Gb6	88	80	0	0	1788	P1-75-7	0	-
1317	81.225260	81.283854	Bb5	76	80	0	0	1790	P1-75-8	0	-
1318	81.235677	81.369792	Db3	61	80	0	0	1794	P1-75-17	0	-
1319	81.283854	81.429688	Ab3	54	80	0	0	1794	P1-75-18	0	-
1320	81.334635	81.395833	Eb6	82	80	0	0	1792	P1-75-9	0	-
1321	81.372396	81.464844	Cb4	67	80	0	0	1794	P1-75-19	0	-
1322	81.382812	81.446615	Ab5	77	80	0	0	1794	P1-75-10	0	-
1323	81.394531	81.468750	F4	62	80	0	0	1794	P1-75-20	0	-
1324	81.457031	81.541667	Db6	89	80	0	0	1796	P1-75-11	0	-
1325	81.488281	81.598958	Gb3	65	80	0	0	-1	*	3	-
1326	81.545573	81.669271	Db5	76	80	0	0	1798	P1-75-12	0	-
1327	81.563802	81.640625	Bb3	73	80	0	0	1800	P1-76-14	0	-
1328	81.606771	81.669271	Gb4	75	80	0	0	1800	P1-76-15	0	-
1329	81.606771	81.739583	C#4	75	80	0	0	-1	*	3	-
1330	81.613281	81.859375	Gb3	78	80	0	0	1800	P1-76-13	0	-
1331	81.639323	81.750000	Bb5	91	80	0	0	1800	P1-76-1	0	-
1332	81.678385	81.799479	Db5	76	80	0	0	1802	P1-76-2	0	-
1333	81.764323	81.830729	Ab5	79	80	0	0	1804	P1-76-3	0	-
1334	81.855469	81.903646	Bb4	68	80	0	0	1806	P1-76-4	0	-
1335	81.944010	81.994792	Ab5	69	80	0	0	1808	P1-76-5	0	-
1336	82.010417	82.074219	Db5	76	80	0	0	1810	P1-76-6	0	-
1337	82.020833	82.136719	Bb3	61	80	0	0	-1	*	3	-
1338	82.084635	82.148438	Gb5	72	80	0	0	1812	P1-76-7	0	-
1339	82.148438	82.209635	Bb5	71	80	0	0	-1	*	3	-
1340	82.149740	82.229167	Bb4	71	80	0	0	1814	P1-76-8	0	-
1341	82.256510	82.269531	F#4	63	80	0	0	-1	*	3	-
1342	82.264323	82.359375	Cb3	72	80	0	0	1818	P1-76-18	0	-
1343	82.272135	82.389323	Eb5	75	80	0	0	1816	P1-76-9	0	-
1344	82.332031	82.412760	Ab4	77	80	0	0	1818	P1-76-10	0	-
1345	82.401042	82.598958	Db5	78	80	0	0	1820	P1-76-11	0	-
1346	82.449219	82.559896	Gb2	70	80	0	0	1824	P1-77-13	0	-
1347	82.511719	82.597656	Bb2	67	80	0	0	1824	P1-77-14	0	-
1348	82.576823	82.759115	C#3	86	80	0	0	1822	P1-76-12	1	-
1349	82.584635	82.699219	Bb3	74	80	0	0	-1	*	3	-
1350	82.588542	82.718750	Bb4	81	80	0	0	1824	P1-77-1	0	-
1351	82.598958	82.683594	Db4	75	80	0	0	1826	P1-77-2	0	-
1352	82.709635	82.809896	Ab4	79	80	0	0	1828	P1-77-3	0	-
1353	82.800781	82.855469	Bb3	66	80	0	0	1830	P1-77-4	0	-
1354	82.815104	82.869792	Bb2	69	80	0	0	-1	*	3	-
1355	82.867188	82.914062	Ab4	73	80	0	0	1832	P1-77-5	0	-
1356	82.936198	82.996094	Db4	69	80	0	0	1834	P1-77-6	0	-
1357	82.998698	83.169271	Gb4	70	80	0	0	1836	P1-77-7	0	-
1358	83.204427	83.274740	Eb4	64	80	0	0	1840	P1-77-9	0	-
1359	83.234375	83.389323	Ab3	55	80	0	0	1842	P1-77-10	0	-
1360	83.295573	83.475260	Db4	68	80	0	0	1844	P1-77-11	0	-
1361	83.479167	83.649740	Bb3	70	80	0	0	1848	P1-78-1	0	-
1362	83.485677	83.759115	Gb2	77	80	0	0	1848	P1-78-14	0	-
1363	83.485677	83.649740	Gb1	75	80	0	0	1848	P1-78-13	0	-
1364	83.561198	83.789062	Gb3	73	80	0	0	1850	P1-78-2	0	-
1365	83.662760	83.819010	Bb3	58	80	0	0	-1	*	3	-
1366	83.735677	83.929688	Db3	67	80	0	0	1854	P1-78-4	0	-
1367	83.742188	83.880208	Eb4	66	80	0	0	1852	P1-78-3	0	-
1368	83.765625	83.848958	Db2	64	80	0	0	-1	*	3	-
1369	83.833333	83.968750	Db4	62	80	0	0	1856	P1-78-5	0	-
1370	83.854167	84.049479	Db2	62	80	0	0	1854	P1-78-15	0	-
1371	83.903646	83.975260	Ab3	69	80	0	0	1858	P1-78-6	0	-
1372	83.989583	84.229167	Bb3	71	80	0	0	1860	P1-78-7	0	-
1373	83.993490	84.259115	Gb2	73	80	0	0	1860	P1-78-17	0	-
1374	83.997396	84.239583	Gb1	71	80	0	0	1860	P1-78-16	0	-
1375	84.091146	84.269531	Gb3	73	80	0	0	1862	P1-78-8	0	-
1376	84.173177	84.699219	Db3	70	80	0	0	1866	P1-78-10	0	-
1377	84.253906	84.419271	Eb4	70	80	0	0	1864	P1-78-9	0	-
1378	84.402344	84.559896	Ab3	77	80	0	0	1870	P1-78-12	0	-
1379	84.481771	84.699219	Bb3	76	80	0	0	1872	P1-79-1	0	-
1380	84.503906	84.929688	Gb2	92	80	0	0	1872	P1-79-15	0	-
1381	84.510417	85.009115	Gb1	91	80	0	0	1872	P1-79-14	0	-
1382	84.779948	84.959635	Db4	70	80	0	0	1878	P1-79-3	0	-
1383	84.785156	84.876302	Bb3	72	80	0	0	1878	P1-79-2	0	-
1384	84.891927	84.962240	Ab3	67	80	0	0	1880	P1-79-4	0	-
1385	84.963542	85.059896	Gb3	68	80	0	0	1882	P1-79-5	0	-
1386	85.065104	85.218750	Gb4	73	80	0	0	1884	P1-79-7	0	-
1387	85.070312	85.158854	F#3	72	80	0	0	-1	*	3	-
1388	85.085938	85.209635	Eb4	70	80	0	0	1884	P1-79-6	0	-
1389	85.164062	85.269531	F#3	67	80	0	0	1890	P1-79-18	1	-
1390	85.171875	85.299479	Db4	73	80	0	0	1886	P1-79-8	0	-
1391	85.231771	85.369792	Bb3	75	80	0	0	1888	P1-79-9	0	-
1392	85.246094	85.438802	Db3	76	80	0	0	1892	P1-79-19	0	-
1393	85.337240	85.479167	F#3	71	80	0	0	1890	P1-79-10	1	-
1394	85.342448	85.500000	Bb4	82	80	0	0	1890	P1-79-11	0	-
1395	85.438802	85.559896	Eb4	70	80	0	0	1892	P1-79-12	0	-
1396	85.502604	85.509115	C#5	68	80	0	0	1894	P1-79-13	1	-
1397	85.611979	85.705729	Db5	82	80	0	0	1896	P1-80-2	0	-
1398	85.615885	85.750000	Bb4	76	80	0	0	1896	P1-80-1	0	-
1399	85.615885	85.683594	Gb2	77	80	0	0	1896	P1-80-17	0	-
1400	85.705729	85.839844	Ab4	76	80	0	0	1898	P1-80-3	0	-
1401	85.891927	85.971354	Gb5	81	80	0	0	1902	P1-80-6	0	-
1402	85.893229	86.079427	Bb2	79	80	0	0	1902	P1-80-20	0	-
1403	85.898438	85.975260	Eb5	80	80	0	0	1902	P1-80-5	0	-
1404	85.975260	86.069010	Db5	80	80	0	0	1904	P1-80-7	0	-
1405	86.134115	86.204427	Eb3	77	80	0	0	1908	P1-80-23	1	-
1406	86.145833	86.261719	Bb5	92	80	0	0	1908	P1-80-10	0	-
1407	86.156250	86.309896	Gb5	75	80	0	0	1908	P1-80-9	0	-
1408	86.252604	86.378906	Eb5	76	80	0	0	1910	P1-80-11	0	-
1409	86.319010	86.408854	Db5	74	80	0	0	1912	P1-80-12	0	-
1410	86.425781	86.506510	Db6	86	80	0	0	1914	P1-80-14	0	-
1411	86.433594	86.539062	Gb3	72	80	0	0	1914	P1-80-26	0	-
1412	86.434896	86.514323	Bb5	83	80	0	0	1914	P1-80-13	0	-
1413	86.514323	86.598958	Ab5	68	80	0	0	1916	P1-80-15	0	-
1414	86.520833	86.579427	G#4	70	80	0	0	1918	P1-80-28	1	-
1415	86.682292	86.848958	Bb3	71	80	0	0	1920	P1-81-17	0	-
1416	86.687500	86.802083	Gb6	85	80	0	0	1920	P1-81-2	0	-
1417	86.694010	86.809896	Eb6	70	80	0	0	1920	P1-81-1	0	-
1418	86.774740	86.869792	Db6	75	80	0	0	1922	P1-81-3	0	-
1419	86.776042	86.820312	Db5	73	80	0	0	1924	P1-81-19	0	-
1420	86.845052	86.938802	Bb5	73	80	0	0	1924	P1-81-4	0	-
1421	86.949219	87.079427	Bb6	91	80	0	0	1926	P1-81-6	0	-
1422	86.953125	87.029948	Bb4	68	80	0	0	1928	P1-81-21	0	-
1423	86.971354	87.088542	Gb6	79	80	0	0	1926	P1-81-5	0	-
1424	86.973958	87.033854	Eb4	71	80	0	0	-1	*	3	-
1425	87.055990	87.114583	Eb6	68	80	0	0	1928	P1-81-7	0	-
1426	87.106771	87.209635	Gb5	71	80	0	0	1930	P1-81-22	0	-
1427	87.125000	87.279948	Db6	76	80	0	0	1930	P1-81-8	0	-
1428	87.221354	87.348958	Gb4	75	80	0	0	1932	P1-81-23	0	-
1429	87.227865	87.369792	Eb6	78	80	0	0	1932	P1-81-9	0	-
1430	87.229167	87.317708	Gb6	85	80	0	0	1932	P1-81-10	0	-
1431	87.342448	87.438802	Db6	73	80	0	0	1934	P1-81-11	0	-
1432	87.347656	87.408854	Bb5	66	80	0	0	-1	*	3	-
1433	87.351562	87.429688	Gb5	65	80	0	0	1936	P1-81-25	0	-
1434	87.415365	87.569010	Bb5	73	80	0	0	1936	P1-81-12	0	-
1435	87.503906	87.619792	Bb6	90	80	0	0	1938	P1-81-14	0	-
1436	87.510417	87.613281	Db4	63	80	0	0	1938	P1-81-26	0	-
1437	87.513021	87.589844	Gb6	81	80	0	0	1938	P1-81-13	0	-
1438	87.516927	87.619792	C#6	72	80	0	0	-1	*	3	-
1439	87.596354	87.658854	Eb6	68	80	0	0	1940	P1-81-15	0	-
1440	87.602865	87.660156	F#6	64	80	0	0	-1	*	3	-
1441	87.657552	87.799479	Gb5	70	80	0	0	1942	P1-81-28	0	-
1442	87.664062	87.829427	Db6	74	80	0	0	1942	P1-81-16	0	-
1443	87.765625	87.779948	Gb4	66	80	0	0	1944	P1-82-17	0	-
1444	87.766927	87.938802	Gb6	87	80	0	0	1944	P1-82-2	0	-
1445	87.768229	87.824219	Eb6	72	80	0	0	1944	P1-82-1	0	-
1446	87.865885	87.933594	Db6	75	80	0	0	1946	P1-82-3	0	-
1447	87.940104	88.119792	Bb5	80	80	0	0	1948	P1-82-4	0	-
1448	88.033854	88.179688	Db4	59	80	0	0	1950	P1-82-20	0	-
1449	88.035156	88.149740	Bb6	86	80	0	0	1950	P1-82-6	0	-
1450	88.046875	88.152344	Gb6	74	80	0	0	1950	P1-82-5	0	-
1451	88.114583	88.199219	Bb3	59	80	0	0	1952	P1-82-21	1	-
1452	88.125000	88.195312	Eb6	69	80	0	0	1952	P1-82-7	0	-
1453	88.197917	88.348958	Gb5	66	80	0	0	1954	P1-82-22	0	-
1454	88.203125	88.339844	Db6	76	80	0	0	1954	P1-82-8	0	-
1455	88.311198	88.468750	Gb6	86	80	0	0	1956	P1-82-10	0	-
1456	88.313802	88.459635	Eb6	76	80	0	0	1956	P1-82-9	0	-
1457	88.313802	88.419271	Gb4	68	80	0	0	1956	P1-82-23	0	-
1458	88.403646	88.486979	Db6	75	80	0	0	1958	P1-82-11	0	-
1459	88.488281	88.639323	Bb5	74	80	0	0	1960	P1-82-12	0	-
1460	88.572917	88.631510	Bb6	84	80	0	0	1962	P1-82-14	0	-
1461	88.575521	88.609375	C#5	63	80	0	0	1962	P1-82-26	1	-
1462	88.587240	88.739583	Gb6	76	80	0	0	1962	P1-82-13	0	-
1463	88.611979	88.619792	C#6	63	80	0	0	1964	P1-82-15	1	-
1464	88.682292	88.759115	Gb5	56	80	0	0	1964	P1-82-27	1	-
1465	88.705729	88.799479	Db6	73	80	0	0	1966	P1-82-16	0	-
1466	88.824219	88.878906	Gb5	79	80	0	0	1966	P1-82-28	0	-
1467	88.826823	88.908854	Gb6	84	80	0	0	1968	P1-83-2	0	-
1468	88.833333	88.876302	Bb5	85	80	0	0	1968	P1-83-1	0	-
1469	88.833333	88.869792	Bb6	81	80	0	0	-1	*	3	-
1470	88.835938	88.899740	Bb3	60	80	0	0	1968	P1-83-24	1	-
1471	89.024740	89.079427	Gb4	69	80	0	0	1972	P1-83-27	0	-
1472	89.024740	89.089844	Gb3	63	80	0	0	1972	P1-83-26	0	-
1473	89.024740	89.079427	Gb5	76	80	0	0	1972	P1-83-4	0	-
1474	89.032552	89.089844	Gb6	72	80	0	0	1972	P1-83-5	0	-
1475	89.121094	89.151042	Eb4	81	80	0	0	1974	P1-83-29	0	-
1476	89.123698	89.154948	Eb6	75	80	0	0	1974	P1-83-7	0	-
1477	89.125000	89.179688	Eb5	74	80	0	0	1974	P1-83-6	0	-
1478	89.126302	89.188802	Eb3	81	80	0	0	1974	P1-83-28	0	-
1479	89.131510	89.179688	C#6	76	80	0	0	-1	*	3	-
1480	89.230469	89.289062	Db5	81	80	0	0	1976	P1-83-8	0	-
1481	89.231771	89.239583	C#7	82	80	0	0	-1	*	3	-
1482	89.231771	89.299479	Db6	82	80	0	0	1976	P1-83-9	0	-
1483	89.234375	89.272135	Db4	80	80	0	0	1976	P1-83-31	0	-
1484	89.246094	89.367188	Db3	71	80	0	0	1976	P1-83-30	0	-
1485	89.341146	89.371094	Bb4	76	80	0	0	1978	P1-83-10	0	-
1486	89.342448	89.375000	Bb5	75	80	0	0	1978	P1-83-11	0	-
1487	89.343750	89.399740	Bb3	81	80	0	0	1978	P1-83-33	0	-
1488	89.347656	89.438802	Bb2	73	80	0	0	1978	P1-83-32	0	-
1489	89.454427	89.496094	Ab3	85	80	0	0	1980	P1-83-35	0	-
1490	89.455729	89.468750	G#6	82	80	0	0	-1	*	3	-
1491	89.455729	89.539062	Ab5	80	80	0	0	1980	P1-83-13	0	-
1492	89.458333	89.539062	Ab2	82	80	0	0	1980	P1-83-34	0	-
1493	89.458333	89.529948	Ab4	85	80	0	0	1980	P1-83-12	0	-
1494	89.565104	89.628906	Gb3	80	80	0	0	1982	P1-83-37	0	-
1495	89.566406	89.628906	Gb4	78	80	0	0	1982	P1-83-14	0	-
1496	89.567708	89.619792	Gb5	81	80	0	0	1982	P1-83-15	0	-
1497	89.571615	89.615885	Gb2	80	80	0	0	1982	P1-83-36	0	-
1498	89.675781	89.739583	Eb4	79	80	0	0	1984	P1-83-16	0	-
1499	89.675781	89.725260	Eb3	86	80	0	0	1984	P1-83-39	0	-
1500	89.678385	89.688802	Eb2	83	80	0	0	1984	P1-83-38	0	-
1501	89.679688	89.714844	Eb5	79	80	0	0	1984	P1-83-17	0	-
1502	89.683594	89.688802	C#6	81	80	0	0	-1	*	3	-
1503	89.785156	89.889323	Db3	79	80	0	0	1986	P1-83-41	0	-
1504	89.785156	89.878906	Db4	72	80	0	0	1986	P1-83-18	0	-
1505	89.785156	89.869792	C#6	73	80	0	0	-1	*	3	-
1506	89.786458	89.825521	Db5	71	80	0	0	1986	P1-83-19	0	-
1507	89.886719	89.930990	Bb2	84	80	0	0	1988	P1-83-43	0	-
1508	89.886719	89.936198	Bb3	75	80	0	0	1988	P1-83-20	0	-
1509	89.891927	89.941406	Bb4	67	80	0	0	1988	P1-83-21	0	-
1510	89.894531	89.959635	Bb5	69	80	0	0	-1	*	3	-
1511	89.993490	90.128906	Ab2	81	80	0	0	1990	P1-83-45	0	-
1512	89.993490	90.105469	Ab3	77	80	0	0	1990	P1-83-22	0	-
1513	90.001302	90.119792	Ab4	72	80	0	0	1990	P1-83-23	0	-
1514	90.083333	90.169271	Gb3	83	80	0	0	1992	P1-84-1	0	-
1515	90.084635	90.169271	Gb2	91	80	0	0	1992	P1-84-9	0	-
1516	90.087240	90.144531	Gb1	87	80	0	0	1992	P1-84-8	0	-
1517	90.095052	90.158854	Db6	72	80	0	0	1992	P1-84-2	1	-
1518	90.733073	90.989583	Gb3	78	80	0	0	2004	P1-84-11	0	-
1519	90.733073	90.878906	F#4	87	80	0	0	2004	*	3	-
1520	90.733073	90.839844	Bb5	92	80	0	0	2004	P1-84-4	0	-
1521	90.734375	90.869792	Gb6	87	80	0	0	2004	P1-84-6	0	-
1522	90.734375	90.878906	Bb6	94	80	0	0	2004	P1-84-7	0	-
1523	90.735677	90.839844	Db6	90	80	0	0	2004	P1-84-5	0	-
1524	90.735677	90.785156	Bb4	87	80	0	0	2004	P1-84-13	0	-
1525	90.735677	90.899740	Bb3	76	80	0	0	2004	*	3	-
1526	90.740885	90.869792	Db4	75	80	0	0	2004	P1-84-12	0	-
1527	91.346354	93.000000	Bb3	81	80	0	0	1992	*	3	-
1528	91.347656	92.500000	Gb4	81	80	0	0	1992	*	3	-
1529	91.347656	92.559896	Gb3	83	80	0	0	1992	*	3	-
1530	91.352865	93.059896	Gb2	88	80	0	0	1992	*	3	-
1531	91.354167	93.089844	Gb1	83	80	0	0	1992	*	3	-
1532	91.354167	91.899740	Db4	78	80	0	0	2004	*	3	-
//Missing 0	P1-1-1
//Missing 0	P1-1-13
//Missing 0	P1-1-14
//Missing 0	P1-1-15
//Missing 0	P1-1-16
//Missing 24	P1-2-14
//Missing 36	P1-2-19
//Missing 36	P1-2-20
//Missing 48	P1-3-13
//Missing 54	P1-3-15
//Missing 60	P1-3-7
//Missing 74	P1-4-2
//Missing 78	P1-4-14
//Missing 78	P1-4-15
//Missing 96	P1-5-15
//Missing 96	P1-5-16
//Missing 102	P1-5-17
//Missing 108	P1-5-24
//Missing 120	P1-6-14
//Missing 126	P1-6-15
//Missing 126	P1-6-17
//Missing 132	P1-6-19
//Missing 132	P1-6-20
//Missing 140	P1-6-11
//Missing 170	P1-8-2
//Missing 174	P1-8-16
//Missing 198	P1-9-20
//Missing 216	P1-10-14
//Missing 222	P1-10-17
//Missing 228	P1-10-19
//Missing 228	P1-10-20
//Missing 240	P1-11-13
//Missing 246	P1-11-16
//Missing 246	P1-11-17
//Missing 252	P1-11-7
//Missing 270	P1-12-14
//Missing 270	P1-12-15
//Missing 272	P1-12-5
//Missing 288	P1-13-15
//Missing 294	P1-13-17
//Missing 294	P1-13-20
//Missing 300	P1-13-24
//Missing 312	P1-14-14
//Missing 318	P1-14-16
//Missing 318	P1-14-17
//Missing 324	P1-14-20
//Missing 334	P1-14-12
//Missing 342	P1-15-15
//Missing 362	P1-16-2
//Missing 382	P1-16-12
//Missing 384	P1-17-14
//Missing 384	P1-17-15
//Missing 390	P1-17-17
//Missing 390	P1-17-18
//Missing 392	P1-17-5
//Missing 402	P1-17-23
//Missing 408	P1-18-12
//Missing 408	P1-18-13
//Missing 414	P1-18-15
//Missing 416	P1-18-5
//Missing 438	P1-19-16
//Missing 468	P1-20-17
//Missing 474	P1-20-10
//Missing 474	P1-20-18
//Missing 486	P1-21-14
//Missing 486	P1-21-15
//Missing 492	P1-21-18
//Missing 492	P1-21-19
//Missing 494	P1-21-8
//Missing 498	P1-21-21
//Missing 500	P1-21-11
//Missing 504	P1-22-12
//Missing 504	P1-22-13
//Missing 510	P1-22-15
//Missing 512	P1-22-5
//Missing 516	P1-22-17
//Missing 518	P1-22-8
//Missing 534	P1-23-16
//Missing 552	P1-24-13
//Missing 558	P1-24-15
//Missing 558	P1-24-16
//Missing 582	P1-25-16
//Missing 614	P1-26-8
//Missing 630	P1-27-16
//Missing 670	P1-28-12
//Missing 672	P1-29-14
//Missing 678	P1-29-17
//Missing 686	P1-29-8
//Missing 710	P1-30-8
//Missing 726	P1-31-15
//Missing 734	P1-31-8
//Missing 738	P1-31-20
//Missing 752	P1-32-5
//Missing 756	P1-32-7
//Missing 764	P1-32-11
//Missing 768	P1-33-1
//Missing 864	P1-37-13
//Missing 864	P1-37-14
//Missing 898	P1-38-6
//Missing 900	P1-38-17
//Missing 902	P1-38-8
//Missing 909	P1-38-21
//Missing 912	P1-39-13
//Missing 912	P1-39-16
//Missing 926	P1-39-8
//Missing 996	P1-42-15
//Missing 998	P1-42-8
//Missing 1010	P1-43-2
//Missing 1046	P1-44-8
//Missing 1062	P1-45-14
//Missing 1092	P1-46-17
//Missing 1098	P1-46-10
//Missing 1116	P1-47-7
//Missing 1128	P1-48-16
//Missing 1128	P1-48-17
//Missing 1128	P1-48-18
//Missing 1158	P1-49-17
//Missing 1158	P1-49-18
//Missing 1158	P1-49-20
//Missing 1164	P1-49-24
//Missing 1176	P1-50-14
//Missing 1182	P1-50-17
//Missing 1188	P1-50-19
//Missing 1188	P1-50-20
//Missing 1200	P1-51-1
//Missing 1206	P1-51-15
//Missing 1206	P1-51-16
//Missing 1212	P1-51-7
//Missing 1218	P1-51-21
//Missing 1230	P1-52-14
//Missing 1230	P1-52-15
//Missing 1236	P1-52-7
//Missing 1248	P1-53-13
//Missing 1248	P1-53-16
//Missing 1254	P1-53-20
//Missing 1278	P1-54-16
//Missing 1284	P1-54-20
//Missing 1310	P1-55-8
//Missing 1322	P1-56-2
//Missing 1362	P1-57-19
//Missing 1374	P1-58-14
//Missing 1386	P1-58-21
//Missing 1386	P1-58-22
//Missing 1422	P1-60-14
//Missing 1434	P1-60-10
//Missing 1470	P1-62-16
//Missing 1470	P1-62-17
//Missing 1500	P1-63-15
//Missing 1500	P1-63-16
//Missing 1512	P1-64-14
//Missing 1536	P1-65-19
//Missing 1560	P1-66-1
//Missing 1560	P1-66-8
//Missing 1560	P1-66-10
//Missing 1560	P1-66-4
//Missing 1560	P1-66-5
//Missing 1572	P1-66-2
//Missing 1584	P1-67-11
//Missing 1584	P1-67-18
//Missing 1608	P1-68-18
//Missing 1614	P1-68-13
//Missing 1620	P1-68-14
//Missing 1632	P1-69-13
//Missing 1644	P1-69-17
//Missing 1644	P1-69-18
//Missing 1662	P1-70-17
//Missing 1674	P1-70-22
//Missing 1680	P1-71-14
//Missing 1688	P1-71-5
//Missing 1692	P1-71-17
//Missing 1698	P1-71-19
//Missing 1704	P1-72-9
//Missing 1728	P1-73-13
//Missing 1764	P1-74-18
//Missing 1818	P1-76-17
//Missing 1838	P1-77-8
//Missing 1842	P1-77-17
//Missing 1846	P1-77-12
//Missing 1866	P1-78-18
//Missing 1894	P1-79-20
//Missing 1898	P1-80-18
//Missing 1900	P1-80-4
//Missing 1900	P1-80-19
//Missing 1904	P1-80-21
//Missing 1906	P1-80-8
//Missing 1906	P1-80-22
//Missing 1910	P1-80-24
//Missing 1912	P1-80-25
//Missing 1916	P1-80-27
//Missing 1918	P1-80-16
//Missing 1922	P1-81-18
//Missing 1934	P1-81-24
//Missing 1940	P1-81-27
//Missing 1946	P1-82-18
//Missing 1948	P1-82-19
//Missing 1958	P1-82-24
//Missing 1960	P1-82-25
//Missing 1986	P1-83-40
//Missing 1988	P1-83-42
//Missing 1990	P1-83-44
//Missing 2016	P1-85-1
//Missing 2016	P1-85-2
//Missing 2016	P1-85-3
//Missing 462	P1-20-16
//Missing 522	P1-22-10
//Missing 582	P1-25-17
//Missing 770	P1-33-2
//Missing 774	P1-33-4
//Missing 912	P1-39-15
//Missing 912	P1-39-14
//Missing 1024	P1-43-9
//Missing 1272	P1-54-14
//Missing 1398	P1-59-16
//Missing 1818	P1-76-19
//Missing 1824	P1-77-15
//Missing 1868	P1-78-11
//Missing 1926	P1-81-20
