//Version: ScorePerfmMatch_v170503
// Score: ./Chopin_Etude_Op._10_No._5_G_MajorBlack_Keys_hmm.txt
// Perfm: ./09406_spr.txt
// fmt3x: ./Chopin_Etude_Op._10_No._5_G_MajorBlack_Keys_fmt3x.txt
0	0.546875	0.635417	Gb6	91	80	0	0	-1	*	3	0
1	0.563802	0.688802	Gb4	86	80	0	0	6	P1-1-20	0	-
2	0.565104	0.679688	Db4	89	80	0	0	-1	*	3	-
3	0.566406	0.658854	Gb3	80	80	0	0	-1	*	3	-
4	0.566406	0.649740	Bb3	86	80	0	0	-1	*	3	-
5	0.627604	0.809896	Bb6	88	80	0	0	2	P1-1-2	0	-
6	0.735677	0.859375	Db6	73	80	0	0	4	P1-1-3	0	-
7	0.798177	0.859375	Cb4	76	80	0	0	6	P1-1-18	0	-
8	0.804688	0.869792	Eb4	80	80	0	0	6	P1-1-19	0	-
9	0.805990	0.878906	Gb3	75	80	0	0	6	P1-1-17	0	-
10	0.808594	0.858073	Gb6	74	80	0	0	6	P1-1-4	0	-
11	0.891927	0.955729	Eb6	76	80	0	0	8	P1-1-5	0	-
12	0.954427	1.069010	Gb6	69	80	0	0	10	P1-1-6	0	-
13	1.007812	1.128906	Db4	85	80	0	0	12	P1-1-23	0	-
14	1.010417	1.239583	Gb3	80	80	0	0	12	P1-1-21	0	-
15	1.035156	1.289062	Bb3	74	80	0	0	12	P1-1-22	0	-
16	1.048177	1.128906	Db6	78	80	0	0	12	P1-1-7	0	-
17	1.117188	1.170573	Gb6	79	80	0	0	14	P1-1-8	0	-
18	1.180990	1.246094	Bb5	77	80	0	0	16	P1-1-9	0	-
19	1.263021	1.339844	Db6	69	80	0	0	18	P1-1-10	0	-
20	1.345052	1.429688	Gb5	69	80	0	0	20	P1-1-11	0	-
21	1.401042	1.446615	Bb5	74	80	0	0	22	P1-1-12	0	-
22	1.454427	1.529948	Gb2	66	80	0	0	24	P1-2-13	0	-
23	1.477865	1.516927	Gb5	63	80	0	0	24	P1-2-1	0	-
24	1.533854	1.597656	Bb5	73	80	0	0	26	P1-2-2	0	-
25	1.608073	1.679688	Db5	67	80	0	0	28	P1-2-3	0	-
26	1.690104	1.769531	Cb4	53	80	0	0	30	P1-2-15	0	-
27	1.694010	1.747396	Eb4	58	80	0	0	30	P1-2-16	0	-
28	1.761719	1.820312	Eb5	65	80	0	0	32	P1-2-5	0	-
29	1.812500	1.878906	Gb5	65	80	0	0	34	P1-2-6	0	-
30	1.924479	2.079427	Bb3	51	80	0	0	36	P1-2-18	0	-
31	1.924479	2.019531	Db4	51	80	0	0	36	P1-2-19	0	-
32	1.971354	2.059896	Gb5	70	80	0	0	38	P1-2-8	0	-
33	2.049479	2.095052	Bb4	71	80	0	0	40	P1-2-9	0	-
34	2.098958	2.169271	Db5	69	80	0	0	42	P1-2-10	0	-
35	2.179688	2.240885	Gb4	68	80	0	0	44	P1-2-11	0	-
36	2.253906	2.369792	Bb4	67	80	0	0	46	P1-2-12	0	-
37	2.317708	2.399740	Db4	82	80	0	0	48	P1-3-1	0	-
38	2.324219	2.389323	Db2	63	80	0	0	48	P1-3-13	0	-
39	2.326823	2.378906	Db3	71	80	0	0	48	P1-3-14	0	-
40	2.393229	2.535156	Db5	70	80	0	0	50	P1-3-2	0	-
41	2.464844	2.515625	Ab4	72	80	0	0	52	P1-3-3	0	-
42	2.532552	2.598958	Db4	72	80	0	0	54	P1-3-16	0	-
43	2.536458	2.598958	F4	66	80	0	0	54	P1-3-17	0	-
44	2.605469	2.641927	Ab4	72	80	0	0	56	P1-3-5	0	-
45	2.682292	2.809896	Ab5	77	80	0	0	58	P1-3-6	0	-
46	2.751302	2.783854	Ab4	79	80	0	0	60	P1-3-7	0	-
47	2.765625	2.829427	Cb4	66	80	0	0	60	P1-3-19	0	-
48	2.770833	2.829427	Eb4	69	80	0	0	60	P1-3-20	0	-
49	2.817708	2.869792	Ab5	79	80	0	0	62	P1-3-8	0	-
50	2.891927	3.039062	Eb5	77	80	0	0	64	P1-3-9	0	-
51	2.983073	3.028646	Ab5	80	80	0	0	66	P1-3-10	0	-
52	2.984375	3.022135	Ab2	78	80	0	0	66	P1-3-21	0	-
53	3.045573	3.096354	Eb5	81	80	0	0	68	P1-3-11	0	-
54	3.114583	3.279948	Eb6	96	80	0	0	70	P1-3-12	0	-
55	3.197917	3.299479	Db3	88	80	0	0	72	P1-4-21	0	-
56	3.203125	3.329427	Eb5	78	80	0	0	72	P1-4-1	0	-
57	3.292969	3.509115	Eb6	75	80	0	0	74	P1-4-2	0	-
58	3.375000	3.489583	Ab5	79	80	0	0	76	P1-4-3	0	-
59	3.430990	3.519531	Cb4	86	80	0	0	78	P1-4-15	0	-
60	3.433594	3.549479	Eb4	84	80	0	0	78	P1-4-16	0	-
61	3.434896	3.589844	Ab3	82	80	0	0	78	P1-4-14	0	-
62	3.515625	3.639323	Ab5	74	80	0	0	80	P1-4-5	0	-
63	3.618490	3.779948	Ab6	84	80	0	0	82	P1-4-6	0	-
64	3.717448	3.949219	Cb4	86	80	0	0	84	P1-4-18	0	-
65	3.718750	4.049479	Db4	82	80	0	0	84	P1-4-19	0	-
66	3.723958	3.959635	Ab3	80	80	0	0	84	P1-4-17	0	-
67	3.785156	3.899740	Ab6	79	80	0	0	86	P1-4-8	0	-
68	3.856771	3.949219	Db6	77	80	0	0	88	P1-4-9	0	-
69	3.940104	4.098958	Ab6	79	80	0	0	90	P1-4-10	0	-
70	4.091146	4.259115	Db7	82	80	0	0	94	P1-4-12	0	-
71	4.154948	4.229167	Gb6	91	80	0	0	96	P1-5-1	0	-
72	4.160156	4.259115	Db4	91	80	0	0	96	P1-5-15	0	-
73	4.164062	4.250000	Gb3	82	80	0	0	96	P1-5-13	0	-
74	4.165365	4.250000	Bb3	86	80	0	0	96	P1-5-14	0	-
75	4.229167	4.369792	Bb6	83	80	0	0	98	P1-5-2	0	-
76	4.326823	4.449219	Db6	74	80	0	0	100	P1-5-3	0	-
77	4.384115	4.414062	Cb4	88	80	0	0	102	P1-5-18	0	-
78	4.388021	4.459635	Eb4	86	80	0	0	102	P1-5-19	0	-
79	4.388021	4.459635	Gb3	78	80	0	0	102	P1-5-17	0	-
80	4.481771	4.566406	Eb6	79	80	0	0	104	P1-5-5	0	-
81	4.550781	4.699219	Gb6	75	80	0	0	106	P1-5-6	0	-
82	4.614583	5.069010	Db4	90	80	0	0	108	P1-5-23	0	-
83	4.622396	5.009115	Gb3	86	80	0	0	108	P1-5-21	0	-
84	4.643229	4.708333	Db6	83	80	0	0	108	P1-5-7	0	-
85	4.645833	5.019531	Bb3	83	80	0	0	108	P1-5-22	0	-
86	4.712240	4.819010	Gb6	86	80	0	0	110	P1-5-8	0	-
87	4.792969	4.851562	Bb5	82	80	0	0	112	P1-5-9	0	-
88	4.863281	5.039062	F#4	72	80	0	0	114	P1-5-10	1	-
89	4.946615	5.059896	Gb5	78	80	0	0	116	P1-5-11	0	-
90	5.023438	5.139323	Bb5	75	80	0	0	118	P1-5-12	0	-
91	5.114583	5.147135	Gb2	65	80	0	0	120	P1-6-13	0	-
92	5.183594	5.279948	Bb5	72	80	0	0	122	P1-6-2	0	-
93	5.265625	5.304688	Db5	65	80	0	0	124	P1-6-3	0	-
94	5.335938	5.408854	Cb4	60	80	0	0	126	P1-6-15	0	-
95	5.338542	5.419271	Gb5	65	80	0	0	126	P1-6-4	0	-
96	5.345052	5.429688	Eb4	58	80	0	0	126	P1-6-16	0	-
97	5.346354	5.658854	F#3	61	80	0	0	-1	*	3	-
98	5.407552	5.475260	Eb5	73	80	0	0	128	P1-6-5	0	-
99	5.480469	5.524740	Gb5	75	80	0	0	130	P1-6-6	0	-
100	5.582031	5.658854	Db4	74	80	0	0	132	P1-6-19	0	-
101	5.583333	5.623698	Bb3	69	80	0	0	132	P1-6-18	0	-
102	5.654948	5.799479	Gb5	69	80	0	0	134	P1-6-8	0	-
103	5.727865	5.764323	Bb4	71	80	0	0	136	P1-6-9	0	-
104	5.746094	5.789062	Bb3	57	80	0	0	-1	*	3	-
105	5.782552	5.825521	Db5	71	80	0	0	138	P1-6-10	0	-
106	5.858073	5.915365	Gb4	66	80	0	0	140	P1-6-11	0	-
107	5.934896	6.009115	Bb4	60	80	0	0	142	P1-6-12	0	-
108	6.010417	6.098958	Cb3	74	80	0	0	144	P1-7-13	0	-
109	6.010417	6.089844	Eb4	64	80	0	0	144	P1-7-1	0	-
110	6.079427	6.138021	Eb5	70	80	0	0	146	P1-7-2	0	-
111	6.157552	6.200521	Ab4	72	80	0	0	148	P1-7-3	0	-
112	6.225260	6.339844	Eb4	61	80	0	0	150	P1-7-15	0	-
113	6.225260	6.438802	Ab3	67	80	0	0	150	P1-7-14	0	-
114	6.233073	6.329427	Eb5	66	80	0	0	150	P1-7-4	0	-
115	6.315104	6.378906	Ab4	70	80	0	0	152	P1-7-5	0	-
116	6.395833	6.453125	Ab5	77	80	0	0	154	P1-7-6	0	-
117	6.457031	6.519531	G#4	56	80	0	0	-1	*	3	-
118	6.459635	6.559896	Eb5	66	80	0	0	156	P1-7-7	0	-
119	6.532552	6.688802	Ab5	70	80	0	0	158	P1-7-8	0	-
120	6.609375	6.688802	G#4	52	80	0	0	-1	*	3	-
121	6.614583	6.723958	Eb5	58	80	0	0	160	P1-7-9	0	-
122	6.684896	6.769531	Cb3	63	80	0	0	162	P1-7-16	0	-
123	6.705729	6.779948	Eb6	71	80	0	0	162	P1-7-10	0	-
124	6.792969	6.845052	Bb2	68	80	0	0	168	P1-8-13	0	-
125	6.841146	6.902344	Eb6	72	80	0	0	166	P1-7-12	1	-
126	6.855469	6.989583	F3	64	80	0	0	168	P1-8-14	0	-
127	6.923177	7.128906	D4	76	80	0	0	168	P1-8-15	0	-
128	6.923177	7.019531	Bb5	77	80	0	0	168	P1-8-1	0	-
129	7.015625	7.218750	Bb6	78	80	0	0	170	P1-8-2	0	-
130	7.084635	7.679688	Bb3	76	80	0	0	174	P1-8-16	0	-
131	7.132812	7.250000	Bb5	77	80	0	0	172	P1-8-3	0	-
132	7.173177	7.729167	F4	67	80	0	0	174	P1-8-17	0	-
133	7.231771	7.378906	Bb6	76	80	0	0	174	P1-8-4	0	-
134	7.260417	7.296875	D5	67	80	0	0	174	P1-8-18	0	-
135	7.342448	7.419271	Bb5	72	80	0	0	176	P1-8-5	0	-
136	7.386719	7.529948	Bb6	75	80	0	0	178	P1-8-6	0	-
137	7.471354	7.510417	Bb5	67	80	0	0	180	P1-8-7	0	-
138	7.541667	7.679688	Bb6	71	80	0	0	182	P1-8-8	0	-
139	7.626302	7.669271	Bb5	74	80	0	0	184	P1-8-9	0	-
140	7.686198	7.839844	Bb6	72	80	0	0	186	P1-8-10	0	-
141	7.774740	7.869792	Bb5	73	80	0	0	188	P1-8-11	0	-
142	7.845052	8.000000	Bb6	74	80	0	0	190	P1-8-12	0	-
143	7.927083	8.014323	Gb6	89	80	0	0	192	P1-9-1	0	-
144	7.953125	8.029948	Db4	91	80	0	0	192	P1-9-15	0	-
145	7.955729	8.039062	Gb3	79	80	0	0	192	P1-9-13	0	-
146	7.957031	7.994792	Bb3	84	80	0	0	192	P1-9-14	0	-
147	8.006510	8.158854	Bb6	77	80	0	0	194	P1-9-2	0	-
148	8.106771	8.229167	Db6	68	80	0	0	196	P1-9-3	0	-
149	8.174479	8.250000	Cb4	86	80	0	0	198	P1-9-18	0	-
150	8.174479	8.216146	Gb3	79	80	0	0	198	P1-9-17	0	-
151	8.175781	8.259115	Eb4	86	80	0	0	198	P1-9-19	0	-
152	8.263021	8.346354	Eb6	77	80	0	0	200	P1-9-5	0	-
153	8.324219	8.468750	Gb6	74	80	0	0	202	P1-9-6	0	-
154	8.404948	8.709635	Db4	90	80	0	0	204	P1-9-23	0	-
155	8.408854	8.729167	Gb3	80	80	0	0	204	P1-9-21	0	-
156	8.411458	8.669271	Bb3	87	80	0	0	204	P1-9-22	0	-
157	8.416667	8.549479	Db6	82	80	0	0	204	P1-9-7	0	-
158	8.481771	8.609375	Gb6	82	80	0	0	206	P1-9-8	0	-
159	8.570312	8.679688	Bb5	79	80	0	0	208	P1-9-9	0	-
160	8.656250	8.722656	Db6	59	80	0	0	210	P1-9-10	0	-
161	8.740885	8.839844	Gb5	72	80	0	0	212	P1-9-11	0	-
162	8.807292	8.899740	Bb5	73	80	0	0	214	P1-9-12	0	-
163	8.906250	8.946615	Gb2	63	80	0	0	216	P1-10-13	0	-
164	8.906250	9.309896	Gb3	64	80	0	0	216	P1-10-14	0	-
165	8.908854	8.959635	Bb5	63	80	0	0	216	P1-10-1	1	-
166	8.968750	9.059896	Bb5	67	80	0	0	218	P1-10-2	0	-
167	9.054688	9.132812	Db5	64	80	0	0	220	P1-10-3	0	-
168	9.141927	9.182292	Gb5	61	80	0	0	222	P1-10-4	0	-
169	9.153646	9.259115	Cb4	52	80	0	0	222	P1-10-15	0	-
170	9.173177	9.259115	Eb4	51	80	0	0	222	P1-10-16	0	-
171	9.205729	9.309896	Eb5	68	80	0	0	224	P1-10-5	0	-
172	9.263021	9.334635	Gb5	77	80	0	0	226	P1-10-6	0	-
173	9.343750	9.411458	Db5	66	80	0	0	228	P1-10-7	0	-
174	9.385417	9.468750	Db4	73	80	0	0	228	P1-10-19	0	-
175	9.388021	9.579427	F#3	54	80	0	0	-1	*	3	-
176	9.389323	9.424479	Bb3	71	80	0	0	228	P1-10-18	0	-
177	9.453125	9.515625	Gb5	71	80	0	0	230	P1-10-8	0	-
178	9.531250	9.593750	Bb4	71	80	0	0	232	P1-10-9	0	-
179	9.533854	9.609375	Bb3	66	80	0	0	-1	*	3	-
180	9.605469	9.660156	Db5	75	80	0	0	234	P1-10-10	0	-
181	9.688802	9.819010	Gb4	66	80	0	0	236	P1-10-11	0	-
182	9.783854	9.856771	Bb4	73	80	0	0	238	P1-10-12	0	-
183	9.873698	9.912760	Db4	76	80	0	0	240	P1-11-1	0	-
184	9.875000	9.904948	Db3	71	80	0	0	240	P1-11-14	0	-
185	9.875000	9.904948	Db2	65	80	0	0	240	P1-11-13	0	-
186	9.938802	10.098958	Db5	73	80	0	0	242	P1-11-2	0	-
187	10.007812	10.062500	Ab4	78	80	0	0	244	P1-11-3	0	-
188	10.101562	10.179688	Db4	68	80	0	0	246	P1-11-16	0	-
189	10.101562	10.179688	F4	63	80	0	0	246	P1-11-17	0	-
190	10.104167	10.179688	Ab3	67	80	0	0	246	P1-11-15	0	-
191	10.169271	10.212240	Ab4	80	80	0	0	248	P1-11-5	0	-
192	10.253906	10.309896	Ab5	74	80	0	0	250	P1-11-6	0	-
193	10.326823	10.377604	Ab4	64	80	0	0	252	P1-11-7	0	-
194	10.333333	10.382812	Eb4	68	80	0	0	252	P1-11-20	0	-
195	10.333333	10.384115	Cb4	62	80	0	0	252	P1-11-19	0	-
196	10.339844	10.394531	Ab3	63	80	0	0	252	P1-11-18	0	-
197	10.401042	10.457031	Ab5	70	80	0	0	254	P1-11-8	0	-
198	10.473958	10.522135	Eb5	71	80	0	0	256	P1-11-9	0	-
199	10.562500	10.635417	Ab5	75	80	0	0	258	P1-11-10	0	-
200	10.562500	10.618490	Ab2	72	80	0	0	258	P1-11-21	0	-
201	10.641927	10.704427	Eb5	68	80	0	0	260	P1-11-11	0	-
202	10.721354	10.878906	Eb6	73	80	0	0	262	P1-11-12	0	-
203	10.817708	11.000000	Db3	86	80	0	0	264	P1-12-21	0	-
204	10.821615	10.872396	Eb5	74	80	0	0	264	P1-12-1	0	-
205	10.893229	11.089844	Eb6	77	80	0	0	266	P1-12-2	0	-
206	10.963542	11.059896	Ab5	77	80	0	0	268	P1-12-3	0	-
207	11.022135	11.128906	Cb4	73	80	0	0	270	P1-12-15	0	-
208	11.022135	11.149740	Eb4	79	80	0	0	270	P1-12-16	0	-
209	11.023438	11.169271	Ab3	72	80	0	0	270	P1-12-14	0	-
210	11.114583	11.170573	Ab5	68	80	0	0	272	P1-12-5	0	-
211	11.188802	11.339844	Ab6	81	80	0	0	274	P1-12-6	0	-
212	11.303385	11.559896	Db4	77	80	0	0	276	P1-12-19	0	-
213	11.305990	11.539062	Cb4	78	80	0	0	276	P1-12-18	0	-
214	11.312500	11.569010	Ab3	71	80	0	0	276	P1-12-17	0	-
215	11.345052	11.397135	Ab6	83	80	0	0	278	P1-12-8	0	-
216	11.414062	11.472656	Db6	79	80	0	0	280	P1-12-9	0	-
217	11.484375	11.649740	Ab6	73	80	0	0	282	P1-12-10	0	-
218	11.566406	11.679688	Db6	77	80	0	0	284	P1-12-11	0	-
219	11.635417	11.759115	Db7	77	80	0	0	286	P1-12-12	0	-
220	11.733073	11.739583	Gb6	90	80	0	0	288	P1-13-1	0	-
221	11.735677	11.789062	Gb3	80	80	0	0	288	P1-13-13	0	-
222	11.735677	11.819010	Db4	88	80	0	0	288	P1-13-15	0	-
223	11.738281	11.789062	Bb3	86	80	0	0	288	P1-13-14	0	-
224	11.742188	11.750000	Bb6	84	80	0	0	-1	*	3	-
225	11.812500	11.882812	Bb6	81	80	0	0	290	P1-13-2	0	-
226	11.903646	12.019531	Db6	70	80	0	0	292	P1-13-3	0	-
227	11.967448	12.049479	Cb4	81	80	0	0	294	P1-13-18	0	-
228	11.972656	12.014323	Gb3	78	80	0	0	294	P1-13-17	0	-
229	11.972656	12.015625	Eb4	88	80	0	0	294	P1-13-19	0	-
230	11.973958	12.063802	Gb6	80	80	0	0	294	P1-13-4	0	-
231	12.059896	12.145833	Eb6	76	80	0	0	296	P1-13-5	0	-
232	12.138021	12.279948	Gb6	75	80	0	0	298	P1-13-6	0	-
233	12.214844	12.759115	Db4	87	80	0	0	300	P1-13-23	0	-
234	12.214844	12.559896	Gb3	79	80	0	0	300	P1-13-21	0	-
235	12.214844	12.598958	Bb3	90	80	0	0	300	P1-13-22	0	-
236	12.222656	12.286458	Db6	86	80	0	0	300	P1-13-7	0	-
237	12.286458	12.354167	Gb6	79	80	0	0	302	P1-13-8	0	-
238	12.371094	12.433594	Bb5	76	80	0	0	304	P1-13-9	0	-
239	12.458333	12.559896	Db6	70	80	0	0	306	P1-13-10	0	-
240	12.533854	12.639323	Gb5	69	80	0	0	308	P1-13-11	0	-
241	12.604167	12.664062	Bb5	69	80	0	0	310	P1-13-12	0	-
242	12.653646	12.713542	Gb5	63	80	0	0	312	P1-14-1	0	-
243	12.694010	12.733073	Gb2	57	80	0	0	312	P1-14-13	0	-
244	12.695312	13.259115	Gb3	63	80	0	0	312	P1-14-14	0	-
245	12.752604	12.848958	Bb5	72	80	0	0	314	P1-14-2	0	-
246	12.835938	12.916667	Db5	62	80	0	0	316	P1-14-3	0	-
247	12.932292	12.989583	Gb5	59	80	0	0	318	P1-14-4	0	-
248	12.933594	12.985677	Cb4	50	80	0	0	318	P1-14-15	0	-
249	12.934896	13.069010	Eb4	59	80	0	0	318	P1-14-16	0	-
250	13.002604	13.071615	Eb5	62	80	0	0	320	P1-14-5	0	-
251	13.046875	13.128906	Gb5	70	80	0	0	322	P1-14-6	0	-
252	13.135417	13.199219	Db5	57	80	0	0	324	P1-14-7	0	-
253	13.175781	13.216146	Db4	60	80	0	0	324	P1-14-19	0	-
254	13.183594	13.259115	Bb3	57	80	0	0	324	P1-14-18	0	-
255	13.204427	13.234375	Gb5	67	80	0	0	326	P1-14-8	0	-
256	13.276042	13.364583	Bb4	70	80	0	0	328	P1-14-9	0	-
257	13.355469	13.416667	Db5	67	80	0	0	330	P1-14-10	0	-
258	13.436198	13.497396	Gb4	64	80	0	0	332	P1-14-11	0	-
259	13.511719	13.649740	Bb4	67	80	0	0	334	P1-14-12	0	-
260	13.592448	13.979167	C3	68	80	0	0	336	P1-15-13	0	-
261	13.592448	13.640625	Eb4	65	80	0	0	336	P1-15-1	0	-
262	13.662760	13.734375	Eb5	72	80	0	0	338	P1-15-2	0	-
263	13.734375	13.785156	Ab4	76	80	0	0	340	P1-15-3	0	-
264	13.821615	13.908854	Eb5	73	80	0	0	342	P1-15-4	0	-
265	13.824219	13.888021	Gb4	78	80	0	0	342	P1-15-15	0	-
266	13.824219	14.029948	Ab3	72	80	0	0	342	P1-15-14	0	-
267	13.897135	13.979167	Ab4	84	80	0	0	344	P1-15-5	0	-
268	13.989583	14.049479	Ab4	60	80	0	0	346	P1-15-6	1	-
269	14.045573	14.149740	Eb5	71	80	0	0	348	P1-15-7	0	-
270	14.131510	14.239583	G#4	60	80	0	0	350	P1-15-8	1	-
271	14.217448	14.319010	Eb5	64	80	0	0	352	P1-15-9	0	-
272	14.285156	14.399740	Eb6	69	80	0	0	354	P1-15-10	0	-
273	14.289062	14.342448	Ab2	57	80	0	0	354	P1-15-16	0	-
274	14.394531	14.468750	Ab5	65	80	0	0	356	P1-15-11	0	-
275	14.458333	14.628906	Eb6	67	80	0	0	358	P1-15-12	0	-
276	14.561198	14.669271	Eb5	68	80	0	0	360	P1-16-1	0	-
277	14.565104	14.621094	Db3	68	80	0	0	360	P1-16-13	0	-
278	14.635417	14.695312	Eb6	73	80	0	0	362	P1-16-2	0	-
279	14.713542	14.768229	Ab5	76	80	0	0	364	P1-16-3	0	-
280	14.766927	14.859375	Eb6	70	80	0	0	366	P1-16-4	0	-
281	14.795573	15.019531	F4	68	80	0	0	366	P1-16-15	0	-
282	14.796875	14.938802	Ab3	59	80	0	0	366	P1-16-14	0	-
283	14.864583	14.949219	Db5	73	80	0	0	368	P1-16-5	0	-
284	14.936198	15.003906	Db6	78	80	0	0	370	P1-16-6	0	-
285	15.015625	15.078125	Ab5	78	80	0	0	372	P1-16-7	0	-
286	15.018229	15.119792	G#4	66	80	0	0	372	*	3	-
287	15.084635	15.179688	Db6	74	80	0	0	374	P1-16-8	0	-
288	15.156250	15.279948	Ab5	79	80	0	0	376	P1-16-9	0	-
289	15.239583	15.315104	Ab6	84	80	0	0	378	P1-16-10	0	-
290	15.320312	15.385417	Db6	83	80	0	0	380	P1-16-11	0	-
291	15.393229	15.442708	Db7	86	80	0	0	382	P1-16-12	0	-
292	15.653646	16.029948	C4	84	80	0	0	384	P1-17-13	0	-
293	15.733073	15.968750	Gb4	69	80	0	0	384	P1-17-14	0	-
294	15.786458	15.868490	Ab6	79	80	0	0	384	P1-17-1	0	-
295	15.817708	15.938802	Ab4	75	80	0	0	384	P1-17-15	0	-
296	15.881510	15.988281	Bb6	79	80	0	0	386	P1-17-2	0	-
297	15.966146	16.033854	Ab6	78	80	0	0	388	P1-17-3	0	-
298	16.048177	16.109375	Eb6	81	80	0	0	390	P1-17-4	0	-
299	16.065104	16.169271	Ab4	84	80	0	0	390	P1-17-18	0	-
300	16.076823	16.125000	Ab3	69	80	0	0	390	P1-17-16	0	-
301	16.088542	16.188802	Gb4	81	80	0	0	390	P1-17-17	0	-
302	16.113281	16.156250	Eb7	77	80	0	0	392	P1-17-5	0	-
303	16.200521	16.253906	Eb6	73	80	0	0	394	P1-17-6	0	-
304	16.281250	16.326823	Db6	76	80	0	0	396	P1-17-7	0	-
305	16.304688	16.438802	Bb4	73	80	0	0	396	P1-17-21	0	-
306	16.309896	16.449219	F4	72	80	0	0	396	P1-17-20	0	-
307	16.311198	16.479167	Db4	78	80	0	0	396	P1-17-19	0	-
308	16.355469	16.432292	Eb6	80	80	0	0	398	P1-17-8	0	-
309	16.423177	16.539062	Db6	73	80	0	0	400	P1-17-9	0	-
310	16.519531	16.591146	Ab5	76	80	0	0	402	P1-17-10	0	-
311	16.532552	16.639323	Ab4	76	80	0	0	402	P1-17-24	0	-
312	16.539062	16.628906	F4	64	80	0	0	402	P1-17-23	0	-
313	16.546875	16.600260	Ab3	69	80	0	0	402	P1-17-22	0	-
314	16.611979	16.654948	Ab6	83	80	0	0	404	P1-17-11	0	-
315	16.820312	16.893229	C4	64	80	0	0	408	P1-18-11	0	-
316	16.820312	16.875000	Bb4	75	80	0	0	408	P1-18-13	0	-
317	16.821615	17.049479	Gb4	68	80	0	0	408	P1-18-12	0	-
318	16.865885	16.979167	Bb5	68	80	0	0	410	P1-18-2	0	-
319	16.947917	17.031250	Ab5	67	80	0	0	412	P1-18-3	0	-
320	17.044271	17.128906	Ab4	61	80	0	0	414	P1-18-16	0	-
321	17.049479	17.115885	Eb5	65	80	0	0	414	P1-18-4	0	-
322	17.061198	17.115885	Ab3	60	80	0	0	414	P1-18-14	0	-
323	17.127604	17.218750	Eb6	65	80	0	0	416	P1-18-5	0	-
324	17.184896	17.242188	Eb5	68	80	0	0	418	P1-18-6	0	-
325	17.261719	17.330729	Db5	64	80	0	0	420	P1-18-7	0	-
326	17.289062	17.345052	Db4	74	80	0	0	420	P1-18-17	0	-
327	17.291667	17.299479	G#4	62	80	0	0	-1	*	3	-
328	17.294271	17.337240	F4	57	80	0	0	420	P1-18-18	0	-
329	17.339844	17.394531	Eb5	59	80	0	0	422	P1-18-8	0	-
330	17.403646	17.485677	Db5	69	80	0	0	424	P1-18-9	0	-
331	17.506510	17.545573	Ab4	78	80	0	0	426	P1-18-10	0	-
332	17.514323	17.554688	Ab3	71	80	0	0	426	P1-18-19	0	-
333	17.522135	17.579427	C#4	56	80	0	0	-1	*	3	-
334	17.774740	17.829427	C3	69	80	0	0	432	P1-19-13	0	-
335	17.843750	17.925781	Eb5	68	80	0	0	434	P1-19-2	0	-
336	17.924479	17.973958	Ab5	75	80	0	0	436	P1-19-3	0	-
337	17.997396	18.055990	Bb5	73	80	0	0	438	P1-19-4	0	-
338	18.013021	18.067708	Ab3	53	80	0	0	438	P1-19-14	0	-
339	18.013021	18.063802	Eb4	64	80	0	0	438	P1-19-15	0	-
340	18.014323	18.053385	Gb4	60	80	0	0	438	P1-19-16	0	-
341	18.084635	18.153646	Ab5	69	80	0	0	440	P1-19-5	0	-
342	18.154948	18.204427	Eb5	64	80	0	0	442	P1-19-6	0	-
343	18.244792	18.309896	Db5	64	80	0	0	444	P1-19-7	0	-
344	18.244792	18.286458	Db4	60	80	0	0	444	P1-19-18	0	-
345	18.251302	18.287760	F4	50	80	0	0	444	P1-19-19	0	-
346	18.322917	18.375000	Ab5	70	80	0	0	446	P1-19-8	0	-
347	18.376302	18.414062	Db6	73	80	0	0	448	P1-19-9	0	-
348	18.462240	18.516927	Eb6	70	80	0	0	450	P1-19-10	0	-
349	18.463542	18.506510	Db3	69	80	0	0	450	P1-19-20	0	-
350	18.526042	18.628906	Db6	68	80	0	0	452	P1-19-11	0	-
351	18.602865	18.662760	Bb5	82	80	0	0	454	P1-19-12	0	-
352	18.713542	18.747396	Ab2	69	80	0	0	456	P1-20-13	0	-
353	18.716146	18.764323	Ab5	81	80	0	0	456	P1-20-1	0	-
354	18.794271	18.855469	Eb6	68	80	0	0	458	P1-20-2	0	-
355	18.865885	19.009115	Ab6	80	80	0	0	460	P1-20-3	0	-
356	18.937500	18.975260	C4	69	80	0	0	462	P1-20-15	0	-
357	18.940104	19.000000	Gb4	72	80	0	0	462	P1-20-16	0	-
358	18.942708	19.006510	Bb6	81	80	0	0	462	P1-20-4	0	-
359	18.944010	18.989583	Ab3	65	80	0	0	462	P1-20-14	0	-
360	19.023438	19.080729	Ab6	79	80	0	0	464	P1-20-5	0	-
361	19.097656	19.151042	Eb6	74	80	0	0	466	P1-20-6	0	-
362	19.174479	19.223958	Db6	80	80	0	0	468	P1-20-7	0	-
363	19.175781	19.239583	Db2	69	80	0	0	468	P1-20-17	0	-
364	19.246094	19.312500	Ab6	80	80	0	0	470	P1-20-8	0	-
365	19.321615	19.468750	Db7	79	80	0	0	472	P1-20-9	0	-
366	19.385417	19.489583	Eb7	68	80	0	0	474	P1-20-10	0	-
367	19.415365	19.468750	F4	57	80	0	0	474	P1-20-20	0	-
368	19.421875	19.464844	Db4	62	80	0	0	474	P1-20-19	0	-
369	19.424479	19.460938	Ab3	51	80	0	0	474	P1-20-18	0	-
370	19.475260	19.559896	Db7	73	80	0	0	476	P1-20-11	0	-
371	19.484375	19.549479	C#6	73	80	0	0	476	*	3	-
372	19.541667	19.658854	Bb6	73	80	0	0	478	P1-20-12	0	-
373	19.610677	19.688802	Ab2	75	80	0	0	480	P1-21-13	0	-
374	19.625000	19.692708	Ab6	85	80	0	0	480	P1-21-1	0	-
375	19.717448	19.848958	Bb6	81	80	0	0	482	P1-21-2	0	-
376	19.805990	19.875000	Ab6	86	80	0	0	484	P1-21-3	0	-
377	19.891927	19.963542	Eb6	82	80	0	0	486	P1-21-4	0	-
378	19.893229	19.989583	C4	69	80	0	0	486	P1-21-14	0	-
379	19.897135	19.944010	Ab4	78	80	0	0	486	P1-21-16	0	-
380	19.911458	20.000000	Gb4	72	80	0	0	486	P1-21-15	0	-
381	19.953125	20.001302	Eb7	75	80	0	0	488	P1-21-5	0	-
382	20.026042	20.078125	Eb6	74	80	0	0	490	P1-21-6	0	-
383	20.096354	20.479167	Db4	69	80	0	0	492	P1-21-17	0	-
384	20.097656	20.348958	Bb4	69	80	0	0	492	P1-21-19	0	-
385	20.102865	20.269531	F4	69	80	0	0	492	P1-21-18	0	-
386	20.144531	20.229167	Db6	79	80	0	0	492	P1-21-7	0	-
387	20.217448	20.285156	Eb6	77	80	0	0	494	P1-21-8	0	-
388	20.296875	20.399740	Db6	67	80	0	0	496	P1-21-9	0	-
389	20.376302	20.519531	Ab4	71	80	0	0	498	P1-21-22	0	-
390	20.386719	20.509115	F4	65	80	0	0	498	P1-21-21	0	-
391	20.386719	20.444010	Ab3	65	80	0	0	498	P1-21-20	0	-
392	20.410156	20.529948	Ab5	68	80	0	0	498	P1-21-10	0	-
393	20.480469	20.540365	Ab6	82	80	0	0	500	P1-21-11	0	-
394	20.561198	20.628906	G#4	60	80	0	0	502	P1-21-12	1	-
395	20.670573	20.730469	Ab5	74	80	0	0	504	P1-22-1	0	-
396	20.673177	20.819010	C4	69	80	0	0	504	P1-22-11	0	-
397	20.679688	20.746094	Gb4	62	80	0	0	504	P1-22-12	0	-
398	20.682292	20.733073	Bb4	70	80	0	0	504	P1-22-13	0	-
399	20.743490	20.811198	Bb5	77	80	0	0	506	P1-22-2	0	-
400	20.811198	20.873698	Ab5	75	80	0	0	508	P1-22-3	0	-
401	20.884115	20.979167	Ab4	73	80	0	0	510	P1-22-16	0	-
402	20.885417	20.953125	Eb5	69	80	0	0	510	P1-22-4	0	-
403	20.914062	21.158854	Ab3	68	80	0	0	510	P1-22-14	0	-
404	20.915365	20.957031	Gb4	60	80	0	0	510	P1-22-15	0	-
405	20.970052	21.069010	Eb6	77	80	0	0	512	P1-22-5	0	-
406	21.029948	21.080729	Eb5	69	80	0	0	514	P1-22-6	0	-
407	21.117188	21.319010	Db4	70	80	0	0	516	P1-22-17	0	-
408	21.121094	21.309896	F4	61	80	0	0	516	P1-22-18	0	-
409	21.123698	21.218750	G#4	61	80	0	0	516	P1-22-7	1	-
410	21.166667	21.179688	Eb5	50	80	0	0	518	P1-22-8	0	-
411	21.252604	21.389323	Db5	71	80	0	0	520	P1-22-9	0	-
412	21.337240	21.384115	Ab3	71	80	0	0	522	P1-22-19	0	-
413	21.382812	21.459635	Ab4	75	80	0	0	522	P1-22-10	0	-
414	21.561198	21.609375	C2	72	80	0	0	528	P1-23-13	1	-
415	21.729167	21.869792	Ab5	77	80	0	0	530	P1-23-2	0	-
416	21.794271	21.850260	Gb5	75	80	0	0	532	P1-23-3	0	-
417	21.868490	22.019531	Eb4	68	80	0	0	534	P1-23-15	0	-
418	21.869792	21.989583	Gb4	66	80	0	0	534	P1-23-16	0	-
419	21.869792	22.059896	Ab3	53	80	0	0	534	P1-23-14	0	-
420	21.964844	22.069010	Gb5	74	80	0	0	536	P1-23-5	0	-
421	22.048177	22.104167	Ab5	78	80	0	0	538	P1-23-6	0	-
422	22.115885	22.173177	Gb6	78	80	0	0	540	P1-23-7	0	-
423	22.191406	22.339844	Ab5	70	80	0	0	542	P1-23-8	0	-
424	22.273438	22.408854	Gb5	76	80	0	0	544	P1-23-9	0	-
425	22.317708	22.579427	C2	68	80	0	0	546	P1-23-18	0	-
426	22.351562	22.419271	Ab5	72	80	0	0	546	P1-23-10	0	-
427	22.415365	22.579427	Gb5	65	80	0	0	548	P1-23-11	0	-
428	22.496094	22.609375	Ab5	78	80	0	0	550	P1-23-12	0	-
429	22.614583	22.699219	Ab5	68	80	0	0	-1	*	3	-
430	22.625000	22.696615	C3	73	80	0	0	552	P1-24-13	0	-
431	22.627604	22.799479	Ab4	71	80	0	0	552	P1-24-1	0	-
432	22.738281	22.821615	Ab5	78	80	0	0	554	P1-24-2	0	-
433	22.807292	22.873698	Gb5	74	80	0	0	556	P1-24-3	0	-
434	22.882812	22.968750	G#4	69	80	0	0	558	P1-24-4	1	-
435	22.885417	23.039062	C4	61	80	0	0	-1	*	3	-
436	22.888021	23.019531	Eb4	67	80	0	0	558	P1-24-15	0	-
437	22.889323	23.079427	Ab3	62	80	0	0	558	P1-24-14	0	-
438	22.893229	23.009115	Gb4	67	80	0	0	558	P1-24-16	0	-
439	22.966146	23.128906	Gb5	62	80	0	0	560	P1-24-5	0	-
440	23.033854	23.106771	Ab5	71	80	0	0	562	P1-24-6	0	-
441	23.105469	23.173177	Gb6	80	80	0	0	564	P1-24-7	0	-
442	23.180990	23.429688	Ab5	67	80	0	0	566	P1-24-8	0	-
443	23.257812	23.399740	Gb5	76	80	0	0	568	P1-24-9	0	-
444	23.296875	23.483073	C3	72	80	0	0	570	P1-24-19	0	-
445	23.300781	23.476562	C2	75	80	0	0	570	P1-24-18	0	-
446	23.343750	23.348958	A5	73	80	0	0	570	P1-24-10	1	-
447	23.407552	23.569010	Gb5	71	80	0	0	572	P1-24-11	0	-
448	23.500000	23.628906	Ab5	64	80	0	0	574	P1-24-12	0	-
449	23.575521	23.699219	Db3	89	80	0	0	576	P1-25-14	0	-
450	23.575521	23.699219	Db2	84	80	0	0	576	P1-25-13	0	-
451	23.596354	23.750000	Bb4	79	80	0	0	576	P1-25-1	0	-
452	23.708333	23.829427	Bb5	81	80	0	0	578	P1-25-2	0	-
453	23.782552	24.019531	Gb5	70	80	0	0	580	P1-25-3	0	-
454	23.845052	23.901042	Db4	69	80	0	0	582	P1-25-16	0	-
455	23.872396	23.989583	Bb5	69	80	0	0	582	P1-25-4	0	-
456	23.893229	23.899740	C#2	65	80	0	0	584	P1-25-5	1	-
457	24.001302	24.158854	Bb5	84	80	0	0	586	P1-25-6	0	-
458	24.042969	24.139323	C2	79	80	0	0	588	P1-25-18	0	-
459	24.042969	24.171875	C3	88	80	0	0	588	P1-25-19	0	-
460	24.079427	24.500000	Gb6	83	80	0	0	588	P1-25-7	0	-
461	24.167969	24.309896	Bb5	79	80	0	0	590	P1-25-8	0	-
462	24.251302	24.339844	Gb5	70	80	0	0	592	P1-25-9	0	-
463	24.303385	24.438802	Db2	84	80	0	0	594	P1-25-20	0	-
464	24.304688	24.385417	Db3	87	80	0	0	594	P1-25-21	0	-
465	24.324219	24.459635	Bb5	85	80	0	0	594	P1-25-10	0	-
466	24.389323	24.718750	Gb5	78	80	0	0	596	P1-25-11	0	-
467	24.473958	24.658854	Bb5	76	80	0	0	598	P1-25-12	0	-
468	24.542969	24.662760	D3	91	80	0	0	600	P1-26-14	0	-
469	24.544271	24.669271	D2	90	80	0	0	600	P1-26-13	0	-
470	24.669271	24.736979	Bb5	81	80	0	0	602	P1-26-2	0	-
471	24.738281	24.845052	F#6	75	80	0	0	-1	*	3	-
472	24.769531	24.828125	Gb5	62	80	0	0	604	P1-26-3	0	-
473	24.828125	24.886719	Bb5	76	80	0	0	606	P1-26-4	0	-
474	24.833333	24.924479	Bb3	69	80	0	0	606	P1-26-15	0	-
475	24.835938	24.882812	Gb4	68	80	0	0	606	P1-26-16	0	-
476	24.897135	24.976562	Gb5	72	80	0	0	608	P1-26-5	0	-
477	24.972656	25.079427	Bb5	82	80	0	0	610	P1-26-6	0	-
478	25.033854	25.187500	C#2	84	80	0	0	612	P1-26-17	0	-
479	25.035156	25.121094	C#3	89	80	0	0	612	P1-26-18	0	-
480	25.041667	25.319010	Gb6	80	80	0	0	612	P1-26-7	0	-
481	25.126302	25.190104	Bb5	74	80	0	0	614	P1-26-8	0	-
482	25.210938	25.464844	Gb5	74	80	0	0	616	P1-26-9	0	-
483	25.261719	25.378906	D3	89	80	0	0	618	P1-26-20	0	-
484	25.272135	25.389323	D2	86	80	0	0	618	P1-26-19	0	-
485	25.291667	25.359375	Bb5	80	80	0	0	618	P1-26-10	0	-
486	25.364583	25.429688	Bb5	67	80	0	0	620	P1-26-11	1	-
487	25.442708	25.579427	Bb5	79	80	0	0	622	P1-26-12	0	-
488	25.502604	25.688802	Eb3	92	80	0	0	624	P1-27-14	0	-
489	25.503906	25.645833	Eb2	81	80	0	0	624	P1-27-13	0	-
490	25.587240	25.657552	Bb5	61	80	0	0	626	P1-27-2	0	-
491	25.664062	25.739583	Gb5	70	80	0	0	628	P1-27-3	0	-
492	25.753906	25.989583	Bb6	87	80	0	0	630	P1-27-4	0	-
493	25.757812	25.899740	Gb4	84	80	0	0	630	P1-27-16	0	-
494	25.772135	26.019531	Bb3	79	80	0	0	630	P1-27-15	0	-
495	25.843750	25.937500	Bb5	86	80	0	0	632	P1-27-5	0	-
496	25.955729	26.080729	F#6	67	80	0	0	-1	*	3	-
497	25.958333	26.039062	Gb5	71	80	0	0	634	P1-27-6	0	-
498	26.054688	26.154948	Ab6	77	80	0	0	636	P1-27-7	0	-
499	26.156250	26.289062	Bb5	81	80	0	0	638	P1-27-8	0	-
500	26.236979	26.299479	Gb5	73	80	0	0	640	P1-27-9	0	-
501	26.302083	26.468750	Gb6	81	80	0	0	642	P1-27-10	0	-
502	26.303385	26.415365	Eb2	80	80	0	0	642	P1-27-17	0	-
503	26.304688	26.414062	Eb3	87	80	0	0	642	P1-27-18	0	-
504	26.391927	26.485677	Bb5	73	80	0	0	644	P1-27-11	0	-
505	26.475260	26.699219	F#6	65	80	0	0	646	P1-27-12	1	-
506	26.516927	26.606771	Fb3	82	80	0	0	648	P1-28-14	0	-
507	26.516927	26.602865	Fb2	80	80	0	0	648	P1-28-13	0	-
508	26.535156	26.699219	Db6	78	80	0	0	648	P1-28-1	0	-
509	26.643229	26.734375	Bb5	80	80	0	0	650	P1-28-2	0	-
510	26.729167	26.787760	Gb5	73	80	0	0	652	P1-28-3	0	-
511	26.792969	26.919271	Bb6	78	80	0	0	654	P1-28-4	0	-
512	26.815104	26.884115	Gb4	82	80	0	0	654	P1-28-16	0	-
513	26.834635	26.848958	E3	75	80	0	0	-1	*	3	-
514	26.846354	26.904948	Bb3	74	80	0	0	654	P1-28-15	0	-
515	26.860677	26.936198	Bb5	90	80	0	0	656	P1-28-5	0	-
516	26.955729	27.039062	Gb5	73	80	0	0	658	P1-28-6	0	-
517	27.042969	27.158854	Ab6	77	80	0	0	660	P1-28-7	0	-
518	27.123698	27.196615	Bb5	61	80	0	0	662	P1-28-8	0	-
519	27.190104	27.299479	Gb5	74	80	0	0	664	P1-28-9	0	-
520	27.234375	27.359375	E2	84	80	0	0	666	P1-28-17	0	-
521	27.235677	27.369792	E3	84	80	0	0	666	P1-28-18	0	-
522	27.261719	27.468750	Gb6	77	80	0	0	666	P1-28-10	0	-
523	27.341146	27.434896	Bb5	80	80	0	0	668	P1-28-11	0	-
524	27.440104	27.497396	Gb5	71	80	0	0	670	P1-28-12	0	-
525	27.514323	27.669271	F2	89	80	0	0	672	P1-29-13	0	-
526	27.519531	27.718750	F3	86	80	0	0	672	P1-29-14	0	-
527	27.609375	27.686198	Db6	78	80	0	0	674	P1-29-2	0	-
528	27.686198	27.809896	Bb5	81	80	0	0	676	P1-29-3	0	-
529	27.778646	27.835938	Db4	75	80	0	0	678	P1-29-16	0	-
530	27.778646	27.837240	Bb3	76	80	0	0	678	P1-29-15	0	-
531	27.783854	27.860677	F3	67	80	0	0	-1	*	3	-
532	27.873698	27.979167	Db6	80	80	0	0	680	P1-29-5	0	-
533	27.936198	28.089844	Db7	82	80	0	0	682	P1-29-6	0	-
534	28.010417	28.128906	E2	82	80	0	0	684	P1-29-18	0	-
535	28.011719	28.158854	E3	81	80	0	0	684	P1-29-19	0	-
536	28.015625	28.218750	Bb6	76	80	0	0	684	P1-29-7	0	-
537	28.101562	28.239583	Db7	73	80	0	0	686	P1-29-8	0	-
538	28.102865	28.149740	Db6	70	80	0	0	-1	*	3	-
539	28.197917	28.279948	Db6	57	80	0	0	688	P1-29-9	0	-
540	28.264323	28.369792	F2	79	80	0	0	690	P1-29-20	0	-
541	28.265625	28.326823	F3	81	80	0	0	690	P1-29-21	0	-
542	28.286458	28.429688	Db6	73	80	0	0	690	P1-29-10	0	-
543	28.356771	28.519531	Bb5	78	80	0	0	692	P1-29-11	0	-
544	28.436198	28.569010	Db6	69	80	0	0	694	P1-29-12	0	-
545	28.502604	28.554688	Gb2	89	80	0	0	696	P1-30-13	0	-
546	28.506510	28.639323	Gb3	84	80	0	0	696	P1-30-14	0	-
547	28.584635	28.718750	Db6	74	80	0	0	698	P1-30-2	0	-
548	28.671875	28.735677	Bb5	81	80	0	0	700	P1-30-3	0	-
549	28.748698	28.812500	Fb4	70	80	0	0	702	P1-30-17	0	-
550	28.751302	28.820312	Bb3	70	80	0	0	702	P1-30-15	0	-
551	28.753906	28.820312	Db4	74	80	0	0	702	P1-30-16	0	-
552	28.832031	28.938802	Db6	81	80	0	0	704	P1-30-5	0	-
553	28.902344	29.049479	Db7	83	80	0	0	706	P1-30-6	0	-
554	28.954427	29.079427	F2	82	80	0	0	708	P1-30-18	0	-
555	28.954427	29.079427	F3	76	80	0	0	708	P1-30-19	0	-
556	28.968750	29.059896	Bb6	75	80	0	0	708	P1-30-7	0	-
557	29.061198	29.209635	Db7	72	80	0	0	710	P1-30-8	0	-
558	29.065104	29.250000	Bb6	68	80	0	0	712	P1-30-9	1	-
559	29.144531	29.479167	Db6	71	80	0	0	714	P1-30-10	0	-
560	29.200521	29.255208	Gb2	90	80	0	0	714	P1-30-20	0	-
561	29.203125	29.319010	Gb3	87	80	0	0	714	P1-30-21	0	-
562	29.300781	29.388021	Bb5	77	80	0	0	716	P1-30-11	0	-
563	29.324219	29.348958	F#3	70	80	0	0	718	P1-30-12	1	-
564	29.398438	29.479167	G2	85	80	0	0	720	P1-31-13	0	-
565	29.402344	29.549479	G3	84	80	0	0	720	P1-31-14	0	-
566	29.492188	29.569010	F#3	75	80	0	0	-1	*	3	-
567	29.493490	29.619792	Db6	77	80	0	0	722	P1-31-2	0	-
568	29.566406	29.699219	Bb5	76	80	0	0	724	P1-31-3	0	-
569	29.649740	29.729167	Db4	79	80	0	0	726	P1-31-16	0	-
570	29.654948	29.695312	Fb4	76	80	0	0	726	P1-31-17	0	-
571	29.661458	29.750000	G3	69	80	0	0	726	P1-31-15	0	-
572	29.752604	29.869792	Db6	82	80	0	0	728	P1-31-5	0	-
573	29.794271	29.919271	Db7	77	80	0	0	730	P1-31-6	0	-
574	29.863281	29.869792	G#1	84	80	0	0	-1	*	3	-
575	29.864583	29.924479	Ab2	90	80	0	0	732	P1-31-18	0	-
576	29.864583	29.979167	Ab3	82	80	0	0	732	P1-31-19	0	-
577	29.877604	30.029948	Ab6	84	80	0	0	732	P1-31-7	0	-
578	29.925781	30.079427	Db7	64	80	0	0	734	P1-31-8	0	-
579	30.003906	30.098958	Db6	67	80	0	0	736	P1-31-9	0	-
580	30.106771	30.229167	Db6	77	80	0	0	738	P1-31-10	0	-
581	30.125000	30.218750	Db4	70	80	0	0	738	P1-31-21	0	-
582	30.127604	30.209635	F4	68	80	0	0	738	P1-31-22	0	-
583	30.128906	30.269531	Ab3	72	80	0	0	738	P1-31-20	0	-
584	30.134115	30.139323	F3	67	80	0	0	-1	*	3	-
585	30.209635	30.359375	Ab5	73	80	0	0	740	P1-31-11	0	-
586	30.277344	30.507812	Db6	72	80	0	0	742	P1-31-12	0	-
587	30.337240	30.429688	Bbb2	90	80	0	0	744	P1-32-13	0	-
588	30.337240	30.519531	Bbb3	96	80	0	0	744	P1-32-14	0	-
589	30.518229	30.611979	Gb5	74	80	0	0	748	P1-32-3	0	-
590	30.618490	30.673177	Eb4	69	80	0	0	750	P1-32-16	0	-
591	30.618490	30.739583	Gb4	74	80	0	0	750	P1-32-17	0	-
592	30.621094	30.799479	Bbb3	75	80	0	0	750	P1-32-15	0	-
593	30.782552	30.834635	Db5	72	80	0	0	752	P1-32-5	0	-
594	30.852865	30.914062	Gb4	73	80	0	0	756	P1-32-7	0	-
595	30.912760	30.967448	Db5	82	80	0	0	754	P1-32-6	0	-
596	30.986979	31.069010	Db4	82	80	0	0	760	P1-32-9	0	-
597	31.075521	31.186198	Db4	80	80	0	0	762	P1-32-10	0	-
598	31.083333	31.259115	Bbb2	84	80	0	0	762	P1-32-20	0	-
599	31.083333	31.279948	Bbb1	86	80	0	0	762	P1-32-19	0	-
600	31.194010	31.289062	Gb3	76	80	0	0	764	P1-32-11	0	-
601	31.282552	31.407552	Db4	84	80	0	0	766	P1-32-12	0	-
602	31.436198	31.529948	Ab2	91	80	0	0	768	P1-33-14	0	-
603	31.436198	31.688802	Eb3	89	80	0	0	768	P1-33-1	0	-
604	31.436198	31.501302	Ab1	87	80	0	0	768	P1-33-13	0	-
605	31.442708	31.507812	Eb2	85	80	0	0	768	*	3	-
606	31.545573	31.626302	Gb3	73	80	0	0	770	P1-33-2	0	-
607	31.640625	31.723958	Db4	89	80	0	0	772	P1-33-3	0	-
608	31.722656	31.794271	Eb4	88	80	0	0	774	P1-33-4	0	-
609	31.804688	31.880208	Gb3	78	80	0	0	776	P1-33-5	0	-
610	31.886719	32.039062	Db4	88	80	0	0	778	P1-33-6	0	-
611	31.973958	32.035156	Eb4	78	80	0	0	780	P1-33-7	0	-
612	32.062500	32.149740	Gb4	65	80	0	0	782	P1-33-8	0	-
613	32.132812	32.289062	Db4	70	80	0	0	784	P1-33-9	0	-
614	32.214844	32.281250	Eb4	74	80	0	0	786	P1-33-10	0	-
615	32.292969	32.343750	Gb4	68	80	0	0	788	P1-33-11	0	-
616	32.359375	32.420573	Db5	78	80	0	0	790	P1-33-12	0	-
617	32.434896	32.688802	Eb4	82	80	0	0	792	P1-34-1	0	-
618	32.500000	32.628906	Gb4	65	80	0	0	794	P1-34-2	0	-
619	32.514323	32.619792	F#3	65	80	0	0	-1	*	3	-
620	32.574219	32.688802	Db5	75	80	0	0	796	P1-34-3	0	-
621	32.654948	32.713542	Eb5	71	80	0	0	798	P1-34-4	0	-
622	32.735677	32.819010	Gb4	81	80	0	0	800	P1-34-5	0	-
623	32.799479	32.868490	Db5	89	80	0	0	802	P1-34-6	0	-
624	32.826823	33.098958	Gb4	76	80	0	0	804	P1-34-16	0	-
625	32.835938	33.158854	G#4	81	80	0	0	-1	*	3	-
626	32.835938	33.079427	Db4	87	80	0	0	804	P1-34-15	0	-
627	32.842448	33.139323	Ab3	78	80	0	0	804	P1-34-14	0	-
628	32.847656	32.927083	Eb5	71	80	0	0	804	P1-34-7	0	-
629	32.955729	33.079427	Gb5	88	80	0	0	806	P1-34-8	0	-
630	33.029948	33.092448	Db5	85	80	0	0	808	P1-34-9	0	-
631	33.102865	33.165365	Eb5	80	80	0	0	810	P1-34-10	0	-
632	33.177083	33.259115	Db6	86	80	0	0	812	P1-34-11	0	-
633	33.264323	33.378906	Gb5	86	80	0	0	814	P1-34-12	0	-
634	33.266927	33.348958	Gb4	84	80	0	0	813	P1-34-19	0	-
635	33.268229	33.359375	Ab3	75	80	0	0	813	P1-34-17	0	-
636	33.268229	33.348958	Db4	91	80	0	0	813	P1-34-18	0	-
637	33.363281	34.669271	Db4	84	80	0	0	816	P1-35-14	0	-
638	33.363281	33.459635	Gb4	81	80	0	0	816	P1-35-15	0	-
639	33.364583	33.639323	F#3	74	80	0	0	-1	*	3	-
640	33.371094	33.429688	Ab3	76	80	0	0	-1	*	3	-
641	33.438802	34.529948	Ab3	65	80	0	0	816	P1-35-13	0	-
642	33.473958	33.658854	Gb4	72	80	0	0	818	P1-35-2	1	-
643	33.531250	33.614583	Eb6	83	80	0	0	820	P1-35-3	0	-
644	33.611979	33.692708	Db6	81	80	0	0	822	P1-35-4	0	-
645	33.651042	33.739583	C#5	71	80	0	0	-1	*	3	-
646	33.713542	34.279948	F#4	73	80	0	0	824	P1-35-5	1	-
647	33.790365	33.834635	Eb5	67	80	0	0	826	P1-35-6	0	-
648	33.869792	33.878906	C#5	63	80	0	0	828	P1-35-7	1	-
649	33.945312	34.049479	Gb5	71	80	0	0	830	P1-35-8	0	-
650	34.037760	34.089844	Eb5	63	80	0	0	832	P1-35-9	0	-
651	34.095052	34.140625	Db5	62	80	0	0	834	P1-35-10	0	-
652	34.169271	34.289062	Gb5	68	80	0	0	836	P1-35-11	0	-
653	34.230469	34.294271	Eb5	74	80	0	0	838	P1-35-12	0	-
654	34.303385	34.361979	Db5	81	80	0	0	840	P1-36-1	0	-
655	34.385417	34.509115	Gb4	74	80	0	0	842	P1-36-2	0	-
656	34.454427	34.569010	Eb5	78	80	0	0	844	P1-36-3	0	-
657	34.527344	34.598958	Db5	77	80	0	0	846	P1-36-4	0	-
658	34.606771	34.669271	Db5	63	80	0	0	846	*	3	-
659	34.606771	34.750000	Gb4	64	80	0	0	848	P1-36-5	0	-
660	34.687500	34.819010	Eb4	70	80	0	0	850	P1-36-6	0	-
661	34.752604	34.820312	Db5	70	80	0	0	852	P1-36-7	0	-
662	34.837240	34.959635	Gb4	64	80	0	0	854	P1-36-8	0	-
663	34.920573	35.003906	Eb4	74	80	0	0	856	P1-36-9	0	-
664	34.989583	35.055990	Db4	74	80	0	0	858	P1-36-10	0	-
665	35.105469	35.259115	Gb4	67	80	0	0	860	P1-36-11	0	-
666	35.190104	35.269531	Eb4	62	80	0	0	862	P1-36-12	0	-
667	35.286458	35.351562	Ab2	71	80	0	0	864	P1-37-14	0	-
668	35.286458	35.341146	Ab1	68	80	0	0	864	P1-37-13	0	-
669	35.432292	35.529948	Gb4	68	80	0	0	868	P1-37-3	0	-
670	35.505208	35.553385	Ab4	78	80	0	0	870	P1-37-4	0	-
671	35.565104	35.634115	Eb4	60	80	0	0	872	P1-37-5	0	-
672	35.602865	35.699219	Gb4	66	80	0	0	874	P1-37-6	0	-
673	35.682292	35.725260	Ab4	65	80	0	0	876	P1-37-7	0	-
674	35.753906	35.803385	Eb5	72	80	0	0	878	P1-37-8	0	-
675	35.837240	35.919271	Gb4	69	80	0	0	880	P1-37-9	0	-
676	35.910156	35.950521	Ab4	65	80	0	0	882	P1-37-10	0	-
677	35.985677	36.089844	Eb5	66	80	0	0	884	P1-37-11	0	-
678	36.059896	36.105469	Gb5	69	80	0	0	886	P1-37-12	0	-
679	36.135417	36.218750	Ab4	61	80	0	0	888	P1-38-1	0	-
680	36.208333	36.264323	Eb5	74	80	0	0	890	P1-38-2	0	-
681	36.289062	36.363281	Gb5	72	80	0	0	892	P1-38-3	0	-
682	36.369792	36.424479	Ab5	76	80	0	0	894	P1-38-4	0	-
683	36.437500	36.492188	Eb5	67	80	0	0	896	P1-38-5	0	-
684	36.513021	36.567708	Gb5	71	80	0	0	898	P1-38-6	0	-
685	36.576823	36.634115	Ab3	81	80	0	0	900	P1-38-14	0	-
686	36.593750	36.679688	Ab4	80	80	0	0	900	P1-38-17	0	-
687	36.604167	36.848958	C4	80	80	0	0	900	P1-38-15	0	-
688	36.617188	36.739583	Gb4	78	80	0	0	900	P1-38-16	0	-
689	36.679688	36.744792	Eb6	77	80	0	0	902	P1-38-8	0	-
690	36.756510	36.839844	Gb5	69	80	0	0	904	P1-38-9	0	-
691	36.828125	36.938802	G#4	73	80	0	0	-1	*	3	-
692	36.830729	36.906250	Ab5	75	80	0	0	906	P1-38-10	0	-
693	36.919271	37.039062	Gb6	80	80	0	0	908	P1-38-11	0	-
694	37.024740	37.179688	Eb6	91	80	0	0	910	P1-38-12	0	-
695	37.031250	37.070312	C4	92	80	0	0	909	P1-38-19	0	-
696	37.032552	37.074219	Ab3	84	80	0	0	909	P1-38-18	0	-
697	37.126302	37.229167	C5	86	80	0	0	-1	*	3	-
698	37.132812	37.289062	C4	82	80	0	0	912	P1-39-14	0	-
699	37.134115	37.269531	Ab5	86	80	0	0	912	P1-39-1	0	-
700	37.173177	37.207031	Ab4	73	80	0	0	912	P1-39-16	0	-
701	37.216146	37.339844	Ab3	65	80	0	0	912	P1-39-13	0	-
702	37.226562	37.291667	Gb5	80	80	0	0	914	P1-39-2	0	-
703	37.307292	37.419271	G#4	71	80	0	0	916	P1-39-3	1	-
704	37.391927	37.479167	Ab5	70	80	0	0	918	P1-39-4	0	-
705	37.454427	37.459635	F#4	58	80	0	0	920	P1-39-5	1	-
706	37.536458	37.628906	Eb5	61	80	0	0	922	P1-39-6	0	-
707	37.608073	37.666667	Ab5	77	80	0	0	924	P1-39-7	0	-
708	37.666667	37.769531	F#4	61	80	0	0	926	P1-39-8	1	-
709	37.674479	37.750000	Eb5	65	80	0	0	-1	*	3	-
710	37.756510	37.859375	Eb5	67	80	0	0	928	P1-39-9	0	-
711	37.834635	37.989583	Ab4	75	80	0	0	930	P1-39-10	0	-
712	37.894531	37.972656	Gb5	65	80	0	0	932	P1-39-11	0	-
713	37.983073	38.055990	Eb5	67	80	0	0	934	P1-39-12	0	-
714	38.092448	38.229167	Ab4	70	80	0	0	936	P1-40-1	0	-
715	38.188802	38.240885	Gb4	64	80	0	0	938	P1-40-2	0	-
716	38.257812	38.319010	Eb5	70	80	0	0	940	P1-40-3	0	-
717	38.341146	38.399740	Ab4	70	80	0	0	942	P1-40-4	0	-
718	38.423177	38.467448	Gb4	61	80	0	0	944	P1-40-5	0	-
719	38.502604	38.566406	Eb4	69	80	0	0	946	P1-40-6	0	-
720	38.571615	38.959635	Ab4	81	80	0	0	948	P1-40-7	0	-
721	38.645833	38.700521	Gb4	66	80	0	0	950	P1-40-8	0	-
722	38.731771	38.786458	Eb4	64	80	0	0	952	P1-40-9	0	-
723	38.804688	38.848958	Ab3	68	80	0	0	954	P1-40-10	0	-
724	38.875000	38.960938	Gb4	69	80	0	0	956	P1-40-11	0	-
725	38.964844	39.029948	Eb4	61	80	0	0	958	P1-40-12	0	-
726	39.046875	39.229167	Db4	67	80	0	0	960	P1-41-1	0	-
727	39.075521	39.128906	Db2	63	80	0	0	960	P1-41-13	0	-
728	39.148438	39.205729	Db5	63	80	0	0	962	P1-41-2	0	-
729	39.220052	39.277344	Ab4	75	80	0	0	964	P1-41-3	0	-
730	39.305990	39.449219	Db5	58	80	0	0	966	P1-41-4	0	-
731	39.423177	39.539062	Ab4	76	80	0	0	968	P1-41-5	0	-
732	39.506510	39.563802	Ab5	74	80	0	0	970	P1-41-6	0	-
733	39.584635	40.429688	Ab3	70	80	0	0	972	P1-41-15	0	-
734	39.584635	40.389323	F4	64	80	0	0	972	P1-41-16	0	-
735	39.600260	39.671875	Db5	69	80	0	0	972	P1-41-7	0	-
736	39.677083	39.759115	Ab5	65	80	0	0	974	P1-41-8	0	-
737	39.783854	39.837240	Ab4	74	80	0	0	976	P1-41-9	0	-
738	39.861979	39.923177	Db5	68	80	0	0	978	P1-41-10	0	-
739	39.933594	40.059896	Ab4	76	80	0	0	980	P1-41-11	0	-
740	39.998698	40.089844	Db5	59	80	0	0	982	P1-41-12	0	-
741	40.092448	40.783854	Db4	74	80	0	0	984	P1-42-1	0	-
742	40.171875	40.227865	Db5	66	80	0	0	986	P1-42-2	0	-
743	40.238281	40.289062	Ab4	75	80	0	0	988	P1-42-3	0	-
744	40.304688	40.364583	Db5	61	80	0	0	990	P1-42-4	0	-
745	40.388021	40.489583	Ab4	73	80	0	0	992	P1-42-5	0	-
746	40.467448	40.569010	Ab5	72	80	0	0	994	P1-42-6	0	-
747	40.542969	40.799479	E4	76	80	0	0	996	P1-42-16	0	-
748	40.542969	40.878906	G3	70	80	0	0	996	P1-42-15	0	-
749	40.598958	40.664062	Ab5	71	80	0	0	998	P1-42-8	0	-
750	40.604167	40.619792	Ab4	70	80	0	0	-1	*	3	-
751	40.683594	40.734375	Ab4	74	80	0	0	1000	P1-42-9	0	-
752	40.753906	40.878906	Db5	55	80	0	0	1002	P1-42-10	0	-
753	40.821615	40.882812	Ab4	69	80	0	0	1004	P1-42-11	0	-
754	40.886719	41.009115	Ab3	72	80	0	0	1005	P1-42-17	0	-
755	40.894531	40.989583	Db5	72	80	0	0	1006	P1-42-12	0	-
756	40.895833	41.029948	F4	73	80	0	0	-1	*	3	-
757	41.014323	41.209635	Db4	83	80	0	0	1008	P1-43-1	0	-
758	41.018229	41.119792	Db3	71	80	0	0	1008	P1-43-13	0	-
759	41.084635	41.158854	G#3	62	80	0	0	-1	*	3	-
760	41.087240	41.179688	Db5	74	80	0	0	1010	P1-43-2	0	-
761	41.160156	41.214844	Ab4	79	80	0	0	1012	P1-43-3	0	-
762	41.231771	41.319010	Db5	71	80	0	0	1014	P1-43-4	0	-
763	41.343750	41.459635	Db5	68	80	0	0	1016	P1-43-5	0	-
764	41.420573	41.529948	Db6	83	80	0	0	1018	P1-43-6	0	-
765	41.477865	41.848958	Ab3	72	80	0	0	1020	P1-43-15	0	-
766	41.483073	41.759115	F4	63	80	0	0	1020	P1-43-16	0	-
767	41.513021	41.709635	C#4	58	80	0	0	-1	*	3	-
768	41.520833	41.596354	Ab5	70	80	0	0	1020	P1-43-7	0	-
769	41.536458	41.649740	Db6	76	80	0	0	1022	P1-43-8	0	-
770	41.626302	41.729167	Db5	69	80	0	0	1024	P1-43-9	0	-
771	41.740885	41.829427	Db5	72	80	0	0	1026	P1-43-10	0	-
772	41.803385	41.837240	Ab4	76	80	0	0	1028	P1-43-11	0	-
773	41.843750	41.894531	Db5	73	80	0	0	1030	P1-43-12	0	-
774	41.923177	42.079427	Ab4	85	80	0	0	1032	P1-44-1	0	-
775	42.014323	42.075521	Ab5	73	80	0	0	1034	P1-44-2	0	-
776	42.084635	42.179688	Db5	66	80	0	0	1036	P1-44-3	0	-
777	42.085938	42.229167	G#4	71	80	0	0	-1	*	3	-
778	42.170573	42.209635	Ab5	60	80	0	0	1038	P1-44-4	0	-
779	42.265625	42.326823	Ab5	72	80	0	0	1040	P1-44-5	0	-
780	42.325521	42.429688	Ab6	77	80	0	0	1042	P1-44-6	0	-
781	42.381510	42.729167	G3	73	80	0	0	1044	P1-44-15	0	-
782	42.385417	42.789062	E4	75	80	0	0	1044	P1-44-16	0	-
783	42.407552	42.559896	Db6	69	80	0	0	1044	P1-44-7	0	-
784	42.475260	42.559896	Ab6	78	80	0	0	1046	P1-44-8	0	-
785	42.664062	42.729167	Ab5	66	80	0	0	1050	P1-44-10	0	-
786	42.734375	42.813802	Db5	77	80	0	0	1052	P1-44-11	0	-
787	42.842448	42.899740	Ab3	72	80	0	0	1053	P1-44-17	0	-
788	42.843750	42.968750	F4	70	80	0	0	1053	P1-44-18	0	-
789	42.845052	42.989583	Ab5	79	80	0	0	1054	P1-44-12	0	-
790	42.928385	43.039062	Db5	59	80	0	0	1056	P1-45-1	0	-
791	42.967448	43.042969	Db3	73	80	0	0	1056	P1-45-13	0	-
792	43.039062	43.111979	Eb5	76	80	0	0	1058	P1-45-2	0	-
793	43.041667	43.109375	G#3	57	80	0	0	-1	*	3	-
794	43.117188	43.174479	Db5	74	80	0	0	1060	P1-45-3	0	-
795	43.203125	43.209635	Eb5	67	80	0	0	-1	*	3	-
796	43.229167	43.321615	Eb6	82	80	0	0	1062	P1-45-4	0	-
797	43.231771	43.489583	Ab3	65	80	0	0	1062	P1-45-14	0	-
798	43.236979	43.250000	C#5	75	80	0	0	-1	*	3	-
799	43.236979	43.569010	F4	70	80	0	0	1062	P1-45-16	0	-
800	43.240885	43.408854	Db4	77	80	0	0	1062	P1-45-15	0	-
801	43.324219	43.394531	Db6	78	80	0	0	1064	P1-45-5	0	-
802	43.410156	43.523438	Eb7	77	80	0	0	1066	P1-45-6	0	-
803	43.503906	43.628906	Db7	78	80	0	0	1068	P1-45-7	0	-
804	43.541667	43.665365	Db4	79	80	0	0	1068	P1-45-18	0	-
805	43.544271	43.822917	Gb4	75	80	0	0	1068	P1-45-19	0	-
806	43.545573	43.635417	Bbb3	72	80	0	0	1068	P1-45-17	0	-
807	43.613281	43.750000	Eb7	75	80	0	0	1070	P1-45-8	0	-
808	43.695312	43.819010	Db7	75	80	0	0	1072	P1-45-9	0	-
809	43.781250	43.829427	Db6	79	80	0	0	1074	P1-45-10	0	-
810	43.796875	43.899740	G4	87	80	0	0	1074	P1-45-22	0	-
811	43.809896	43.949219	Db4	76	80	0	0	1074	P1-45-21	0	-
812	43.820312	43.929688	Bb3	75	80	0	0	1074	P1-45-20	0	-
813	43.841146	43.946615	Eb6	82	80	0	0	1076	P1-45-11	0	-
814	43.960938	44.128906	Db6	73	80	0	0	1078	P1-45-12	0	-
815	44.057292	44.169271	Db5	85	80	0	0	1080	P1-46-1	0	-
816	44.063802	44.429688	Ab4	89	80	0	0	1080	P1-46-15	0	-
817	44.083333	44.419271	Db4	71	80	0	0	1080	P1-46-14	0	-
818	44.084635	44.399740	Cb4	71	80	0	0	1080	P1-46-13	0	-
819	44.144531	44.279948	Eb5	79	80	0	0	1082	P1-46-2	0	-
820	44.253906	44.320312	Db5	72	80	0	0	1084	P1-46-3	0	-
821	44.334635	44.416667	Eb6	77	80	0	0	1086	P1-46-4	0	-
822	44.406250	44.450521	Db6	78	80	0	0	1088	P1-46-5	0	-
823	44.466146	44.628906	Eb7	81	80	0	0	1090	P1-46-6	0	-
824	44.544271	44.750000	Db7	92	80	0	0	1092	P1-46-7	0	-
825	44.575521	44.819010	G4	84	80	0	0	1092	P1-46-18	0	-
826	44.593750	44.760417	Db4	72	80	0	0	1092	P1-46-17	0	-
827	44.602865	44.786458	Bb3	72	80	0	0	1092	P1-46-16	0	-
828	44.641927	44.819010	Eb7	77	80	0	0	1094	P1-46-8	0	-
829	44.753906	44.848958	Db7	82	80	0	0	1096	P1-46-9	0	-
830	44.858073	44.968750	Db7	84	80	0	0	-1	*	3	-
831	44.861979	44.919271	Db6	87	80	0	0	1098	P1-46-10	0	-
832	44.885417	45.079427	Gb4	83	80	0	0	1098	P1-46-21	0	-
833	44.903646	45.049479	Db4	80	80	0	0	1098	P1-46-20	0	-
834	44.910156	45.079427	Bbb3	65	80	0	0	1098	P1-46-19	0	-
835	44.960938	45.044271	Eb6	78	80	0	0	1100	P1-46-11	0	-
836	45.044271	45.149740	Db6	67	80	0	0	1102	P1-46-12	0	-
837	45.106771	45.329427	Db7	92	80	0	0	1104	P1-47-1	0	-
838	45.114583	45.389323	F4	83	80	0	0	1104	P1-47-15	0	-
839	45.117188	45.294271	C#4	74	80	0	0	1104	P1-47-14	1	-
840	45.125000	45.304688	Ab3	65	80	0	0	1104	P1-47-13	0	-
841	45.227865	45.369792	Eb7	69	80	0	0	1106	P1-47-2	0	-
842	45.335938	45.438802	Db7	80	80	0	0	1108	P1-47-3	0	-
843	45.433594	45.484375	Db3	89	80	0	0	1110	P1-47-16	0	-
844	45.444010	45.529948	C#7	81	80	0	0	-1	*	3	-
845	45.453125	45.498698	Db6	82	80	0	0	1110	P1-47-4	0	-
846	45.545573	45.606771	Eb6	79	80	0	0	1112	P1-47-5	0	-
847	45.635417	45.739583	Db6	77	80	0	0	1114	P1-47-6	0	-
848	45.683594	45.908854	Ab4	86	80	0	0	1116	P1-47-17	0	-
849	45.704427	46.000000	Cb4	70	80	0	0	1116	P1-47-20	0	-
850	45.712240	46.158854	Db4	78	80	0	0	1116	P1-47-21	0	-
851	45.716146	45.899740	Db7	95	80	0	0	1116	P1-47-7	0	-
852	45.813802	46.169271	F4	70	80	0	0	1116	P1-47-22	0	-
853	45.864583	46.049479	Eb7	74	80	0	0	1118	P1-47-8	0	-
854	46.001302	46.179688	Db7	70	80	0	0	1120	P1-47-9	0	-
855	46.074219	46.125000	Bb4	80	80	0	0	1122	P1-47-18	0	-
856	46.130208	46.209635	Db6	74	80	0	0	1122	P1-47-10	0	-
857	46.255208	46.329427	Eb6	75	80	0	0	1124	P1-47-11	0	-
858	46.292969	48.399740	Cb4	68	80	0	0	1128	P1-48-16	0	-
859	46.343750	48.539062	Db4	72	80	0	0	1128	P1-48-17	0	-
860	46.391927	46.468750	Db6	73	80	0	0	1126	P1-47-12	0	-
861	46.404948	48.359375	F4	63	80	0	0	1128	P1-48-18	0	-
862	46.446615	47.239583	Cb5	76	80	0	0	1128	P1-48-13	0	-
863	46.526042	46.688802	Db7	83	80	0	0	1128	P1-48-1	0	-
864	46.682292	46.829427	Eb7	72	80	0	0	1130	P1-48-2	0	-
865	46.835938	46.959635	Eb7	61	80	0	0	-1	*	3	-
866	46.838542	46.895833	Db7	67	80	0	0	1132	P1-48-3	0	-
867	46.993490	47.054688	Db6	80	80	0	0	1134	P1-48-4	0	-
868	47.143229	47.289062	Eb6	71	80	0	0	1136	P1-48-5	0	-
869	47.292969	47.419271	Db6	64	80	0	0	1138	P1-48-6	0	-
870	47.459635	47.769531	Db7	68	80	0	0	1140	P1-48-7	0	-
871	47.496094	47.949219	Bb4	58	80	0	0	1140	P1-48-14	0	-
872	47.682292	47.859375	Eb7	64	80	0	0	1142	P1-48-8	0	-
873	47.871094	48.109375	Eb7	42	80	0	0	1142	*	3	-
874	47.906250	48.309896	Db7	58	80	0	0	1144	P1-48-9	0	-
875	48.121094	48.479167	Ab4	66	80	0	0	1146	P1-48-15	0	-
876	48.140625	48.348958	Db6	65	80	0	0	1146	P1-48-10	0	-
877	48.337240	48.539062	Eb6	58	80	0	0	1148	P1-48-11	0	-
878	48.510417	48.750000	Db6	66	80	0	0	1150	P1-48-12	0	-
879	48.845052	49.059896	Gb6	88	80	0	0	1152	P1-49-1	0	-
880	48.861979	48.907552	Gb3	84	80	0	0	1152	P1-49-13	0	-
881	48.861979	48.968750	Db4	89	80	0	0	1152	P1-49-15	0	-
882	48.864583	48.917969	Bb3	86	80	0	0	1152	P1-49-14	0	-
883	48.864583	48.938802	Gb4	80	80	0	0	1152	P1-49-16	0	-
884	48.953125	49.026042	Bb6	85	80	0	0	1154	P1-49-2	0	-
885	49.029948	49.179688	Db6	72	80	0	0	1156	P1-49-3	0	-
886	49.111979	49.154948	Gb3	85	80	0	0	1158	P1-49-17	0	-
887	49.113281	49.154948	Eb4	89	80	0	0	1158	P1-49-19	0	-
888	49.114583	49.188802	Cb4	82	80	0	0	1158	P1-49-18	0	-
889	49.187500	49.348958	Eb6	74	80	0	0	1160	P1-49-5	0	-
890	49.247396	49.399740	Gb6	77	80	0	0	1162	P1-49-6	0	-
891	49.337240	49.449219	Db4	86	80	0	0	1164	P1-49-23	0	-
892	49.345052	49.438802	Bb3	90	80	0	0	1164	P1-49-22	0	-
893	49.346354	49.479167	Gb3	79	80	0	0	1164	P1-49-21	0	-
894	49.411458	49.549479	Gb6	81	80	0	0	1166	P1-49-8	0	-
895	49.493490	49.546875	Bb5	79	80	0	0	1168	P1-49-9	0	-
896	49.567708	49.643229	Db6	66	80	0	0	1170	P1-49-10	0	-
897	49.658854	49.714844	Gb5	68	80	0	0	1172	P1-49-11	0	-
898	49.660156	49.709635	Bb3	64	80	0	0	-1	*	3	-
899	49.729167	49.765625	Bb5	76	80	0	0	1174	P1-49-12	0	-
900	49.816406	49.852865	Gb2	63	80	0	0	1176	P1-50-13	0	-
901	49.864583	49.924479	Bb5	68	80	0	0	1178	P1-50-2	0	-
902	49.867188	49.968750	F#5	65	80	0	0	-1	*	3	-
903	49.955729	50.010417	Db5	66	80	0	0	1180	P1-50-3	0	-
904	50.059896	50.139323	Cb4	50	80	0	0	1182	P1-50-15	0	-
905	50.062500	50.104167	Eb4	50	80	0	0	1182	P1-50-16	0	-
906	50.063802	50.449219	F#3	49	80	0	0	-1	*	3	-
907	50.117188	50.174479	Eb5	64	80	0	0	1184	P1-50-5	0	-
908	50.173177	50.204427	Gb5	69	80	0	0	1186	P1-50-6	0	-
909	50.277344	50.369792	Db4	58	80	0	0	1188	P1-50-19	0	-
910	50.281250	50.489583	Bb3	57	80	0	0	1188	P1-50-18	0	-
911	50.334635	50.429688	Gb5	63	80	0	0	1190	P1-50-8	0	-
912	50.412760	50.450521	Bb4	58	80	0	0	1192	P1-50-9	0	-
913	50.476562	50.552083	Db5	68	80	0	0	1194	P1-50-10	0	-
914	50.563802	50.679688	Gb4	61	80	0	0	1196	P1-50-11	0	-
915	50.634115	50.718750	Bb4	59	80	0	0	1198	P1-50-12	0	-
916	50.716146	50.799479	Db2	64	80	0	0	1200	P1-51-13	0	-
917	50.716146	50.761719	Db3	63	80	0	0	1200	P1-51-14	0	-
918	50.786458	50.869792	F#4	58	80	0	0	-1	*	3	-
919	50.789062	50.859375	Db5	63	80	0	0	1202	P1-51-2	0	-
920	50.858073	50.897135	Ab4	66	80	0	0	1204	P1-51-3	0	-
921	50.951823	51.013021	Ab3	46	80	0	0	1206	P1-51-15	0	-
922	51.006510	51.035156	Ab4	65	80	0	0	1208	P1-51-5	0	-
923	51.089844	51.319010	Ab5	73	80	0	0	1210	P1-51-6	0	-
924	51.144531	51.197917	Ab4	71	80	0	0	1212	P1-51-7	0	-
925	51.194010	51.235677	Cb4	65	80	0	0	1212	P1-51-19	0	-
926	51.199219	51.242188	Ab3	62	80	0	0	1212	P1-51-18	0	-
927	51.201823	51.235677	Eb4	59	80	0	0	1212	P1-51-20	0	-
928	51.326823	51.373698	Eb5	67	80	0	0	1216	P1-51-9	0	-
929	51.407552	51.489583	Ab2	70	80	0	0	1218	P1-51-21	0	-
930	51.412760	51.485677	Ab5	70	80	0	0	1218	P1-51-10	0	-
931	51.490885	51.533854	Eb5	61	80	0	0	1220	P1-51-11	0	-
932	51.580729	51.709635	Eb6	77	80	0	0	1222	P1-51-12	0	-
933	51.653646	51.691406	Db3	87	80	0	0	1224	P1-52-21	0	-
934	51.656250	51.750000	Eb5	75	80	0	0	1224	P1-52-1	0	-
935	51.723958	51.959635	Eb6	77	80	0	0	1226	P1-52-2	0	-
936	51.804688	51.949219	Ab5	80	80	0	0	1228	P1-52-3	0	-
937	51.863281	51.915365	Cb4	87	80	0	0	1230	P1-52-15	0	-
938	51.864583	51.968750	Eb4	84	80	0	0	1230	P1-52-16	0	-
939	51.868490	52.009115	Ab3	86	80	0	0	1230	P1-52-14	0	-
940	51.959635	52.098958	Ab5	67	80	0	0	1232	P1-52-5	0	-
941	52.042969	52.179688	Ab6	83	80	0	0	1234	P1-52-6	0	-
942	52.143229	52.279948	Cb4	75	80	0	0	1236	P1-52-18	0	-
943	52.144531	52.218750	Eb6	71	80	0	0	1236	P1-52-7	1	-
944	52.144531	52.309896	Db4	72	80	0	0	1236	P1-52-19	0	-
945	52.231771	52.359375	Ab6	78	80	0	0	1238	P1-52-8	0	-
946	52.303385	52.363281	Db6	70	80	0	0	1240	P1-52-9	0	-
947	52.365885	52.489583	Ab6	76	80	0	0	1242	P1-52-10	0	-
948	52.437500	52.559896	Db6	73	80	0	0	1244	P1-52-11	0	-
949	52.513021	52.565104	Db7	87	80	0	0	1246	P1-52-12	0	-
950	52.579427	52.674479	Gb6	92	80	0	0	1248	P1-53-1	0	-
951	52.591146	52.718750	Db4	91	80	0	0	1248	P1-53-15	0	-
952	52.592448	52.688802	Gb3	85	80	0	0	1248	P1-53-13	0	-
953	52.593750	52.699219	Bb3	86	80	0	0	1248	P1-53-14	0	-
954	52.682292	52.829427	Bb6	85	80	0	0	1250	P1-53-2	0	-
955	52.783854	52.908854	Db6	74	80	0	0	1252	P1-53-3	0	-
956	52.854167	52.968750	Cb4	84	80	0	0	1254	P1-53-18	0	-
957	52.854167	52.911458	Gb3	78	80	0	0	1254	P1-53-17	0	-
958	52.858073	53.009115	Eb4	87	80	0	0	1254	P1-53-19	0	-
959	52.944010	53.069010	Eb6	81	80	0	0	1256	P1-53-5	0	-
960	53.005208	53.149740	Gb6	80	80	0	0	1258	P1-53-6	0	-
961	53.078125	53.239583	Db4	89	80	0	0	1260	P1-53-23	0	-
962	53.080729	53.209635	Bb3	86	80	0	0	1260	P1-53-22	0	-
963	53.083333	53.269531	Gb3	86	80	0	0	1260	P1-53-21	0	-
964	53.162760	53.225260	Gb6	80	80	0	0	1262	P1-53-8	0	-
965	53.235677	53.348958	Bb5	80	80	0	0	1264	P1-53-9	0	-
966	53.402344	53.519531	Gb5	69	80	0	0	1268	P1-53-11	0	-
967	53.475260	53.639323	Bb5	70	80	0	0	1270	P1-53-12	0	-
968	53.555990	53.639323	Gb2	60	80	0	0	1272	P1-54-13	0	-
969	53.644531	53.739583	Bb5	70	80	0	0	1274	P1-54-2	0	-
970	53.703125	53.740885	Db5	72	80	0	0	1276	P1-54-3	0	-
971	53.783854	53.899740	Cb4	65	80	0	0	1278	P1-54-15	0	-
972	53.790365	53.889323	F#3	58	80	0	0	-1	*	3	-
973	53.792969	53.919271	Eb4	56	80	0	0	1278	P1-54-16	0	-
974	53.792969	53.848958	Eb5	68	80	0	0	1278	P1-54-4	1	-
975	53.855469	53.915365	Eb5	71	80	0	0	1280	P1-54-5	0	-
976	53.903646	53.989583	Gb5	76	80	0	0	1282	P1-54-6	0	-
977	53.993490	54.035156	Db5	74	80	0	0	1284	P1-54-7	0	-
978	53.994792	54.109375	Db4	70	80	0	0	1284	P1-54-19	0	-
979	53.997396	54.259115	Bb3	67	80	0	0	1284	P1-54-18	0	-
980	54.135417	54.201823	Bb4	70	80	0	0	1288	P1-54-9	0	-
981	54.212240	54.274740	Db5	75	80	0	0	1290	P1-54-10	0	-
982	54.295573	54.378906	Gb4	77	80	0	0	1292	P1-54-11	0	-
983	54.364583	54.404948	Bb4	69	80	0	0	1294	P1-54-12	0	-
984	54.445312	54.559896	Cb3	72	80	0	0	1296	P1-55-13	0	-
985	54.447917	54.639323	Eb4	78	80	0	0	1296	P1-55-1	0	-
986	54.524740	54.658854	Eb5	72	80	0	0	1298	P1-55-2	0	-
987	54.597656	54.654948	Ab4	77	80	0	0	1300	P1-55-3	0	-
988	54.670573	54.839844	Eb5	69	80	0	0	1302	P1-55-4	0	-
989	54.673177	54.720052	Ab3	72	80	0	0	1302	P1-55-14	0	-
990	54.747396	54.839844	Ab4	70	80	0	0	1304	P1-55-5	0	-
991	54.825521	54.906250	Ab5	81	80	0	0	1306	P1-55-6	0	-
992	54.920573	55.009115	Bb4	75	80	0	0	1308	P1-55-7	0	-
993	54.925781	54.970052	Bb3	67	80	0	0	1308	P1-55-17	0	-
994	54.927083	54.972656	F3	67	80	0	0	1308	P1-55-16	0	-
995	54.934896	55.000000	D4	68	80	0	0	1308	P1-55-18	0	-
996	54.996094	55.050781	Bb5	75	80	0	0	1310	P1-55-8	0	-
997	55.076823	55.153646	Bb3	61	80	0	0	1312	P1-55-9	1	-
998	55.140625	55.250000	Bb2	69	80	0	0	1314	P1-55-19	0	-
999	55.145833	55.229167	Bb5	75	80	0	0	1314	P1-55-10	0	-
1000	55.222656	55.378906	B4	51	80	0	0	1316	P1-55-11	1	-
1001	55.295573	55.347656	Bb5	75	80	0	0	1318	P1-55-12	0	-
1002	55.368490	55.449219	Cb3	68	80	0	0	1320	P1-56-13	0	-
1003	55.371094	55.468750	Eb5	75	80	0	0	1320	P1-56-1	0	-
1004	55.476562	55.609375	Eb6	73	80	0	0	1322	P1-56-2	0	-
1005	55.555990	55.688802	Ab5	77	80	0	0	1324	P1-56-3	0	-
1006	55.619792	55.729167	Eb6	68	80	0	0	1326	P1-56-4	0	-
1007	55.625000	55.759115	Ab3	69	80	0	0	1326	P1-56-14	0	-
1008	55.625000	55.750000	Eb4	71	80	0	0	1326	P1-56-15	0	-
1009	55.696615	55.839844	Ab5	80	80	0	0	1328	P1-56-5	0	-
1010	55.804688	55.908854	Ab6	82	80	0	0	1330	P1-56-6	0	-
1011	55.885417	55.945312	Bb5	83	80	0	0	1332	P1-56-7	0	-
1012	55.893229	55.989583	Bb3	65	80	0	0	1332	P1-56-17	0	-
1013	55.895833	55.946615	F3	67	80	0	0	1332	P1-56-16	0	-
1014	55.895833	55.938802	D4	68	80	0	0	1332	P1-56-18	0	-
1015	55.953125	56.109375	Bb6	85	80	0	0	1334	P1-56-8	0	-
1016	56.031250	56.083333	Bb5	79	80	0	0	1336	P1-56-9	0	-
1017	56.113281	56.218750	Bb2	75	80	0	0	1338	P1-56-19	0	-
1018	56.119792	56.259115	Bb6	74	80	0	0	1338	P1-56-10	0	-
1019	56.196615	56.234375	Bb5	81	80	0	0	1340	P1-56-11	0	-
1020	56.264323	56.419271	Bb6	78	80	0	0	1342	P1-56-12	0	-
1021	56.334635	56.394531	Bb5	89	80	0	0	1344	P1-57-1	0	-
1022	56.337240	56.365885	Cb3	76	80	0	0	1344	P1-57-13	0	-
1023	56.432292	56.539062	Bb6	80	80	0	0	1346	P1-57-2	0	-
1024	56.549479	56.625000	Eb6	68	80	0	0	1348	P1-57-3	0	-
1025	56.644531	56.729167	Bb6	75	80	0	0	1350	P1-57-4	0	-
1026	56.654948	56.739583	Ab4	66	80	0	0	1350	P1-57-16	0	-
1027	56.661458	56.759115	Cb4	59	80	0	0	1350	P1-57-14	0	-
1028	56.662760	56.769531	Eb4	61	80	0	0	1350	P1-57-15	0	-
1029	56.750000	56.796875	Ab5	69	80	0	0	1352	P1-57-5	0	-
1030	56.817708	56.929688	Ab6	82	80	0	0	1354	P1-57-6	0	-
1031	56.873698	56.989583	Ab5	86	80	0	0	1356	P1-57-7	0	-
1032	56.889323	56.989583	Db3	67	80	0	0	1356	P1-57-17	0	-
1033	56.944010	57.069010	Ab6	90	80	0	0	1358	P1-57-8	0	-
1034	57.033854	57.095052	Db6	71	80	0	0	1360	P1-57-9	0	-
1035	57.118490	57.179688	Bb3	67	80	0	0	1362	P1-57-18	0	-
1036	57.134115	57.186198	Db4	68	80	0	0	1362	P1-57-19	0	-
1037	57.135417	57.178385	Gb4	56	80	0	0	1362	P1-57-20	0	-
1038	57.191406	57.289062	Gb5	76	80	0	0	1364	P1-57-11	0	-
1039	57.256510	57.324219	Gb6	79	80	0	0	1366	P1-57-12	0	-
1040	57.356771	57.429688	Cb3	70	80	0	0	1368	P1-58-13	0	-
1041	57.359375	57.369792	B3	73	80	0	0	-1	*	3	-
1042	57.363281	57.408854	Db5	72	80	0	0	1368	P1-58-1	0	-
1043	57.460938	57.532552	Db6	77	80	0	0	1370	P1-58-2	0	-
1044	57.548177	57.679688	Ab5	80	80	0	0	1372	P1-58-3	0	-
1045	57.626302	57.709635	Db4	71	80	0	0	1374	P1-58-15	0	-
1046	57.626302	57.675781	Cb4	65	80	0	0	1374	P1-58-14	0	-
1047	57.634115	57.688802	Ab4	67	80	0	0	1374	P1-58-17	0	-
1048	57.636719	57.709635	F4	59	80	0	0	1374	P1-58-16	0	-
1049	57.690104	57.699219	Ab5	63	80	0	0	1376	P1-58-5	0	-
1050	57.791667	57.842448	Ab6	82	80	0	0	1378	P1-58-6	0	-
1051	57.888021	57.959635	Bb2	74	80	0	0	1380	P1-58-18	0	-
1052	57.893229	57.949219	Gb5	74	80	0	0	1380	P1-58-7	0	-
1053	57.964844	58.018229	Gb6	79	80	0	0	1382	P1-58-8	0	-
1054	58.046875	58.149740	Db6	74	80	0	0	1384	P1-58-9	0	-
1055	58.115885	58.177083	Gb6	73	80	0	0	1386	P1-58-10	0	-
1056	58.131510	58.177083	Db4	75	80	0	0	1386	P1-58-20	0	-
1057	58.132812	58.175781	Bb3	71	80	0	0	1386	P1-58-19	0	-
1058	58.134115	58.209635	Gb4	65	80	0	0	1386	P1-58-21	0	-
1059	58.204427	58.289062	Db6	77	80	0	0	1388	P1-58-11	0	-
1060	58.257812	58.303385	Db7	85	80	0	0	1390	P1-58-12	0	-
1061	58.335938	58.394531	Bb5	92	80	0	0	1392	P1-59-1	0	-
1062	58.338542	58.375000	Cb3	75	80	0	0	1392	P1-59-13	0	-
1063	58.427083	58.488281	Bb6	86	80	0	0	1394	P1-59-2	0	-
1064	58.523438	58.583333	Eb6	76	80	0	0	1396	P1-59-3	0	-
1065	58.598958	58.647135	Cb4	61	80	0	0	1398	P1-59-14	0	-
1066	58.598958	58.658854	Ab4	71	80	0	0	1398	P1-59-16	0	-
1067	58.604167	58.679688	Eb4	64	80	0	0	1398	P1-59-15	0	-
1068	58.682292	58.743490	Ab5	71	80	0	0	1400	P1-59-5	0	-
1069	58.744792	58.889323	Ab6	82	80	0	0	1402	P1-59-6	0	-
1070	58.817708	58.938802	Ab5	70	80	0	0	1404	P1-59-7	0	-
1071	58.820312	58.860677	Db3	71	80	0	0	1404	P1-59-17	0	-
1072	58.898438	58.955729	Ab6	73	80	0	0	1406	P1-59-8	0	-
1073	58.975260	59.089844	Db6	79	80	0	0	1408	P1-59-9	0	-
1074	59.052083	59.093750	Bb4	77	80	0	0	-1	*	3	-
1075	59.055990	59.125000	Ab6	80	80	0	0	1410	P1-59-10	0	-
1076	59.059896	59.108073	Db4	68	80	0	0	1410	P1-59-19	0	-
1077	59.061198	59.110677	Bb3	75	80	0	0	1410	P1-59-18	0	-
1078	59.076823	59.108073	Gb4	59	80	0	0	1410	P1-59-20	0	-
1079	59.134115	59.250000	Gb5	76	80	0	0	1412	P1-59-11	0	-
1080	59.225260	59.274740	Gb6	77	80	0	0	1414	P1-59-12	0	-
1081	59.302083	59.389323	Db5	85	80	0	0	1416	P1-60-1	0	-
1082	59.302083	59.369792	Cb3	63	80	0	0	1416	P1-60-13	0	-
1083	59.402344	59.464844	Db6	77	80	0	0	1418	P1-60-2	0	-
1084	59.494792	59.619792	Ab5	73	80	0	0	1420	P1-60-3	0	-
1085	59.570312	59.625000	Db4	64	80	0	0	1422	P1-60-15	0	-
1086	59.571615	59.608073	Ab4	72	80	0	0	1422	P1-60-17	0	-
1087	59.572917	59.625000	Cb4	62	80	0	0	1422	P1-60-14	0	-
1088	59.593750	59.669271	F4	51	80	0	0	1422	P1-60-16	0	-
1089	59.627604	59.687500	Ab5	72	80	0	0	1424	P1-60-5	0	-
1090	59.705729	59.753906	Ab6	72	80	0	0	1426	P1-60-6	0	-
1091	59.783854	59.817708	Bb2	76	80	0	0	1428	P1-60-18	0	-
1092	59.791667	59.889323	Gb5	72	80	0	0	1428	P1-60-7	0	-
1093	59.859375	59.968750	Gb6	76	80	0	0	1430	P1-60-8	0	-
1094	59.954427	60.098958	Db6	74	80	0	0	1432	P1-60-9	0	-
1095	60.033854	60.179688	Gb6	78	80	0	0	1434	P1-60-10	0	-
1096	60.037760	60.119792	Bb3	68	80	0	0	1434	P1-60-19	0	-
1097	60.042969	60.119792	Db4	71	80	0	0	1434	P1-60-20	0	-
1098	60.042969	60.109375	Gb4	65	80	0	0	1434	P1-60-21	0	-
1099	60.044271	60.089844	Bb4	72	80	0	0	1434	P1-60-22	0	-
1100	60.167969	60.225260	Db7	81	80	0	0	1438	P1-60-12	0	-
1101	60.250000	60.292969	Cb3	75	80	0	0	1440	P1-61-13	0	-
1102	60.255208	60.359375	Bb5	81	80	0	0	1440	P1-61-1	0	-
1103	60.329427	60.429688	Bb6	79	80	0	0	1442	P1-61-2	0	-
1104	60.411458	60.539062	Eb6	77	80	0	0	1444	P1-61-3	0	-
1105	60.463542	60.539062	Bb6	71	80	0	0	1446	P1-61-4	0	-
1106	60.503906	60.679688	Ab3	78	80	0	0	1446	P1-61-14	0	-
1107	60.506510	60.589844	Eb4	73	80	0	0	1446	P1-61-15	0	-
1108	60.506510	60.569010	Ab4	77	80	0	0	1446	P1-61-16	0	-
1109	60.571615	60.688802	Ab5	77	80	0	0	1448	P1-61-5	0	-
1110	60.662760	60.716146	Ab6	81	80	0	0	1450	P1-61-6	0	-
1111	60.757812	60.816406	Bb5	93	80	0	0	1452	P1-61-7	0	-
1112	60.825521	60.890625	Bb6	83	80	0	0	1454	P1-61-8	0	-
1113	60.928385	61.128906	Eb6	81	80	0	0	1456	P1-61-9	0	-
1114	60.936198	61.015625	Cb3	85	80	0	0	1458	P1-61-17	0	-
1115	60.940104	61.098958	B1	81	80	0	0	-1	*	3	-
1116	61.079427	61.144531	Ab5	72	80	0	0	1460	P1-61-11	0	-
1117	61.148438	61.309896	Ab6	83	80	0	0	1462	P1-61-12	0	-
1118	61.221354	61.265625	C3	89	80	0	0	1464	P1-62-13	0	-
1119	61.222656	61.264323	C2	85	80	0	0	-1	*	3	-
1120	61.225260	61.369792	Bb5	91	80	0	0	1464	P1-62-1	0	-
1121	61.322917	61.468750	Bb6	81	80	0	0	1466	P1-62-2	0	-
1122	61.427083	61.480469	Eb6	78	80	0	0	1468	P1-62-3	0	-
1123	61.480469	61.589844	Bb6	82	80	0	0	1470	P1-62-4	0	-
1124	61.494792	61.546875	Gb4	85	80	0	0	1470	P1-62-16	0	-
1125	61.496094	61.541667	Ab4	83	80	0	0	1470	P1-62-17	0	-
1126	61.503906	61.553385	Eb4	85	80	0	0	1470	P1-62-15	0	-
1127	61.503906	61.628906	F#3	67	80	0	0	-1	*	3	-
1128	61.509115	61.688802	Ab3	60	80	0	0	1470	P1-62-14	0	-
1129	61.567708	61.639323	G#6	64	80	0	0	-1	*	3	-
1130	61.570312	61.688802	Ab5	68	80	0	0	1472	P1-62-5	0	-
1131	61.648438	61.799479	Ab6	76	80	0	0	1474	P1-62-6	0	-
1132	61.710938	61.819010	Bb5	96	80	0	0	1476	P1-62-7	0	-
1133	61.769531	61.908854	Bb6	85	80	0	0	1478	P1-62-8	0	-
1134	61.868490	62.079427	Eb6	81	80	0	0	1480	P1-62-9	0	-
1135	61.923177	62.059896	C3	83	80	0	0	1482	P1-62-18	0	-
1136	61.924479	62.059896	C2	74	80	0	0	-1	*	3	-
1137	62.079427	62.218750	Ab5	78	80	0	0	1484	P1-62-11	0	-
1138	62.156250	62.369792	Ab6	97	80	0	0	1486	P1-62-12	0	-
1139	62.231771	62.278646	C#2	86	80	0	0	-1	*	3	-
1140	62.234375	62.309896	Db3	89	80	0	0	1488	P1-63-13	0	-
1141	62.234375	62.300781	Db6	84	80	0	0	1488	P1-63-1	0	-
1142	62.333333	62.393229	Bb6	88	80	0	0	1490	P1-63-2	0	-
1143	62.423177	62.589844	Ab5	90	80	0	0	1492	P1-63-3	0	-
1144	62.496094	62.561198	Ab6	97	80	0	0	1494	P1-63-4	0	-
1145	62.570312	62.688802	Db6	83	80	0	0	1496	P1-63-5	0	-
1146	62.634115	62.703125	Bb6	94	80	0	0	1498	P1-63-6	0	-
1147	62.714844	62.979167	Ab4	93	80	0	0	1500	P1-63-17	0	-
1148	62.721354	62.959635	Ab3	87	80	0	0	1500	P1-63-14	0	-
1149	62.722656	63.359375	Db4	90	80	0	0	1500	P1-63-15	0	-
1150	62.723958	62.804688	Gb4	90	80	0	0	1500	P1-63-16	0	-
1151	62.723958	62.899740	Ab5	91	80	0	0	1500	P1-63-7	0	-
1152	62.813802	62.884115	Ab6	94	80	0	0	1502	P1-63-8	0	-
1153	62.889323	62.953125	Db6	87	80	0	0	1504	P1-63-9	0	-
1154	62.960938	63.033854	Bb6	84	80	0	0	1506	P1-63-10	0	-
1155	63.046875	63.158854	Ab5	85	80	0	0	1508	P1-63-11	0	-
1156	63.115885	63.348958	Ab6	86	80	0	0	1510	P1-63-12	0	-
1157	63.233073	63.302083	Ab4	87	80	0	0	1512	P1-64-14	0	-
1158	63.244792	63.313802	Db6	84	80	0	0	1512	P1-64-1	0	-
1159	63.244792	63.369792	Gb4	83	80	0	0	1512	P1-64-13	0	-
1160	63.246094	63.292969	Db5	78	80	0	0	1512	P1-64-15	0	-
1161	63.304688	63.385417	Bb6	85	80	0	0	1514	P1-64-2	0	-
1162	63.415365	63.579427	Ab5	79	80	0	0	1516	P1-64-3	0	-
1163	63.421875	63.529948	F#4	71	80	0	0	1516	*	3	-
1164	63.518229	63.658854	Ab6	82	80	0	0	1518	P1-64-4	0	-
1165	63.625000	63.739583	Db6	79	80	0	0	1520	P1-64-5	0	-
1166	63.700521	63.763021	Bb6	75	80	0	0	1522	P1-64-6	0	-
1167	63.798177	63.899740	Ab5	75	80	0	0	1524	P1-64-7	0	-
1168	63.856771	63.979167	Ab6	76	80	0	0	1526	P1-64-8	0	-
1169	63.963542	64.119792	Db6	71	80	0	0	1528	P1-64-9	0	-
1170	64.033854	64.158854	C#2	62	80	0	0	-1	*	3	-
1171	64.057292	64.199219	Bb6	80	80	0	0	1530	P1-64-10	0	-
1172	64.058594	64.114583	G#6	73	80	0	0	-1	*	3	-
1173	64.196615	64.339844	Ab5	75	80	0	0	1532	P1-64-11	0	-
1174	64.304688	64.403646	Ab6	79	80	0	0	1534	P1-64-12	0	-
1175	64.419271	65.299479	Eb7	82	80	0	0	1536	P1-65-14	0	-
1176	64.640625	65.658854	Gb4	70	80	0	0	1536	P1-65-23	0	-
1177	64.645833	65.908854	Db4	75	80	0	0	1536	P1-65-22	0	-
1178	64.647135	65.438802	G#4	74	80	0	0	-1	*	3	-
1179	64.651042	65.938802	Ab3	61	80	0	0	1536	P1-65-21	0	-
1180	64.654948	65.519531	Db3	67	80	0	0	1536	P1-65-20	0	-
1181	65.583333	65.729167	Db7	56	80	0	0	1539	P1-65-16	0	-
1182	65.656250	65.789062	Bb6	63	80	0	0	1540	P1-65-17	0	-
1183	65.742188	65.813802	Ab6	68	80	0	0	1542	P1-65-5	0	-
1184	65.815104	65.959635	Gb6	63	80	0	0	1544	P1-65-6	0	-
1185	65.890625	65.945312	Eb6	62	80	0	0	1546	P1-65-7	0	-
1186	65.960938	66.059896	Db6	64	80	0	0	1548	P1-65-8	0	-
1187	66.031250	66.084635	Bb5	68	80	0	0	1550	P1-65-9	0	-
1188	66.117188	66.178385	Ab5	64	80	0	0	1552	P1-65-10	0	-
1189	66.186198	66.234375	Gb5	66	80	0	0	1554	P1-65-11	0	-
1190	66.279948	66.384115	Eb5	63	80	0	0	1556	P1-65-12	0	-
1191	66.381510	66.441406	Db5	62	80	0	0	1558	P1-65-13	0	-
1192	66.524740	67.878906	Db3	59	80	0	0	1560	P1-66-8	0	-
1193	66.626302	67.500000	Ab3	58	80	0	0	1560	P1-66-9	0	-
1194	66.764323	67.669271	Cb4	52	80	0	0	1560	P1-66-10	0	-
1195	66.773438	67.919271	Ab4	73	80	0	0	1560	P1-66-1	0	-
1196	66.817708	67.289062	Gb4	66	80	0	0	1560	P1-66-5	0	-
1197	66.904948	67.500000	Eb4	50	80	0	0	1560	P1-66-4	0	-
1198	67.403646	68.529948	F4	56	80	0	0	1572	P1-66-7	0	-
1199	67.708333	68.199219	Bb4	61	80	0	0	1572	P1-66-2	0	-
1200	67.713542	68.718750	Db4	58	80	0	0	1572	P1-66-6	0	-
1201	68.265625	68.699219	Ab4	75	80	0	0	1581	P1-66-3	0	-
1202	68.270833	68.750000	B3	63	80	0	0	1581	*	3	-
1203	68.656250	68.848958	Gb4	67	80	0	0	1584	P1-67-9	0	-
1204	68.664062	69.039062	Gb3	63	80	0	0	1584	P1-67-18	0	-
1205	68.665365	68.839844	Bb3	60	80	0	0	1584	P1-67-11	0	-
1206	68.851562	69.069010	Bb3	47	80	0	0	1584	*	3	-
1207	68.855469	68.959635	Gb4	46	80	0	0	1584	*	3	-
1208	68.937500	69.218750	Db4	75	80	0	0	1590	P1-67-13	0	-
1209	69.238281	69.291667	Ab6	69	80	0	0	1596	P1-67-3	0	-
1210	69.246094	69.339844	Ab4	61	80	0	0	1596	P1-67-15	0	-
1211	69.253906	69.429688	Cb4	54	80	0	0	1596	P1-67-14	0	-
1212	69.307292	69.385417	Bb6	73	80	0	0	1598	P1-67-4	0	-
1213	69.373698	69.489583	Ab6	73	80	0	0	1600	P1-67-5	0	-
1214	69.454427	69.523438	Db6	75	80	0	0	1602	P1-67-6	0	-
1215	69.463542	69.679688	F4	65	80	0	0	1602	P1-67-17	0	-
1216	69.464844	69.539062	Ab3	58	80	0	0	1602	P1-67-16	0	-
1217	69.481771	69.489583	Bb3	53	80	0	0	-1	*	3	-
1218	69.511719	69.589844	Db7	75	80	0	0	1604	P1-67-7	0	-
1219	69.578125	69.669271	Db6	70	80	0	0	1606	P1-67-8	0	-
1220	69.670573	70.049479	Gb3	71	80	0	0	1608	P1-68-18	0	-
1221	69.674479	69.919271	Bb3	67	80	0	0	1608	P1-68-11	0	-
1222	69.679688	69.779948	Db6	70	80	0	0	1608	P1-68-1	0	-
1223	69.686198	69.789062	Gb4	68	80	0	0	1608	P1-68-12	0	-
1224	69.764323	69.859375	Eb6	68	80	0	0	1610	P1-68-2	0	-
1225	69.833333	69.949219	Db6	70	80	0	0	1612	P1-68-3	0	-
1226	69.904948	69.954427	Gb5	75	80	0	0	1614	P1-68-4	0	-
1227	69.914062	70.109375	F#4	62	80	0	0	-1	*	3	-
1228	69.917969	70.438802	Db4	64	80	0	0	1614	P1-68-13	0	-
1229	69.980469	70.039062	Gb6	73	80	0	0	1616	P1-68-5	0	-
1230	70.045573	70.128906	Gb5	66	80	0	0	1618	P1-68-6	0	-
1231	70.138021	70.359375	Ab4	76	80	0	0	1620	P1-68-15	0	-
1232	70.143229	70.408854	Cb4	59	80	0	0	1620	P1-68-14	0	-
1233	70.208333	70.289062	Bb5	77	80	0	0	1622	P1-68-8	0	-
1234	70.290365	70.361979	Ab5	77	80	0	0	1624	P1-68-9	0	-
1235	70.373698	70.468750	Db5	73	80	0	0	1626	P1-68-10	0	-
1236	70.377604	70.649740	F4	65	80	0	0	1626	P1-68-17	0	-
1237	70.382812	70.619792	Ab3	59	80	0	0	1626	P1-68-16	0	-
1238	70.649740	70.908854	Gb3	56	80	0	0	1632	P1-69-13	0	-
1239	70.652344	70.889323	Gb4	54	80	0	0	1632	P1-69-15	0	-
1240	70.653646	70.924479	Bb3	51	80	0	0	1632	P1-69-14	0	-
1241	70.721354	70.848958	Gb5	65	80	0	0	1634	P1-69-2	0	-
1242	70.854167	70.945312	Bb5	71	80	0	0	1638	P1-69-4	0	-
1243	70.940104	70.997396	Ab5	75	80	0	0	1640	P1-69-5	0	-
1244	70.975260	71.045573	Gb5	72	80	0	0	1642	P1-69-6	0	-
1245	71.014323	71.218750	Cb4	85	80	0	0	1644	P1-69-18	0	-
1246	71.023438	71.218750	Eb4	86	80	0	0	1644	P1-69-19	0	-
1247	71.024740	71.339844	F3	81	80	0	0	1644	P1-69-17	0	-
1248	71.065104	71.158854	Db5	79	80	0	0	1644	P1-69-7	0	-
1249	71.212240	71.369792	Db6	74	80	0	0	1648	P1-69-9	0	-
1250	71.291667	71.408854	Eb6	78	80	0	0	1650	P1-69-10	0	-
1251	71.294271	71.346354	Db4	82	80	0	0	1650	P1-69-21	0	-
1252	71.298177	71.347656	Db3	68	80	0	0	1650	P1-69-20	0	-
1253	71.380208	71.451823	Db6	67	80	0	0	1652	P1-69-11	0	-
1254	71.458333	71.559896	Ab5	84	80	0	0	1654	P1-69-12	0	-
1255	71.516927	71.809896	Bb3	92	80	0	0	1656	P1-70-14	0	-
1256	71.518229	71.869792	Gb3	84	80	0	0	1656	P1-70-13	0	-
1257	71.523438	71.669271	Eb4	87	80	0	0	1656	P1-70-15	0	-
1258	71.526042	71.597656	Gb5	78	80	0	0	1656	P1-70-1	0	-
1259	71.600260	71.674479	Db6	83	80	0	0	1658	P1-70-2	0	-
1260	71.680990	71.779948	Gb6	77	80	0	0	1660	P1-70-3	0	-
1261	71.773438	71.835938	Db4	68	80	0	0	1662	P1-70-17	0	-
1262	71.778646	71.841146	Db3	60	80	0	0	1662	P1-70-16	0	-
1263	71.782552	71.865885	Ab6	76	80	0	0	1662	P1-70-4	0	-
1264	71.859375	71.915365	Gb6	74	80	0	0	1664	P1-70-5	0	-
1265	71.915365	71.968750	Eb6	75	80	0	0	1666	P1-70-6	0	-
1266	71.992188	72.089844	Db6	76	80	0	0	1668	P1-70-7	0	-
1267	71.997396	72.052083	Eb4	68	80	0	0	1668	P1-70-20	0	-
1268	72.000000	72.139323	Cb4	67	80	0	0	1668	P1-70-19	0	-
1269	72.001302	72.269531	F3	64	80	0	0	1668	P1-70-18	0	-
1270	72.066406	72.134115	Ab6	81	80	0	0	1670	P1-70-8	0	-
1271	72.136719	72.269531	Db7	75	80	0	0	1672	P1-70-9	0	-
1272	72.212240	72.309896	Eb7	74	80	0	0	1674	P1-70-10	0	-
1273	72.274740	72.429688	Db4	69	80	0	0	1674	P1-70-22	0	-
1274	72.274740	72.329427	Db7	74	80	0	0	1676	P1-70-11	0	-
1275	72.292969	72.408854	Db3	66	80	0	0	1674	P1-70-21	0	-
1276	72.292969	72.299479	Ab6	69	80	0	0	-1	*	3	-
1277	72.359375	72.427083	Ab6	80	80	0	0	1678	P1-70-12	0	-
1278	72.436198	72.523438	Gb6	84	80	0	0	1680	P1-71-1	0	-
1279	72.438802	72.799479	Gb3	77	80	0	0	1680	P1-71-20	0	-
1280	72.455729	72.819010	Bb3	77	80	0	0	1680	P1-71-13	0	-
1281	72.540365	72.625000	Ab6	82	80	0	0	1682	P1-71-2	0	-
1282	72.614583	72.809896	Gb6	72	80	0	0	1684	P1-71-3	0	-
1283	72.697917	72.899740	Db4	72	80	0	0	1686	P1-71-15	0	-
1284	72.699219	72.739583	Db6	70	80	0	0	1686	P1-71-4	0	-
1285	72.759115	72.979167	Db7	79	80	0	0	1688	P1-71-5	0	-
1286	72.826823	72.919271	Db6	74	80	0	0	1690	P1-71-6	0	-
1287	72.925781	73.015625	Db6	80	80	0	0	1692	P1-71-7	0	-
1288	72.932292	73.119792	Ab4	78	80	0	0	1692	P1-71-17	0	-
1289	72.936198	73.218750	Cb4	61	80	0	0	1692	P1-71-16	0	-
1290	73.014323	73.076823	Eb6	73	80	0	0	1694	P1-71-8	0	-
1291	73.074219	73.218750	Db6	64	80	0	0	1696	P1-71-9	0	-
1292	73.156250	73.229167	G#6	80	80	0	0	-1	*	3	-
1293	73.160156	73.329427	F4	71	80	0	0	1698	P1-71-19	0	-
1294	73.160156	73.348958	Ab3	69	80	0	0	1698	P1-71-18	0	-
1295	73.165365	73.319010	Ab5	78	80	0	0	1698	P1-71-10	0	-
1296	73.243490	73.419271	Ab6	87	80	0	0	1700	P1-71-11	0	-
1297	73.460938	73.649740	Gb4	70	80	0	0	1704	P1-72-9	0	-
1298	73.460938	73.658854	Bb3	73	80	0	0	1704	P1-72-8	0	-
1299	73.463542	73.878906	Gb3	68	80	0	0	1704	P1-72-15	0	-
1300	73.463542	73.569010	C#4	65	80	0	0	-1	*	3	-
1301	73.532552	73.623698	Bb5	82	80	0	0	1706	P1-72-2	0	-
1302	73.610677	73.683594	Ab5	75	80	0	0	1708	P1-72-3	0	-
1303	73.710938	73.929688	Bb3	67	80	0	0	-1	*	3	-
1304	73.713542	73.989583	Db4	73	80	0	0	1710	P1-72-10	0	-
1305	73.714844	73.859375	Gb5	70	80	0	0	1710	P1-72-4	0	-
1306	73.816406	73.893229	Gb6	75	80	0	0	1712	P1-72-5	0	-
1307	73.917969	74.029948	Gb5	63	80	0	0	1714	P1-72-6	0	-
1308	74.144531	74.539062	Ab4	79	80	0	0	1716	P1-72-12	0	-
1309	74.157552	74.609375	Cb4	60	80	0	0	1716	P1-72-11	0	-
1310	74.165365	74.519531	Db5	69	80	0	0	1716	P1-72-7	0	-
1311	74.575521	74.809896	Ab3	64	80	0	0	1722	P1-72-13	0	-
1312	74.576823	74.759115	F4	51	80	0	0	1722	P1-72-14	0	-
1313	74.576823	74.729167	F3	53	80	0	0	-1	*	3	-
1314	74.828125	75.239583	Gb3	70	80	0	0	1728	P1-73-13	0	-
1315	74.832031	75.250000	Bb3	72	80	0	0	1728	P1-73-14	0	-
1316	74.842448	75.024740	Gb4	65	80	0	0	1728	P1-73-15	0	-
1317	74.928385	75.023438	Gb5	60	80	0	0	1730	P1-73-2	0	-
1318	75.075521	75.209635	Bb5	59	80	0	0	1734	P1-73-4	0	-
1319	75.213542	75.218750	Gb5	50	80	0	0	1738	P1-73-6	0	-
1320	75.281250	75.483073	F3	68	80	0	0	1740	P1-73-17	0	-
1321	75.283854	75.468750	Eb4	65	80	0	0	1740	P1-73-19	0	-
1322	75.303385	75.493490	Cb4	64	80	0	0	1740	P1-73-18	0	-
1323	75.401042	75.489583	Ab5	60	80	0	0	1742	P1-73-8	0	-
1324	75.471354	75.549479	Db6	60	80	0	0	1744	P1-73-9	0	-
1325	75.535156	75.658854	Eb6	71	80	0	0	1746	P1-73-10	0	-
1326	75.554688	75.628906	Db4	57	80	0	0	1746	P1-73-21	0	-
1327	75.565104	75.628906	Db3	48	80	0	0	1746	P1-73-20	0	-
1328	75.596354	75.675781	Db6	74	80	0	0	1748	P1-73-11	0	-
1329	75.684896	75.789062	Ab5	74	80	0	0	1750	P1-73-12	0	-
1330	75.747396	76.000000	Bb3	79	80	0	0	1752	P1-74-14	0	-
1331	75.750000	75.832031	Gb5	75	80	0	0	1752	P1-74-1	0	-
1332	75.752604	75.908854	Eb4	73	80	0	0	1752	P1-74-15	0	-
1333	75.752604	75.968750	Gb3	74	80	0	0	1752	P1-74-13	0	-
1334	75.841146	75.898438	Db6	77	80	0	0	1754	P1-74-2	0	-
1335	75.914062	76.019531	Gb6	72	80	0	0	1756	P1-74-3	0	-
1336	75.983073	76.054688	Ab6	70	80	0	0	1758	P1-74-4	0	-
1337	76.002604	76.098958	Db4	66	80	0	0	1758	P1-74-17	0	-
1338	76.015625	76.098958	Db3	53	80	0	0	1758	P1-74-16	0	-
1339	76.054688	76.169271	Gb6	67	80	0	0	1760	P1-74-5	0	-
1340	76.131510	76.178385	Db6	76	80	0	0	1762	P1-74-6	0	-
1341	76.207031	76.253906	Eb4	77	80	0	0	1764	P1-74-20	0	-
1342	76.208333	76.255208	Cb4	77	80	0	0	1764	P1-74-19	0	-
1343	76.210938	76.255208	F3	78	80	0	0	1764	P1-74-18	0	-
1344	76.214844	76.348958	Ab5	81	80	0	0	1764	P1-74-7	0	-
1345	76.285156	76.429688	Db6	73	80	0	0	1766	P1-74-8	0	-
1346	76.325521	76.468750	Ab6	81	80	0	0	1768	P1-74-9	0	-
1347	76.389323	76.509115	Bb6	78	80	0	0	1770	P1-74-10	0	-
1348	76.414062	76.500000	Db4	81	80	0	0	1770	P1-74-22	0	-
1349	76.427083	76.529948	Db3	70	80	0	0	1770	P1-74-21	0	-
1350	76.475260	76.579427	Ab6	73	80	0	0	1772	P1-74-11	0	-
1351	76.541667	76.596354	Gb3	72	80	0	0	1776	P1-75-13	0	-
1352	76.552083	76.613281	Db6	75	80	0	0	1774	P1-74-12	0	-
1353	76.575521	77.029948	Db4	67	80	0	0	1776	P1-75-14	0	-
1354	76.617188	76.739583	Bb6	79	80	0	0	1776	P1-75-1	0	-
1355	76.631510	76.938802	Bb3	72	80	0	0	-1	*	3	-
1356	76.635417	76.750000	Bb4	76	80	0	0	1776	P1-75-15	0	-
1357	76.725260	76.794271	Db6	74	80	0	0	1778	P1-75-2	0	-
1358	76.804688	76.881510	Ab6	83	80	0	0	1780	P1-75-3	0	-
1359	76.889323	76.945312	Bb5	77	80	0	0	1782	P1-75-4	0	-
1360	76.960938	77.069010	Ab6	71	80	0	0	1784	P1-75-5	0	-
1361	77.041667	77.158854	Db6	75	80	0	0	1786	P1-75-6	0	-
1362	77.106771	77.184896	Gb6	82	80	0	0	1788	P1-75-7	0	-
1363	77.184896	77.260417	Bb5	82	80	0	0	1790	P1-75-8	0	-
1364	77.243490	77.489583	Cb4	74	80	0	0	1794	P1-75-19	0	-
1365	77.260417	77.389323	Eb6	71	80	0	0	1792	P1-75-9	0	-
1366	77.289062	77.425781	F4	71	80	0	0	1794	P1-75-20	0	-
1367	77.298177	77.415365	Ab3	70	80	0	0	1794	P1-75-18	0	-
1368	77.414062	77.559896	Db6	75	80	0	0	1796	P1-75-11	0	-
1369	77.493490	77.546875	Db5	66	80	0	0	1798	P1-75-12	0	-
1370	77.552083	77.709635	Bb5	84	80	0	0	1800	P1-76-1	0	-
1371	77.554688	77.688802	Gb4	74	80	0	0	1800	P1-76-15	0	-
1372	77.563802	77.679688	Bb3	71	80	0	0	1800	P1-76-14	0	-
1373	77.566406	77.733073	Gb3	73	80	0	0	1800	P1-76-13	0	-
1374	77.645833	77.779948	Db5	63	80	0	0	1802	P1-76-2	0	-
1375	77.734375	77.786458	Ab5	78	80	0	0	1804	P1-76-3	0	-
1376	77.736979	77.848958	Bb3	62	80	0	0	-1	*	3	-
1377	77.740885	77.848958	C#4	56	80	0	0	-1	*	3	-
1378	77.805990	77.919271	Bb4	67	80	0	0	1806	P1-76-4	0	-
1379	77.856771	77.929688	Bb3	65	80	0	0	-1	*	3	-
1380	77.867188	77.937500	Ab5	78	80	0	0	1808	P1-76-5	0	-
1381	77.947917	78.069010	Db5	79	80	0	0	1810	P1-76-6	0	-
1382	77.949219	77.979167	Bb3	64	80	0	0	-1	*	3	-
1383	77.985677	78.059896	Bb3	49	80	0	0	-1	*	3	-
1384	78.019531	78.119792	Gb5	76	80	0	0	1812	P1-76-7	0	-
1385	78.101562	78.199219	Bb3	65	80	0	0	-1	*	3	-
1386	78.102865	78.179688	Bb4	62	80	0	0	1814	P1-76-8	0	-
1387	78.162760	78.235677	Eb5	71	80	0	0	1816	P1-76-9	0	-
1388	78.205729	78.264323	F3	67	80	0	0	1818	P1-76-19	0	-
1389	78.248698	78.309896	Ab4	73	80	0	0	1818	P1-76-10	0	-
1390	78.276042	78.343750	Cb3	64	80	0	0	1818	P1-76-18	0	-
1391	78.302083	78.309896	B3	61	80	0	0	-1	*	3	-
1392	78.329427	78.389323	C#3	72	80	0	0	-1	*	3	-
1393	78.334635	78.399740	C#4	68	80	0	0	1820	P1-76-11	1	-
1394	78.337240	78.385417	Db2	69	80	0	0	1818	P1-76-17	0	-
1395	78.406250	78.529948	Db4	79	80	0	0	1822	P1-76-12	0	-
1396	78.466146	78.569010	Gb2	84	80	0	0	1824	P1-77-13	0	-
1397	78.471354	78.589844	Gb3	86	80	0	0	1824	P1-77-15	0	-
1398	78.472656	78.559896	Bb2	89	80	0	0	1824	P1-77-14	0	-
1399	78.481771	78.679688	Bb4	79	80	0	0	1824	P1-77-1	0	-
1400	78.542969	78.679688	Db4	73	80	0	0	1826	P1-77-2	0	-
1401	78.625000	78.789062	Bb2	71	80	0	0	-1	*	3	-
1402	78.634115	78.680990	Ab4	80	80	0	0	1828	P1-77-3	0	-
1403	78.714844	78.786458	Bb3	76	80	0	0	1830	P1-77-4	0	-
1404	78.774740	78.863281	Ab4	76	80	0	0	1832	P1-77-5	0	-
1405	78.858073	79.029948	Db4	82	80	0	0	1834	P1-77-6	0	-
1406	78.934896	79.218750	F#3	64	80	0	0	-1	*	3	-
1407	78.936198	79.250000	Gb4	62	80	0	0	1836	P1-77-7	0	-
1408	79.010417	79.089844	Bb3	70	80	0	0	1838	P1-77-8	0	-
1409	79.075521	79.218750	Eb4	70	80	0	0	1840	P1-77-9	0	-
1410	79.115885	79.166667	Db2	81	80	0	0	1842	P1-77-17	0	-
1411	79.128906	79.229167	Ab3	81	80	0	0	1842	P1-77-10	0	-
1412	79.210938	79.274740	Db4	78	80	0	0	1844	P1-77-11	0	-
1413	79.281250	79.348958	C#2	53	80	0	0	1846	P1-77-12	1	-
1414	79.354167	79.559896	Gb2	86	80	0	0	1848	P1-78-14	0	-
1415	79.354167	79.415365	Bb3	88	80	0	0	1848	P1-78-1	0	-
1416	79.355469	79.402344	Gb1	82	80	0	0	1848	P1-78-13	0	-
1417	79.458333	79.639323	Gb3	64	80	0	0	1850	P1-78-2	0	-
1418	79.527344	79.658854	Eb4	73	80	0	0	1852	P1-78-3	0	-
1419	79.574219	79.631510	Db3	87	80	0	0	1854	P1-78-4	0	-
1420	79.575521	79.688802	Db2	84	80	0	0	1854	P1-78-15	0	-
1421	79.651042	79.799479	F#3	67	80	0	0	-1	*	3	-
1422	79.651042	79.819010	Db4	80	80	0	0	1856	P1-78-5	0	-
1423	79.854167	79.937500	Bb3	77	80	0	0	1860	P1-78-7	0	-
1424	79.860677	80.009115	Gb2	79	80	0	0	1860	P1-78-17	0	-
1425	79.863281	79.911458	Gb1	81	80	0	0	1860	P1-78-16	0	-
1426	79.953125	80.259115	Gb3	74	80	0	0	1862	P1-78-8	0	-
1427	80.048177	80.098958	Bb3	59	80	0	0	-1	*	3	-
1428	80.062500	80.199219	Eb4	68	80	0	0	1864	P1-78-9	0	-
1429	80.110677	80.269531	Db3	81	80	0	0	1866	P1-78-10	0	-
1430	80.111979	80.269531	Bb3	72	80	0	0	-1	*	3	-
1431	80.113281	80.359375	Db2	80	80	0	0	1866	P1-78-18	0	-
1432	80.192708	80.309896	Db4	74	80	0	0	1868	P1-78-11	0	-
1433	80.276042	80.429688	Ab3	68	80	0	0	1870	P1-78-12	0	-
1434	80.382812	80.529948	Bb3	85	80	0	0	1872	P1-79-1	0	-
1435	80.384115	80.579427	Gb2	89	80	0	0	1872	P1-79-15	0	-
1436	80.385417	80.479167	Gb1	86	80	0	0	1872	P1-79-14	0	-
1437	80.649740	80.839844	Db4	88	80	0	0	1878	P1-79-3	0	-
1438	80.649740	80.729167	G#4	86	80	0	0	-1	*	3	-
1439	80.652344	80.769531	Bb3	84	80	0	0	1878	P1-79-2	0	-
1440	80.653646	80.658854	E4	75	80	0	0	-1	*	3	-
1441	80.783854	80.848958	Ab3	70	80	0	0	1880	P1-79-4	0	-
1442	80.783854	81.000000	Bb3	69	80	0	0	-1	*	3	-
1443	80.854167	81.069010	Gb3	69	80	0	0	1882	P1-79-5	0	-
1444	80.885417	80.992188	Gb4	85	80	0	0	1884	P1-79-7	0	-
1445	80.915365	80.984375	Eb4	69	80	0	0	1884	P1-79-6	0	-
1446	80.944010	81.049479	G#3	57	80	0	0	-1	*	3	-
1447	81.016927	81.084635	Db4	70	80	0	0	1886	P1-79-8	0	-
1448	81.095052	81.179688	Bb3	75	80	0	0	1888	P1-79-9	0	-
1449	81.140625	81.265625	Bb4	90	80	0	0	1890	P1-79-11	0	-
1450	81.143229	81.261719	Gb4	86	80	0	0	1890	P1-79-10	0	-
1451	81.148438	81.339844	Gb2	65	80	0	0	1890	P1-79-18	0	-
1452	81.274740	81.381510	Db3	64	80	0	0	1892	P1-79-19	0	-
1453	81.274740	81.325521	Eb4	67	80	0	0	1892	P1-79-12	0	-
1454	81.345052	81.529948	Bb3	70	80	0	0	1894	P1-79-20	0	-
1455	81.356771	81.406250	Db4	74	80	0	0	1894	P1-79-13	0	-
1456	81.391927	81.549479	Db5	80	80	0	0	1896	P1-80-2	0	-
1457	81.394531	81.559896	Bb4	91	80	0	0	1896	P1-80-1	0	-
1458	81.420573	81.509115	Gb2	63	80	0	0	1896	P1-80-17	0	-
1459	81.510417	81.609375	Ab4	76	80	0	0	1898	P1-80-3	0	-
1460	81.523438	81.688802	Db3	68	80	0	0	1898	P1-80-18	0	-
1461	81.567708	81.679688	Bb4	66	80	0	0	1900	P1-80-19	1	-
1462	81.647135	81.789062	Gb5	86	80	0	0	1902	P1-80-6	0	-
1463	81.649740	81.714844	Eb5	80	80	0	0	1902	P1-80-5	0	-
1464	81.675781	81.742188	Bb2	70	80	0	0	1902	P1-80-20	0	-
1465	81.764323	81.959635	Gb3	73	80	0	0	1904	P1-80-21	0	-
1466	81.774740	81.899740	Bb3	64	80	0	0	-1	*	3	-
1467	81.842448	81.938802	Db4	82	80	0	0	1906	P1-80-22	0	-
1468	81.843750	81.894531	Bb4	81	80	0	0	1906	P1-80-8	0	-
1469	81.906250	82.029948	Bb5	94	80	0	0	1908	P1-80-10	0	-
1470	81.906250	82.069010	Gb5	84	80	0	0	1908	P1-80-9	0	-
1471	81.915365	82.039062	Db3	79	80	0	0	1908	P1-80-23	0	-
1472	82.006510	82.079427	Eb5	73	80	0	0	1910	P1-80-11	0	-
1473	82.015625	82.158854	Bb3	71	80	0	0	1910	P1-80-24	0	-
1474	82.151042	82.240885	Db6	93	80	0	0	1914	P1-80-14	0	-
1475	82.154948	82.227865	Bb5	85	80	0	0	1914	P1-80-13	0	-
1476	82.171875	82.279948	Gb3	74	80	0	0	1914	P1-80-26	0	-
1477	82.265625	82.348958	Ab5	77	80	0	0	1916	P1-80-15	0	-
1478	82.270833	82.419271	Bb3	74	80	0	0	-1	*	3	-
1479	82.270833	82.369792	Db4	64	80	0	0	1916	P1-80-27	0	-
1480	82.330729	82.339844	Bb4	70	80	0	0	1918	P1-80-28	0	-
1481	82.345052	82.429688	Gb5	77	80	0	0	1918	P1-80-16	0	-
1482	82.389323	82.458333	Gb6	92	80	0	0	1920	P1-81-2	0	-
1483	82.394531	82.464844	Eb6	83	80	0	0	1920	P1-81-1	0	-
1484	82.424479	82.539062	Bb3	60	80	0	0	1920	P1-81-17	0	-
1485	82.470052	82.598958	Db6	68	80	0	0	1922	P1-81-3	0	-
1486	82.488281	82.619792	Gb4	65	80	0	0	1922	P1-81-18	0	-
1487	82.554688	82.598958	Eb4	59	80	0	0	-1	*	3	-
1488	82.569010	82.669271	Bb5	76	80	0	0	1924	P1-81-4	0	-
1489	82.570312	82.679688	Db4	63	80	0	0	1924	P1-81-19	1	-
1490	82.613281	82.690104	Bb6	88	80	0	0	1926	P1-81-6	0	-
1491	82.622396	82.799479	Gb6	81	80	0	0	1926	P1-81-5	0	-
1492	82.687500	82.755208	Db4	68	80	0	0	1926	P1-81-20	0	-
1493	82.696615	82.770833	Eb6	77	80	0	0	1928	P1-81-7	0	-
1494	82.696615	82.809896	Bb4	71	80	0	0	1928	P1-81-21	0	-
1495	82.785156	82.889323	Gb5	70	80	0	0	1930	P1-81-22	0	-
1496	82.792969	82.929688	Db6	69	80	0	0	1930	P1-81-8	0	-
1497	82.815104	82.829427	Gb4	61	80	0	0	-1	*	3	-
1498	82.867188	82.937500	Gb6	86	80	0	0	1932	P1-81-10	0	-
1499	82.875000	82.934896	Eb6	81	80	0	0	1932	P1-81-9	0	-
1500	82.882812	82.958333	Gb4	75	80	0	0	1932	P1-81-23	0	-
1501	82.941406	83.059896	Db6	82	80	0	0	1934	P1-81-11	0	-
1502	82.944010	83.039062	Bb4	78	80	0	0	1934	P1-81-24	0	-
1503	83.022135	83.109375	Gb5	82	80	0	0	1936	P1-81-25	0	-
1504	83.022135	83.169271	Bb5	88	80	0	0	1936	P1-81-12	0	-
1505	83.115885	83.289062	Gb6	85	80	0	0	1938	P1-81-13	0	-
1506	83.117188	83.229167	Bb6	88	80	0	0	1938	P1-81-14	0	-
1507	83.123698	83.229167	Db4	81	80	0	0	1938	P1-81-26	0	-
1508	83.199219	83.266927	Eb6	86	80	0	0	1940	P1-81-15	0	-
1509	83.200521	83.309896	Bb4	72	80	0	0	1940	P1-81-27	0	-
1510	83.269531	83.378906	Gb5	80	80	0	0	1942	P1-81-28	0	-
1511	83.269531	83.389323	Db6	84	80	0	0	1942	P1-81-16	0	-
1512	83.365885	83.489583	Gb6	81	80	0	0	1944	P1-82-2	0	-
1513	83.371094	83.424479	Eb6	81	80	0	0	1944	P1-82-1	0	-
1514	83.375000	83.489583	Gb4	70	80	0	0	1944	P1-82-17	0	-
1515	83.444010	83.529948	C#5	74	80	0	0	1946	*	3	-
1516	83.445312	83.505208	Db6	83	80	0	0	1946	P1-82-3	0	-
1517	83.446615	83.549479	Bb4	74	80	0	0	1946	P1-82-18	0	-
1518	83.516927	83.628906	Gb5	69	80	0	0	1948	P1-82-19	0	-
1519	83.518229	83.649740	Bb5	83	80	0	0	1948	P1-82-4	0	-
1520	83.614583	83.789062	Gb6	81	80	0	0	1950	P1-82-5	0	-
1521	83.615885	83.718750	Bb6	84	80	0	0	1950	P1-82-6	0	-
1522	83.625000	83.718750	Db4	79	80	0	0	1950	P1-82-20	0	-
1523	83.634115	83.688802	Bb4	74	80	0	0	1952	*	3	-
1524	83.700521	83.774740	Eb6	83	80	0	0	1952	P1-82-7	0	-
1525	83.701823	83.829427	Bb4	80	80	0	0	1952	P1-82-21	0	-
1526	83.765625	83.899740	Gb5	76	80	0	0	1954	P1-82-22	0	-
1527	83.772135	83.929688	Db6	81	80	0	0	1954	P1-82-8	0	-
1528	83.773438	83.829427	F#4	74	80	0	0	1954	*	3	-
1529	83.863281	84.029948	Gb6	82	80	0	0	1956	P1-82-10	0	-
1530	83.864583	83.959635	Eb6	77	80	0	0	1956	P1-82-9	0	-
1531	83.873698	83.989583	Gb4	75	80	0	0	1956	P1-82-23	0	-
1532	83.937500	84.029948	Db6	77	80	0	0	1958	P1-82-11	0	-
1533	83.942708	84.029948	Bb4	74	80	0	0	1958	P1-82-24	0	-
1534	84.015625	84.209635	Bb5	88	80	0	0	1960	P1-82-12	0	-
1535	84.016927	84.109375	Gb5	78	80	0	0	1960	P1-82-25	0	-
1536	84.111979	84.348958	Gb6	88	80	0	0	1962	P1-82-13	0	-
1537	84.113281	84.218750	Bb6	89	80	0	0	1962	P1-82-14	0	-
1538	84.122396	84.329427	Db4	80	80	0	0	1962	P1-82-26	0	-
1539	84.188802	84.266927	Eb6	83	80	0	0	1964	P1-82-15	0	-
1540	84.190104	84.265625	Bb4	78	80	0	0	1964	P1-82-27	0	-
1541	84.255208	84.285156	F#4	76	80	0	0	1966	*	3	-
1542	84.261719	84.459635	Gb5	83	80	0	0	1966	P1-82-28	0	-
1543	84.263021	84.438802	Db6	85	80	0	0	1966	P1-82-16	0	-
1544	84.358073	84.432292	Gb6	81	80	0	0	1968	P1-83-2	0	-
1545	84.364583	84.479167	Bb5	76	80	0	0	1968	P1-83-1	0	-
1546	84.365885	84.489583	Gb4	82	80	0	0	1968	P1-83-24	0	-
1547	84.372396	84.449219	Bb4	73	80	0	0	1968	*	3	-
1548	84.695312	84.779948	Gb6	92	80	0	0	1972	P1-83-5	0	-
1549	84.695312	84.769531	Gb5	88	80	0	0	1972	P1-83-4	0	-
1550	84.699219	84.736979	Gb3	81	80	0	0	1972	P1-83-26	0	-
1551	84.701823	84.729167	Gb4	81	80	0	0	1972	P1-83-27	0	-
1552	84.821615	84.865885	Eb6	78	80	0	0	1974	P1-83-7	0	-
1553	84.825521	84.864583	Eb5	77	80	0	0	1974	P1-83-6	0	-
1554	84.825521	84.865885	Eb3	71	80	0	0	1974	P1-83-28	0	-
1555	84.832031	84.889323	Eb4	75	80	0	0	1974	P1-83-29	0	-
1556	84.942708	84.985677	Db6	83	80	0	0	1976	P1-83-9	0	-
1557	84.944010	84.983073	Db5	86	80	0	0	1976	P1-83-8	0	-
1558	84.960938	85.009115	Eb5	72	80	0	0	1976	*	3	-
1559	84.962240	84.997396	Db4	85	80	0	0	1976	P1-83-31	0	-
1560	84.984375	85.049479	Db3	74	80	0	0	1976	P1-83-30	0	-
1561	85.074219	85.117188	Bb5	82	80	0	0	1978	P1-83-11	0	-
1562	85.076823	85.139323	Bb4	81	80	0	0	1978	P1-83-10	0	-
1563	85.082031	85.139323	Bb3	87	80	0	0	1978	P1-83-33	0	-
1564	85.083333	85.115885	Bb2	77	80	0	0	1978	P1-83-32	0	-
1565	85.196615	85.240885	Ab5	84	80	0	0	1980	P1-83-13	0	-
1566	85.201823	85.259115	Ab4	88	80	0	0	1980	P1-83-12	0	-
1567	85.203125	85.240885	Ab2	78	80	0	0	1980	P1-83-34	0	-
1568	85.203125	85.234375	Ab3	80	80	0	0	1980	P1-83-35	0	-
1569	85.316406	85.378906	Gb5	85	80	0	0	1982	P1-83-15	0	-
1570	85.324219	85.356771	Gb4	89	80	0	0	1982	P1-83-14	0	-
1571	85.324219	85.389323	Gb3	81	80	0	0	1982	P1-83-37	0	-
1572	85.324219	85.389323	Gb2	79	80	0	0	1982	P1-83-36	0	-
1573	85.441406	85.519531	Eb5	77	80	0	0	1984	P1-83-17	0	-
1574	85.447917	85.509115	Eb3	86	80	0	0	1984	P1-83-39	0	-
1575	85.453125	85.485677	Eb4	78	80	0	0	1984	P1-83-16	0	-
1576	85.454427	85.492188	Eb2	82	80	0	0	1984	P1-83-38	0	-
1577	85.566406	85.605469	Db3	90	80	0	0	1986	P1-83-41	0	-
1578	85.566406	85.649740	Db2	83	80	0	0	1986	P1-83-40	0	-
1579	85.569010	85.610677	Db4	89	80	0	0	1986	P1-83-18	0	-
1580	85.570312	85.649740	Db5	80	80	0	0	1986	P1-83-19	0	-
1581	85.686198	85.769531	Bb3	91	80	0	0	1988	P1-83-20	0	-
1582	85.688802	85.769531	Bb2	92	80	0	0	1988	P1-83-43	0	-
1583	85.691406	85.789062	Bb4	80	80	0	0	1988	P1-83-21	0	-
1584	85.692708	85.789062	Bb1	89	80	0	0	1988	P1-83-42	0	-
1585	85.809896	85.864583	Ab4	83	80	0	0	1990	P1-83-23	0	-
1586	85.812500	85.856771	Ab2	86	80	0	0	1990	P1-83-45	0	-
1587	85.813802	85.899740	Ab3	85	80	0	0	1990	P1-83-22	0	-
1588	85.815104	85.908854	Ab1	80	80	0	0	1990	P1-83-44	0	-
1589	85.941406	86.169271	Gb2	89	80	0	0	1992	P1-84-9	0	-
1590	85.942708	86.079427	Gb4	79	80	0	0	1992	P1-84-2	0	-
1591	85.942708	86.139323	Gb1	86	80	0	0	1992	P1-84-8	0	-
1592	85.944010	86.109375	Gb3	81	80	0	0	1992	P1-84-1	0	-
1593	86.483073	86.628906	Gb3	85	80	0	0	2004	P1-84-11	0	-
1594	86.541667	86.658854	Bb3	88	80	0	0	2004	*	3	-
1595	86.553385	86.759115	Db4	87	80	0	0	2004	P1-84-12	0	-
1596	86.645833	86.789062	Gb6	90	80	0	0	2004	P1-84-6	0	-
1597	86.647135	86.789062	Bb6	91	80	0	0	2004	P1-84-7	0	-
1598	86.648438	86.750000	Bb5	92	80	0	0	2004	P1-84-4	0	-
1599	86.653646	86.750000	Bb4	91	80	0	0	2004	P1-84-13	0	-
1600	86.653646	86.750000	F#4	85	80	0	0	2004	*	3	-
1601	86.654948	86.759115	Db6	88	80	0	0	2004	P1-84-5	0	-
1602	86.674479	86.759115	Bb3	76	80	0	0	2004	*	3	-
1603	87.514323	87.968750	Gb3	86	80	0	0	2016	P1-85-1	0	-
1604	87.514323	88.649740	Gb1	91	80	0	0	2016	P1-85-2	0	-
1605	87.514323	88.369792	Gb2	95	80	0	0	2016	P1-85-3	0	-
1606	87.515625	88.369792	Bb1	86	80	0	0	2016	*	3	-
//Missing 0	P1-1-1
//Missing 0	P1-1-13
//Missing 0	P1-1-14
//Missing 0	P1-1-15
//Missing 0	P1-1-16
//Missing 12	P1-1-24
//Missing 24	P1-2-14
//Missing 30	P1-2-4
//Missing 30	P1-2-17
//Missing 36	P1-2-7
//Missing 36	P1-2-20
//Missing 54	P1-3-4
//Missing 54	P1-3-15
//Missing 60	P1-3-18
//Missing 78	P1-4-4
//Missing 84	P1-4-7
//Missing 92	P1-4-11
//Missing 96	P1-5-16
//Missing 102	P1-5-4
//Missing 102	P1-5-20
//Missing 108	P1-5-24
//Missing 120	P1-6-1
//Missing 120	P1-6-14
//Missing 126	P1-6-17
//Missing 132	P1-6-7
//Missing 132	P1-6-20
//Missing 164	P1-7-11
//Missing 192	P1-9-16
//Missing 198	P1-9-4
//Missing 198	P1-9-20
//Missing 204	P1-9-24
//Missing 222	P1-10-17
//Missing 228	P1-10-20
//Missing 246	P1-11-4
//Missing 270	P1-12-4
//Missing 276	P1-12-7
//Missing 288	P1-13-16
//Missing 294	P1-13-20
//Missing 300	P1-13-24
//Missing 318	P1-14-17
//Missing 324	P1-14-20
//Missing 406	P1-17-12
//Missing 408	P1-18-1
//Missing 414	P1-18-15
//Missing 444	P1-19-17
//Missing 534	P1-23-4
//Missing 582	P1-25-15
//Missing 582	P1-25-17
//Missing 600	P1-26-1
//Missing 624	P1-27-1
//Missing 672	P1-29-1
//Missing 678	P1-29-4
//Missing 678	P1-29-17
//Missing 696	P1-30-1
//Missing 702	P1-30-4
//Missing 720	P1-31-1
//Missing 726	P1-31-4
//Missing 744	P1-32-1
//Missing 746	P1-32-2
//Missing 750	P1-32-4
//Missing 816	P1-35-1
//Missing 864	P1-37-1
//Missing 866	P1-37-2
//Missing 900	P1-38-7
//Missing 909	P1-38-20
//Missing 909	P1-38-21
//Missing 912	P1-39-15
//Missing 996	P1-42-7
//Missing 1005	P1-42-18
//Missing 1048	P1-44-9
//Missing 1158	P1-49-4
//Missing 1158	P1-49-20
//Missing 1164	P1-49-7
//Missing 1164	P1-49-24
//Missing 1176	P1-50-1
//Missing 1176	P1-50-14
//Missing 1182	P1-50-4
//Missing 1182	P1-50-17
//Missing 1188	P1-50-7
//Missing 1188	P1-50-20
//Missing 1200	P1-51-1
//Missing 1206	P1-51-4
//Missing 1206	P1-51-16
//Missing 1206	P1-51-17
//Missing 1214	P1-51-8
//Missing 1230	P1-52-4
//Missing 1236	P1-52-17
//Missing 1248	P1-53-16
//Missing 1254	P1-53-4
//Missing 1254	P1-53-20
//Missing 1260	P1-53-7
//Missing 1260	P1-53-24
//Missing 1266	P1-53-10
//Missing 1272	P1-54-1
//Missing 1272	P1-54-14
//Missing 1278	P1-54-17
//Missing 1284	P1-54-20
//Missing 1286	P1-54-8
//Missing 1302	P1-55-15
//Missing 1362	P1-57-10
//Missing 1374	P1-58-4
//Missing 1386	P1-58-22
//Missing 1398	P1-59-4
//Missing 1422	P1-60-4
//Missing 1436	P1-60-11
//Missing 1458	P1-61-10
//Missing 1482	P1-62-10
//Missing 1536	P1-65-19
//Missing 1620	P1-68-7
//Missing 1636	P1-69-3
//Missing 1646	P1-69-8
//Missing 1680	P1-71-14
//Missing 1702	P1-71-12
//Missing 1704	P1-72-1
//Missing 1732	P1-73-3
//Missing 1734	P1-73-16
//Missing 1736	P1-73-5
//Missing 1740	P1-73-7
//Missing 1794	P1-75-17
//Missing 1858	P1-78-6
//Missing 1900	P1-80-4
//Missing 1912	P1-80-12
//Missing 1912	P1-80-25
//Missing 758	P1-32-8
//Missing 1794	P1-75-10
//Missing 1904	P1-80-7
