//Version: ScorePerfmMatch_v170503
// Score: ./Chopin_Etude_Op._10_No._5_G_MajorBlack_Keys_hmm.txt
// Perfm: ./09410_spr.txt
// fmt3x: ./Chopin_Etude_Op._10_No._5_G_MajorBlack_Keys_fmt3x.txt
0	0.311198	0.365885	Bb3	76	80	0	0	-1	*	3	0
1	0.312500	0.406250	Gb6	90	80	0	0	-1	*	3	-
2	0.313802	0.449219	Gb4	81	80	0	0	-1	*	3	-
3	0.315104	0.438802	Db4	65	80	0	0	-1	*	3	-
4	0.315104	0.449219	Gb3	69	80	0	0	-1	*	3	-
5	0.324219	0.329427	Bb6	73	80	0	0	2	P1-1-2	0	-
6	0.403646	0.471354	Bb6	80	80	0	0	-1	*	3	-
7	0.494792	0.563802	Db6	63	80	0	0	4	P1-1-3	0	-
8	0.563802	0.605469	Gb4	74	80	0	0	6	P1-1-20	0	-
9	0.565104	0.608073	Cb4	64	80	0	0	6	P1-1-18	0	-
10	0.566406	0.628906	Gb3	70	80	0	0	6	P1-1-17	0	-
11	0.566406	0.658854	Eb4	75	80	0	0	6	P1-1-19	0	-
12	0.576823	0.653646	Gb6	74	80	0	0	6	P1-1-4	0	-
13	0.670573	0.735677	Eb6	71	80	0	0	8	P1-1-5	0	-
14	0.752604	0.908854	Gb6	74	80	0	0	10	P1-1-6	0	-
15	0.826823	0.989583	Gb4	73	80	0	0	12	P1-1-24	0	-
16	0.830729	0.929688	Db6	74	80	0	0	12	P1-1-7	0	-
17	0.830729	0.919271	Db4	64	80	0	0	12	P1-1-23	0	-
18	0.833333	0.938802	Bb3	66	80	0	0	12	P1-1-22	0	-
19	0.834635	0.929688	Gb3	64	80	0	0	12	P1-1-21	0	-
20	0.919271	1.001302	Gb6	84	80	0	0	14	P1-1-8	0	-
21	1.002604	1.091146	Bb5	82	80	0	0	16	P1-1-9	0	-
22	1.087240	1.156250	Db6	72	80	0	0	18	P1-1-10	0	-
23	1.167969	1.252604	Gb5	69	80	0	0	20	P1-1-11	0	-
24	1.272135	1.345052	Bb5	70	80	0	0	22	P1-1-12	0	-
25	1.316406	1.329427	Gb2	60	80	0	0	24	P1-2-13	0	-
26	1.325521	1.376302	Gb3	53	80	0	0	24	P1-2-14	0	-
27	1.354167	1.416667	Gb5	67	80	0	0	24	P1-2-1	0	-
28	1.433594	1.490885	Bb5	72	80	0	0	26	P1-2-2	0	-
29	1.507812	1.562500	Db5	60	80	0	0	28	P1-2-3	0	-
30	1.592448	1.626302	Gb4	61	80	0	0	30	P1-2-17	0	-
31	1.592448	1.630208	Cb4	59	80	0	0	30	P1-2-15	0	-
32	1.593750	1.635417	Eb4	56	80	0	0	30	P1-2-16	0	-
33	1.604167	1.647135	Gb5	67	80	0	0	30	P1-2-4	0	-
34	1.675781	1.755208	Eb5	64	80	0	0	32	P1-2-5	0	-
35	1.773438	1.829427	Gb5	72	80	0	0	34	P1-2-6	0	-
36	1.842448	1.890625	Bb3	65	80	0	0	36	P1-2-18	0	-
37	1.846354	1.882812	Gb4	59	80	0	0	36	P1-2-20	0	-
38	1.855469	1.919271	Db5	62	80	0	0	36	P1-2-7	0	-
39	1.863281	1.919271	Db4	49	80	0	0	36	P1-2-19	0	-
40	1.946615	2.069010	Gb5	67	80	0	0	38	P1-2-8	0	-
41	2.027344	2.093750	Bb4	66	80	0	0	40	P1-2-9	0	-
42	2.108073	2.154948	Db5	65	80	0	0	42	P1-2-10	0	-
43	2.187500	2.225260	Gb4	56	80	0	0	44	P1-2-11	0	-
44	2.277344	2.339844	Bb4	67	80	0	0	46	P1-2-12	0	-
45	2.352865	2.397135	Db3	68	80	0	0	48	P1-3-14	0	-
46	2.354167	2.369792	Db2	63	80	0	0	48	P1-3-13	0	-
47	2.359375	2.403646	Db4	60	80	0	0	48	P1-3-1	0	-
48	2.363281	2.411458	G#4	60	80	0	0	-1	*	3	-
49	2.445312	2.507812	Db5	66	80	0	0	50	P1-3-2	0	-
50	2.536458	2.608073	Ab4	59	80	0	0	52	P1-3-3	0	-
51	2.584635	2.628906	B3	60	80	0	0	-1	*	3	-
52	2.595052	2.658854	F4	53	80	0	0	54	P1-3-17	0	-
53	2.596354	2.669271	Db4	56	80	0	0	54	P1-3-16	0	-
54	2.602865	2.638021	Ab3	52	80	0	0	54	P1-3-15	0	-
55	2.684896	2.742188	Ab4	63	80	0	0	56	P1-3-5	0	-
56	2.786458	2.889323	Ab5	63	80	0	0	58	P1-3-6	0	-
57	2.851562	2.895833	Eb4	61	80	0	0	60	P1-3-20	0	-
58	2.854167	2.894531	Ab4	60	80	0	0	60	P1-3-7	0	-
59	2.858073	2.938802	Ab3	53	80	0	0	60	P1-3-18	0	-
60	2.875000	2.929688	Cb4	40	80	0	0	60	P1-3-19	0	-
61	2.945312	3.018229	Ab5	59	80	0	0	62	P1-3-8	0	-
62	3.032552	3.085938	Eb5	65	80	0	0	64	P1-3-9	0	-
63	3.114583	3.179688	Ab2	48	80	0	0	66	P1-3-21	0	-
64	3.114583	3.162760	Ab5	59	80	0	0	66	P1-3-10	0	-
65	3.203125	3.242188	Eb5	61	80	0	0	68	P1-3-11	0	-
66	3.296875	3.345052	Eb6	63	80	0	0	70	P1-3-12	0	-
67	3.342448	3.380208	Db3	60	80	0	0	72	P1-4-21	0	-
68	3.364583	3.438802	Eb5	51	80	0	0	72	P1-4-1	0	-
69	3.445312	3.502604	Eb6	61	80	0	0	74	P1-4-2	0	-
70	3.533854	3.583333	Ab5	62	80	0	0	76	P1-4-3	0	-
71	3.591146	3.635417	Eb4	57	80	0	0	78	P1-4-16	0	-
72	3.597656	3.641927	Ab3	51	80	0	0	78	P1-4-14	0	-
73	3.605469	3.664062	Eb6	60	80	0	0	78	P1-4-4	0	-
74	3.694010	3.755208	Ab5	65	80	0	0	80	P1-4-5	0	-
75	3.781250	3.837240	Ab6	75	80	0	0	82	P1-4-6	0	-
76	3.843750	3.884115	Cb4	65	80	0	0	84	P1-4-18	0	-
77	3.845052	3.908854	Db4	58	80	0	0	84	P1-4-19	0	-
78	3.852865	3.899740	G#4	64	80	0	0	84	P1-4-7	1	-
79	3.863281	3.919271	Ab3	57	80	0	0	84	P1-4-17	0	-
80	3.934896	3.996094	Ab6	75	80	0	0	86	P1-4-8	0	-
81	4.013021	4.066406	Db6	73	80	0	0	88	P1-4-9	0	-
82	4.097656	4.162760	Ab6	78	80	0	0	90	P1-4-10	0	-
83	4.184896	4.299479	Db6	76	80	0	0	92	P1-4-11	0	-
84	4.273438	4.389323	Db7	86	80	0	0	94	P1-4-12	0	-
85	4.330729	4.408854	Gb4	78	80	0	0	96	P1-5-16	0	-
86	4.334635	4.408854	Bb3	71	80	0	0	96	P1-5-14	0	-
87	4.337240	4.399740	Db4	60	80	0	0	96	P1-5-15	0	-
88	4.338542	4.407552	Gb6	82	80	0	0	96	P1-5-1	0	-
89	4.341146	4.381510	Gb3	63	80	0	0	96	P1-5-13	0	-
90	4.430990	4.496094	Bb6	77	80	0	0	98	P1-5-2	0	-
91	4.505208	4.628906	Db6	69	80	0	0	100	P1-5-3	0	-
92	4.588542	4.631510	Gb4	71	80	0	0	102	P1-5-20	0	-
93	4.591146	4.635417	Cb4	65	80	0	0	102	P1-5-18	0	-
94	4.592448	4.640625	Eb4	74	80	0	0	102	P1-5-19	0	-
95	4.593750	4.644531	Gb3	72	80	0	0	102	P1-5-17	0	-
96	4.614583	4.661458	Gb6	76	80	0	0	102	P1-5-4	0	-
97	4.690104	4.752604	Eb6	69	80	0	0	104	P1-5-5	0	-
98	4.776042	4.837240	Gb6	85	80	0	0	106	P1-5-6	0	-
99	4.852865	4.959635	Db6	82	80	0	0	108	P1-5-7	0	-
100	4.854167	5.049479	Gb4	77	80	0	0	108	P1-5-24	0	-
101	4.856771	5.079427	Bb3	68	80	0	0	108	P1-5-22	0	-
102	4.858073	4.968750	Db4	64	80	0	0	108	P1-5-23	0	-
103	4.859375	5.059896	Gb3	67	80	0	0	108	P1-5-21	0	-
104	4.944010	5.016927	Gb6	84	80	0	0	110	P1-5-8	0	-
105	5.023438	5.093750	Bb5	80	80	0	0	112	P1-5-9	0	-
106	5.108073	5.182292	Db6	72	80	0	0	114	P1-5-10	0	-
107	5.187500	5.265625	Gb5	70	80	0	0	116	P1-5-11	0	-
108	5.291667	5.364583	Bb5	71	80	0	0	118	P1-5-12	0	-
109	5.337240	5.390625	Gb2	59	80	0	0	120	P1-6-13	0	-
110	5.346354	5.393229	Gb3	52	80	0	0	120	P1-6-14	0	-
111	5.375000	5.424479	Gb5	71	80	0	0	120	P1-6-1	0	-
112	5.447917	5.503906	Bb5	71	80	0	0	122	P1-6-2	0	-
113	5.529948	5.592448	Db5	66	80	0	0	124	P1-6-3	0	-
114	5.602865	5.653646	Eb4	54	80	0	0	126	P1-6-16	0	-
115	5.604167	5.656250	Cb4	55	80	0	0	126	P1-6-15	0	-
116	5.621094	5.674479	Gb5	73	80	0	0	126	P1-6-4	0	-
117	5.694010	5.776042	Eb5	64	80	0	0	128	P1-6-5	0	-
118	5.786458	5.850260	Gb5	74	80	0	0	130	P1-6-6	0	-
119	5.846354	5.919271	Bb3	64	80	0	0	132	P1-6-18	0	-
120	5.860677	5.908854	Db4	55	80	0	0	132	P1-6-19	0	-
121	5.875000	5.936198	Db5	64	80	0	0	132	P1-6-7	0	-
122	5.959635	6.013021	Gb5	72	80	0	0	134	P1-6-8	0	-
123	6.042969	6.095052	Bb4	66	80	0	0	136	P1-6-9	0	-
124	6.111979	6.171875	Db5	65	80	0	0	138	P1-6-10	0	-
125	6.197917	6.244792	Gb4	63	80	0	0	140	P1-6-11	0	-
126	6.292969	6.343750	Bb4	67	80	0	0	142	P1-6-12	0	-
127	6.361979	6.500000	Cb3	49	80	0	0	144	P1-7-13	0	-
128	6.369792	6.479167	Eb5	60	80	0	0	-1	*	3	-
129	6.369792	6.444010	Eb4	63	80	0	0	144	P1-7-1	0	-
130	6.484375	6.529948	Eb5	59	80	0	0	146	P1-7-2	0	-
131	6.563802	6.614583	Ab4	62	80	0	0	148	P1-7-3	0	-
132	6.656250	6.848958	Eb4	52	80	0	0	150	P1-7-15	0	-
133	6.662760	6.708333	Eb5	58	80	0	0	150	P1-7-4	0	-
134	6.708333	6.819010	Ab3	40	80	0	0	150	P1-7-14	0	-
135	6.773438	6.819010	Ab4	57	80	0	0	152	P1-7-5	0	-
136	6.880208	6.937500	Ab5	68	80	0	0	154	P1-7-6	0	-
137	6.990885	7.044271	Eb5	58	80	0	0	156	P1-7-7	0	-
138	7.089844	7.143229	Ab5	61	80	0	0	158	P1-7-8	0	-
139	7.186198	7.235677	Eb5	59	80	0	0	160	P1-7-9	0	-
140	7.278646	7.399740	Cb3	51	80	0	0	162	P1-7-16	0	-
141	7.304688	7.449219	Eb6	69	80	0	0	162	P1-7-10	0	-
142	7.424479	7.475260	Ab5	56	80	0	0	164	P1-7-11	0	-
143	7.533854	7.669271	Bb2	49	80	0	0	168	P1-8-13	0	-
144	7.554688	7.669271	Ab6	64	80	0	0	166	P1-7-12	0	-
145	7.625000	8.039062	F3	43	80	0	0	168	P1-8-14	0	-
146	7.697917	7.765625	Bb5	63	80	0	0	168	P1-8-1	0	-
147	7.752604	7.929688	D4	46	80	0	0	168	P1-8-15	0	-
148	7.845052	7.938802	Bb6	61	80	0	0	170	P1-8-2	0	-
149	7.972656	8.006510	Bb5	58	80	0	0	172	P1-8-3	0	-
150	8.032552	8.468750	Bb3	43	80	0	0	174	P1-8-16	0	-
151	8.097656	8.209635	Bb6	57	80	0	0	174	P1-8-4	0	-
152	8.102865	8.319010	F4	36	80	0	0	174	P1-8-17	0	-
153	8.236979	8.294271	Bb5	58	80	0	0	176	P1-8-5	0	-
154	8.356771	8.468750	Bb6	61	80	0	0	178	P1-8-6	0	-
155	8.489583	8.544271	Bb5	55	80	0	0	180	P1-8-7	0	-
156	8.615885	8.666667	Bb6	56	80	0	0	182	P1-8-8	0	-
157	8.753906	8.796875	Bb5	52	80	0	0	184	P1-8-9	0	-
158	8.854167	8.949219	Bb6	59	80	0	0	186	P1-8-10	0	-
159	8.973958	9.024740	Bb5	56	80	0	0	188	P1-8-11	0	-
160	9.055990	9.106771	Bb6	73	80	0	0	190	P1-8-12	0	-
161	9.125000	9.214844	Gb6	77	80	0	0	192	P1-9-1	0	-
162	9.126302	9.218750	Gb4	73	80	0	0	192	P1-9-16	0	-
163	9.128906	9.173177	Db4	59	80	0	0	192	P1-9-15	0	-
164	9.130208	9.209635	Bb3	66	80	0	0	192	P1-9-14	0	-
165	9.132812	9.178385	Gb3	67	80	0	0	192	P1-9-13	0	-
166	9.227865	9.286458	Bb6	77	80	0	0	194	P1-9-2	0	-
167	9.302083	9.352865	Db6	69	80	0	0	196	P1-9-3	0	-
168	9.375000	9.408854	Gb4	72	80	0	0	198	P1-9-20	0	-
169	9.376302	9.416667	Gb3	70	80	0	0	198	P1-9-17	0	-
170	9.376302	9.414062	Eb4	71	80	0	0	198	P1-9-19	0	-
171	9.378906	9.438802	Cb4	61	80	0	0	198	P1-9-18	0	-
172	9.381510	9.445312	Gb6	76	80	0	0	198	P1-9-4	0	-
173	9.467448	9.557292	Eb6	70	80	0	0	200	P1-9-5	0	-
174	9.563802	9.623698	Gb6	76	80	0	0	202	P1-9-6	0	-
175	9.634115	9.729167	Gb4	82	80	0	0	204	P1-9-24	0	-
176	9.636719	9.739583	Db6	76	80	0	0	204	P1-9-7	0	-
177	9.639323	9.729167	Gb3	67	80	0	0	204	P1-9-21	0	-
178	9.641927	9.684896	Bb3	65	80	0	0	204	P1-9-22	0	-
179	9.643229	9.709635	Db4	63	80	0	0	204	P1-9-23	0	-
180	9.723958	9.805990	Gb6	80	80	0	0	206	P1-9-8	0	-
181	9.815104	9.889323	Bb5	71	80	0	0	208	P1-9-9	0	-
182	9.895833	9.964844	Db6	70	80	0	0	210	P1-9-10	0	-
183	9.989583	10.089844	Gb5	64	80	0	0	212	P1-9-11	0	-
184	10.083333	10.153646	Bb5	67	80	0	0	214	P1-9-12	0	-
185	10.149740	10.186198	Gb2	53	80	0	0	216	P1-10-13	0	-
186	10.169271	10.269531	Gb5	66	80	0	0	216	P1-10-1	0	-
187	10.244792	10.329427	Bb5	66	80	0	0	218	P1-10-2	0	-
188	10.324219	10.399740	Db5	61	80	0	0	220	P1-10-3	0	-
189	10.408854	10.451823	Eb4	51	80	0	0	222	P1-10-16	0	-
190	10.411458	10.445312	Gb4	60	80	0	0	222	P1-10-17	0	-
191	10.414062	10.479167	Cb4	50	80	0	0	222	P1-10-15	0	-
192	10.415365	10.479167	Gb5	64	80	0	0	222	P1-10-4	0	-
193	10.416667	10.468750	F#3	47	80	0	0	-1	*	3	-
194	10.486979	10.562500	Eb5	64	80	0	0	224	P1-10-5	0	-
195	10.575521	10.684896	Gb5	66	80	0	0	226	P1-10-6	0	-
196	10.662760	10.718750	Gb4	67	80	0	0	228	P1-10-20	0	-
197	10.664062	10.739583	Bb3	62	80	0	0	228	P1-10-18	0	-
198	10.670573	10.729167	Db5	64	80	0	0	228	P1-10-7	0	-
199	10.673177	10.729167	Db4	55	80	0	0	228	P1-10-19	0	-
200	10.763021	10.938802	Gb5	68	80	0	0	230	P1-10-8	0	-
201	10.835938	10.893229	Bb4	70	80	0	0	232	P1-10-9	0	-
202	10.916667	10.960938	Db5	67	80	0	0	234	P1-10-10	0	-
203	10.998698	11.037760	Gb4	59	80	0	0	236	P1-10-11	0	-
204	11.087240	11.126302	Bb4	70	80	0	0	238	P1-10-12	0	-
205	11.154948	11.196615	Db3	67	80	0	0	240	P1-11-14	0	-
206	11.160156	11.209635	Db2	63	80	0	0	240	P1-11-13	0	-
207	11.161458	11.203125	Db4	65	80	0	0	240	P1-11-1	0	-
208	11.166667	11.205729	G#4	62	80	0	0	-1	*	3	-
209	11.261719	11.305990	Db5	62	80	0	0	242	P1-11-2	0	-
210	11.334635	11.429688	Ab4	61	80	0	0	244	P1-11-3	0	-
211	11.399740	11.444010	F4	60	80	0	0	246	P1-11-17	0	-
212	11.404948	11.500000	Db5	61	80	0	0	246	P1-11-4	0	-
213	11.406250	11.468750	Db4	55	80	0	0	246	P1-11-16	0	-
214	11.406250	11.449219	Ab3	53	80	0	0	246	P1-11-15	0	-
215	11.412760	11.419271	F3	50	80	0	0	-1	*	3	-
216	11.486979	11.589844	Ab4	66	80	0	0	248	P1-11-5	0	-
217	11.596354	11.679688	Ab5	60	80	0	0	250	P1-11-6	0	-
218	11.641927	11.649740	C#4	58	80	0	0	-1	*	3	-
219	11.644531	11.684896	Eb4	64	80	0	0	252	P1-11-20	0	-
220	11.653646	11.729167	Ab3	55	80	0	0	252	P1-11-18	0	-
221	11.654948	11.718750	Cb4	54	80	0	0	252	P1-11-19	0	-
222	11.743490	11.812500	Ab5	63	80	0	0	254	P1-11-8	0	-
223	11.822917	11.873698	Eb5	64	80	0	0	256	P1-11-9	0	-
224	11.903646	11.940104	Ab2	56	80	0	0	258	P1-11-21	0	-
225	11.904948	11.947917	Ab5	58	80	0	0	258	P1-11-10	0	-
226	11.983073	12.036458	Eb5	59	80	0	0	260	P1-11-11	0	-
227	12.087240	12.136719	Eb6	64	80	0	0	262	P1-11-12	0	-
228	12.131510	12.188802	Db3	55	80	0	0	264	P1-12-21	0	-
229	12.143229	12.199219	Eb5	53	80	0	0	264	P1-12-1	0	-
230	12.240885	12.295573	Eb6	67	80	0	0	266	P1-12-2	0	-
231	12.322917	12.372396	Ab5	60	80	0	0	268	P1-12-3	0	-
232	12.381510	12.424479	Eb4	55	80	0	0	270	P1-12-16	0	-
233	12.389323	12.489583	Eb6	64	80	0	0	270	P1-12-4	0	-
234	12.391927	12.438802	Ab3	49	80	0	0	270	P1-12-14	0	-
235	12.393229	12.432292	Cb4	49	80	0	0	270	P1-12-15	0	-
236	12.484375	12.536458	Ab5	63	80	0	0	272	P1-12-5	0	-
237	12.565104	12.626302	Ab6	79	80	0	0	274	P1-12-6	0	-
238	12.638021	12.699219	Db4	58	80	0	0	276	P1-12-19	0	-
239	12.640625	12.699219	Cb4	63	80	0	0	276	P1-12-18	0	-
240	12.641927	12.680990	Ab3	55	80	0	0	276	P1-12-17	0	-
241	12.644531	12.649740	F3	50	80	0	0	-1	*	3	-
242	12.722656	12.781250	Ab6	85	80	0	0	278	P1-12-8	0	-
243	12.800781	12.864583	Db6	73	80	0	0	280	P1-12-9	0	-
244	12.881510	12.950521	Ab6	84	80	0	0	282	P1-12-10	0	-
245	12.967448	13.089844	Db6	78	80	0	0	284	P1-12-11	0	-
246	13.055990	13.158854	Db7	89	80	0	0	286	P1-12-12	0	-
247	13.105469	13.144531	Db4	68	80	0	0	288	P1-13-15	0	-
248	13.105469	13.144531	Bb3	75	80	0	0	288	P1-13-14	0	-
249	13.106771	13.179688	Gb4	81	80	0	0	288	P1-13-16	0	-
250	13.110677	13.188802	Gb3	71	80	0	0	288	P1-13-13	0	-
251	13.114583	13.184896	Gb6	88	80	0	0	288	P1-13-1	0	-
252	13.213542	13.270833	Bb6	74	80	0	0	290	P1-13-2	0	-
253	13.285156	13.369792	Db6	69	80	0	0	292	P1-13-3	0	-
254	13.363281	13.397135	Cb4	63	80	0	0	294	P1-13-18	0	-
255	13.364583	13.406250	Eb4	75	80	0	0	294	P1-13-19	0	-
256	13.364583	13.406250	Gb3	67	80	0	0	294	P1-13-17	0	-
257	13.375000	13.428385	Gb6	83	80	0	0	294	P1-13-4	0	-
258	13.466146	13.524740	Eb6	66	80	0	0	296	P1-13-5	0	-
259	13.548177	13.658854	Gb6	78	80	0	0	298	P1-13-6	0	-
260	13.623698	13.688802	Gb3	68	80	0	0	300	P1-13-21	0	-
261	13.625000	13.679688	Gb4	74	80	0	0	300	P1-13-24	0	-
262	13.627604	13.718750	Db6	77	80	0	0	300	P1-13-7	0	-
263	13.628906	13.688802	Db4	62	80	0	0	300	P1-13-23	0	-
264	13.628906	13.688802	Bb3	63	80	0	0	300	P1-13-22	0	-
265	13.713542	13.779948	Gb6	84	80	0	0	302	P1-13-8	0	-
266	13.794271	13.851562	Bb5	74	80	0	0	304	P1-13-9	0	-
267	13.873698	13.929688	Db6	74	80	0	0	306	P1-13-10	0	-
268	13.954427	14.026042	Gb5	69	80	0	0	308	P1-13-11	0	-
269	14.052083	14.130208	Bb5	72	80	0	0	310	P1-13-12	0	-
270	14.104167	14.157552	Gb2	55	80	0	0	312	P1-14-13	0	-
271	14.132812	14.209635	Gb5	67	80	0	0	312	P1-14-1	0	-
272	14.209635	14.256510	Bb5	68	80	0	0	314	P1-14-2	0	-
273	14.294271	14.355469	Db5	61	80	0	0	316	P1-14-3	0	-
274	14.371094	14.414062	Eb4	52	80	0	0	318	P1-14-16	0	-
275	14.377604	14.414062	Cb4	50	80	0	0	318	P1-14-15	0	-
276	14.381510	14.415365	Gb4	53	80	0	0	318	P1-14-17	0	-
277	14.385417	14.449219	Gb5	65	80	0	0	318	P1-14-4	0	-
278	14.449219	14.518229	Eb5	64	80	0	0	320	P1-14-5	0	-
279	14.528646	14.593750	Gb5	69	80	0	0	322	P1-14-6	0	-
280	14.605469	14.652344	Bb3	60	80	0	0	324	P1-14-18	0	-
281	14.615885	14.688802	Db5	62	80	0	0	324	P1-14-7	0	-
282	14.703125	14.753906	Gb5	65	80	0	0	326	P1-14-8	0	-
283	14.773438	14.832031	Bb4	69	80	0	0	328	P1-14-9	0	-
284	14.845052	14.910156	Db5	65	80	0	0	330	P1-14-10	0	-
285	14.934896	15.000000	Gb4	61	80	0	0	332	P1-14-11	0	-
286	15.019531	15.065104	Bb4	63	80	0	0	334	P1-14-12	0	-
287	15.063802	15.188802	C3	40	80	0	0	336	P1-15-13	0	-
288	15.104167	15.162760	Eb4	59	80	0	0	336	P1-15-1	0	-
289	15.204427	15.299479	Eb5	59	80	0	0	338	P1-15-2	0	-
290	15.278646	15.348958	Ab4	58	80	0	0	340	P1-15-3	0	-
291	15.351562	15.479167	Ab3	49	80	0	0	342	P1-15-14	0	-
292	15.354167	15.402344	Gb4	64	80	0	0	342	P1-15-15	0	-
293	15.451823	15.549479	Ab4	61	80	0	0	344	P1-15-5	0	-
294	15.569010	15.614583	Ab5	63	80	0	0	346	P1-15-6	0	-
295	15.657552	15.707031	Eb5	63	80	0	0	348	P1-15-7	0	-
296	15.755208	15.839844	Ab5	61	80	0	0	350	P1-15-8	0	-
297	15.851562	15.911458	Eb5	53	80	0	0	352	P1-15-9	0	-
298	15.889323	16.049479	Ab2	44	80	0	0	354	P1-15-16	0	-
299	15.940104	16.010417	Eb6	72	80	0	0	354	P1-15-10	0	-
300	16.033854	16.104167	Ab5	60	80	0	0	356	P1-15-11	0	-
301	16.114583	16.173177	Eb6	67	80	0	0	358	P1-15-12	0	-
302	16.174479	16.389323	Db3	41	80	0	0	360	P1-16-13	0	-
303	16.214844	16.309896	Eb5	58	80	0	0	360	P1-16-1	0	-
304	16.312500	16.356771	Eb6	63	80	0	0	362	P1-16-2	0	-
305	16.416667	16.509115	Ab5	50	80	0	0	364	P1-16-3	0	-
306	16.473958	16.479167	F3	34	80	0	0	366	*	3	-
307	16.489583	16.609375	Ab3	39	80	0	0	366	P1-16-14	0	-
308	16.492188	16.565104	F4	43	80	0	0	366	P1-16-15	0	-
309	16.502604	16.571615	Eb6	65	80	0	0	366	P1-16-4	0	-
310	16.613281	16.666667	Db5	57	80	0	0	368	P1-16-5	0	-
311	16.725260	16.795573	Db6	66	80	0	0	370	P1-16-6	0	-
312	16.846354	16.894531	Ab5	55	80	0	0	372	P1-16-7	0	-
313	16.945312	17.005208	Db6	64	80	0	0	374	P1-16-8	0	-
314	17.044271	17.188802	Ab5	55	80	0	0	376	P1-16-9	0	-
315	17.158854	17.222656	Ab6	69	80	0	0	378	P1-16-10	0	-
316	17.259115	17.348958	Db6	67	80	0	0	380	P1-16-11	0	-
317	17.390625	17.462240	Db7	69	80	0	0	382	P1-16-12	0	-
318	17.468750	17.505208	C4	40	80	0	0	384	P1-17-13	0	-
319	17.480469	17.544271	Ab6	65	80	0	0	384	P1-17-1	0	-
320	17.492188	17.536458	Ab4	47	80	0	0	384	P1-17-15	0	-
321	17.492188	17.569010	Gb4	50	80	0	0	384	P1-17-14	0	-
322	17.576823	17.625000	Bb6	62	80	0	0	386	P1-17-2	0	-
323	17.673177	17.714844	Ab6	56	80	0	0	388	P1-17-3	0	-
324	17.738281	17.819010	Ab3	49	80	0	0	390	P1-17-16	0	-
325	17.742188	17.799479	Eb6	62	80	0	0	390	P1-17-4	0	-
326	17.746094	17.829427	Gb4	51	80	0	0	390	P1-17-17	0	-
327	17.760417	17.819010	Ab4	51	80	0	0	390	P1-17-18	0	-
328	17.832031	17.884115	Eb7	72	80	0	0	392	P1-17-5	0	-
329	17.910156	17.960938	Eb6	65	80	0	0	394	P1-17-6	0	-
330	17.998698	18.050781	Bb4	66	80	0	0	396	P1-17-21	0	-
331	18.003906	18.063802	Db6	72	80	0	0	396	P1-17-7	0	-
332	18.005208	18.109375	Db4	51	80	0	0	396	P1-17-19	0	-
333	18.015625	18.065104	F4	46	80	0	0	396	P1-17-20	0	-
334	18.096354	18.199219	Eb6	63	80	0	0	398	P1-17-8	0	-
335	18.177083	18.233073	Db6	62	80	0	0	400	P1-17-9	0	-
336	18.247396	18.302083	Ab4	61	80	0	0	402	P1-17-24	0	-
337	18.260417	18.305990	F4	50	80	0	0	402	P1-17-23	0	-
338	18.263021	18.329427	Ab3	45	80	0	0	402	P1-17-22	0	-
339	18.265625	18.316406	Ab5	63	80	0	0	402	P1-17-10	0	-
340	18.345052	18.438802	Ab6	71	80	0	0	404	P1-17-11	0	-
341	18.437500	18.479167	Ab5	45	80	0	0	406	P1-17-12	0	-
342	18.506510	18.579427	G#3	53	80	0	0	408	P1-18-11	1	-
343	18.514323	18.561198	Bb4	65	80	0	0	408	P1-18-13	0	-
344	18.526042	18.579427	Bb3	52	80	0	0	408	P1-18-12	1	-
345	18.531250	18.582031	Ab5	65	80	0	0	408	P1-18-1	0	-
346	18.615885	18.678385	Bb5	65	80	0	0	410	P1-18-2	0	-
347	18.692708	18.729167	G#4	43	80	0	0	-1	*	3	-
348	18.700521	18.750000	Ab5	53	80	0	0	412	P1-18-3	0	-
349	18.774740	18.817708	Eb5	59	80	0	0	414	P1-18-4	0	-
350	18.785156	18.833333	Gb4	55	80	0	0	414	P1-18-15	0	-
351	18.792969	18.899740	Ab3	50	80	0	0	414	P1-18-14	0	-
352	18.843750	18.903646	Eb6	65	80	0	0	416	P1-18-5	0	-
353	18.933594	18.984375	Eb5	55	80	0	0	418	P1-18-6	0	-
354	19.026042	19.074219	Db5	64	80	0	0	420	P1-18-7	0	-
355	19.040365	19.177083	F4	49	80	0	0	420	P1-18-18	0	-
356	19.041667	19.049479	Eb4	49	80	0	0	-1	*	3	-
357	19.061198	19.279948	Db4	39	80	0	0	420	P1-18-17	0	-
358	19.126302	19.175781	Eb5	53	80	0	0	422	P1-18-8	0	-
359	19.205729	19.289062	Db5	59	80	0	0	424	P1-18-9	0	-
360	19.265625	19.329427	Ab3	42	80	0	0	426	P1-18-19	0	-
361	19.274740	19.408854	Ab4	55	80	0	0	426	P1-18-10	0	-
362	19.282552	19.289062	F4	42	80	0	0	-1	*	3	-
363	19.505208	19.550781	C3	53	80	0	0	432	P1-19-13	0	-
364	19.506510	19.579427	C#5	45	80	0	0	-1	*	3	-
365	19.580729	19.654948	Eb5	56	80	0	0	434	P1-19-2	0	-
366	19.684896	19.736979	Ab5	57	80	0	0	436	P1-19-3	0	-
367	19.743490	19.781250	Eb4	52	80	0	0	438	P1-19-15	0	-
368	19.757812	19.839844	Bb5	54	80	0	0	438	P1-19-4	0	-
369	19.822917	19.875000	Ab5	58	80	0	0	440	P1-19-5	0	-
370	19.899740	19.942708	Eb5	54	80	0	0	442	P1-19-6	0	-
371	19.975260	20.059896	Db5	62	80	0	0	444	P1-19-7	0	-
372	19.983073	20.018229	F4	49	80	0	0	444	P1-19-19	0	-
373	19.984375	20.049479	Ab3	45	80	0	0	444	P1-19-17	0	-
374	19.985677	20.049479	Db4	48	80	0	0	444	P1-19-18	0	-
375	20.085938	20.154948	Ab5	54	80	0	0	446	P1-19-8	0	-
376	20.166667	20.225260	Db6	62	80	0	0	448	P1-19-9	0	-
377	20.210938	20.250000	Db3	51	80	0	0	450	P1-19-20	0	-
378	20.234375	20.304688	Eb6	58	80	0	0	450	P1-19-10	0	-
379	20.311198	20.367188	Db6	62	80	0	0	452	P1-19-11	0	-
380	20.393229	20.433594	Bb5	61	80	0	0	454	P1-19-12	0	-
381	20.467448	20.511719	Ab2	53	80	0	0	456	P1-20-13	0	-
382	20.473958	20.522135	Ab5	62	80	0	0	456	P1-20-1	0	-
383	20.562500	20.636719	Eb6	66	80	0	0	458	P1-20-2	0	-
384	20.638021	20.694010	Ab6	69	80	0	0	460	P1-20-3	0	-
385	20.680990	20.739583	Gb4	60	80	0	0	462	P1-20-16	0	-
386	20.694010	20.699219	Ab3	42	80	0	0	-1	*	3	-
387	20.705729	20.789062	Bb6	66	80	0	0	462	P1-20-4	0	-
388	20.774740	20.829427	Ab3	45	80	0	0	462	P1-20-14	0	-
389	20.782552	20.839844	Ab6	65	80	0	0	464	P1-20-5	0	-
390	20.860677	20.902344	Eb6	59	80	0	0	466	P1-20-6	0	-
391	20.934896	20.984375	Db6	62	80	0	0	468	P1-20-7	0	-
392	20.942708	20.986979	C#3	48	80	0	0	-1	*	3	-
393	20.942708	20.949219	C#1	53	80	0	0	-1	*	3	-
394	20.944010	20.985677	Db2	47	80	0	0	468	P1-20-17	0	-
395	21.035156	21.105469	Ab6	67	80	0	0	470	P1-20-8	0	-
396	21.118490	21.183594	Db7	74	80	0	0	472	P1-20-9	0	-
397	21.165365	21.210938	F4	51	80	0	0	474	P1-20-20	0	-
398	21.192708	21.199219	B3	41	80	0	0	474	P1-20-19	1	-
399	21.195312	21.309896	Eb7	74	80	0	0	474	P1-20-10	0	-
400	21.197917	21.234375	Ab3	41	80	0	0	474	P1-20-18	0	-
401	21.276042	21.326823	Db7	72	80	0	0	476	P1-20-11	0	-
402	21.359375	21.438802	Bb6	66	80	0	0	478	P1-20-12	0	-
403	21.416667	21.458333	Ab2	56	80	0	0	480	P1-21-13	0	-
404	21.425781	21.484375	Ab6	74	80	0	0	480	P1-21-1	0	-
405	21.514323	21.583333	Bb6	67	80	0	0	482	P1-21-2	0	-
406	21.595052	21.652344	Ab6	73	80	0	0	484	P1-21-3	0	-
407	21.656250	21.704427	C4	49	80	0	0	486	P1-21-14	0	-
408	21.665365	21.718750	Eb6	61	80	0	0	486	P1-21-4	0	-
409	21.671875	21.725260	Ab4	57	80	0	0	486	P1-21-16	0	-
410	21.677083	21.729167	Gb4	50	80	0	0	486	P1-21-15	0	-
411	21.744792	21.791667	Eb7	72	80	0	0	488	P1-21-5	0	-
412	21.822917	21.876302	Eb6	63	80	0	0	490	P1-21-6	0	-
413	21.914062	21.957031	Bb4	70	80	0	0	492	P1-21-19	0	-
414	21.919271	21.975260	Db6	67	80	0	0	492	P1-21-7	0	-
415	21.921875	22.000000	Db4	51	80	0	0	492	P1-21-17	0	-
416	22.006510	22.058594	Eb6	62	80	0	0	494	P1-21-8	0	-
417	22.078125	22.131510	Db6	65	80	0	0	496	P1-21-9	0	-
418	22.154948	22.239583	Ab4	63	80	0	0	498	P1-21-22	0	-
419	22.162760	22.229167	F5	63	80	0	0	-1	*	3	-
420	22.165365	22.299479	F4	52	80	0	0	498	P1-21-21	0	-
421	22.167969	22.218750	Ab5	67	80	0	0	498	P1-21-10	0	-
422	22.171875	22.212240	Ab3	53	80	0	0	498	P1-21-20	0	-
423	22.177083	22.218750	C4	46	80	0	0	-1	*	3	-
424	22.242188	22.295573	Ab6	73	80	0	0	500	P1-21-11	0	-
425	22.343750	22.438802	Ab5	53	80	0	0	502	P1-21-12	0	-
426	22.430990	22.480469	Bb4	67	80	0	0	504	P1-22-13	0	-
427	22.433594	22.481771	G#3	53	80	0	0	-1	*	3	-
428	22.434896	22.496094	Gb4	57	80	0	0	504	P1-22-12	0	-
429	22.453125	22.506510	Ab5	65	80	0	0	504	P1-22-1	0	-
430	22.485677	22.539062	C4	33	80	0	0	504	P1-22-11	0	-
431	22.533854	22.604167	Bb5	66	80	0	0	506	P1-22-2	0	-
432	22.618490	22.665365	Ab5	52	80	0	0	508	P1-22-3	0	-
433	22.622396	22.628906	A5	53	80	0	0	-1	*	3	-
434	22.687500	22.799479	Gb4	61	80	0	0	510	P1-22-15	0	-
435	22.694010	22.734375	Eb5	59	80	0	0	510	P1-22-4	0	-
436	22.697917	22.859375	Ab3	57	80	0	0	510	P1-22-14	0	-
437	22.768229	22.817708	Eb6	67	80	0	0	512	P1-22-5	0	-
438	22.867188	22.902344	Eb5	52	80	0	0	514	P1-22-6	0	-
439	22.868490	22.878906	Db5	56	80	0	0	-1	*	3	-
440	22.957031	23.014323	F4	49	80	0	0	516	P1-22-18	0	-
441	22.963542	23.016927	Db5	62	80	0	0	516	P1-22-7	0	-
442	22.963542	23.089844	G#3	45	80	0	0	-1	*	3	-
443	22.963542	23.079427	Db4	47	80	0	0	516	P1-22-17	0	-
444	23.052083	23.113281	Eb5	51	80	0	0	518	P1-22-8	0	-
445	23.154948	23.239583	Db5	50	80	0	0	520	P1-22-9	0	-
446	23.243490	23.598958	Ab4	55	80	0	0	522	P1-22-10	0	-
447	23.244792	23.309896	F4	44	80	0	0	-1	*	3	-
448	23.247396	23.468750	Ab3	38	80	0	0	522	P1-22-19	0	-
449	23.574219	23.839844	C3	46	80	0	0	528	P1-23-13	0	-
450	23.740885	23.848958	Ab5	57	80	0	0	530	P1-23-2	0	-
451	23.868490	23.929688	Gb5	52	80	0	0	532	P1-23-3	0	-
452	23.934896	23.985677	Ab5	58	80	0	0	534	P1-23-4	0	-
453	23.936198	24.039062	Eb4	45	80	0	0	534	P1-23-15	0	-
454	23.938802	24.079427	Ab3	43	80	0	0	534	P1-23-14	0	-
455	24.024740	24.063802	Gb5	62	80	0	0	536	P1-23-5	0	-
456	24.125000	24.174479	Ab5	58	80	0	0	538	P1-23-6	0	-
457	24.192708	24.233073	Gb6	70	80	0	0	540	P1-23-7	0	-
458	24.268229	24.348958	Ab5	56	80	0	0	542	P1-23-8	0	-
459	24.352865	24.500000	Gb5	59	80	0	0	544	P1-23-9	0	-
460	24.421875	24.519531	C2	52	80	0	0	546	P1-23-18	0	-
461	24.427083	24.475260	Ab5	61	80	0	0	546	P1-23-10	0	-
462	24.505208	24.589844	Gb5	66	80	0	0	548	P1-23-11	0	-
463	24.604167	24.769531	Ab5	61	80	0	0	550	P1-23-12	0	-
464	24.683594	24.779948	C4	47	80	0	0	552	P1-24-13	1	-
465	24.708333	24.789062	Ab4	68	80	0	0	552	P1-24-1	0	-
466	24.832031	24.938802	Ab5	63	80	0	0	554	P1-24-2	0	-
467	24.919271	25.000000	Gb5	66	80	0	0	556	P1-24-3	0	-
468	24.990885	25.033854	Gb4	56	80	0	0	558	P1-24-16	0	-
469	24.993490	25.079427	Ab5	59	80	0	0	558	P1-24-4	0	-
470	25.001302	25.098958	Eb4	47	80	0	0	558	P1-24-15	0	-
471	25.011719	25.109375	Ab3	46	80	0	0	558	P1-24-14	0	-
472	25.076823	25.149740	Gb5	66	80	0	0	560	P1-24-5	0	-
473	25.166667	25.212240	Ab5	59	80	0	0	562	P1-24-6	0	-
474	25.233073	25.282552	Gb6	75	80	0	0	564	P1-24-7	0	-
475	25.312500	25.408854	Ab5	55	80	0	0	566	P1-24-8	0	-
476	25.385417	25.468750	Gb5	64	80	0	0	568	P1-24-9	0	-
477	25.476562	25.559896	C2	64	80	0	0	570	P1-24-18	0	-
478	25.477865	25.559896	C3	63	80	0	0	570	P1-24-19	0	-
479	25.587240	25.769531	Gb5	52	80	0	0	572	P1-24-11	0	-
480	25.683594	25.848958	Ab5	54	80	0	0	574	P1-24-12	0	-
481	25.774740	25.822917	Db2	72	80	0	0	576	P1-25-13	0	-
482	25.774740	25.834635	Db3	72	80	0	0	576	P1-25-14	0	-
483	25.779948	25.833333	Bb4	65	80	0	0	576	P1-25-1	0	-
484	25.894531	25.989583	Bb5	65	80	0	0	578	P1-25-2	0	-
485	25.996094	26.059896	Gb5	58	80	0	0	580	P1-25-3	0	-
486	26.070312	26.149740	Gb5	56	80	0	0	582	P1-25-4	1	-
487	26.074219	26.125000	Gb4	51	80	0	0	582	P1-25-17	0	-
488	26.075521	26.118490	Bb3	57	80	0	0	582	P1-25-15	0	-
489	26.162760	26.259115	Gb5	64	80	0	0	584	P1-25-5	0	-
490	26.256510	26.348958	Bb5	65	80	0	0	586	P1-25-6	0	-
491	26.343750	26.432292	Gb6	73	80	0	0	588	P1-25-7	0	-
492	26.377604	26.446615	C2	67	80	0	0	588	P1-25-18	0	-
493	26.378906	26.442708	C3	68	80	0	0	588	P1-25-19	0	-
494	26.494792	26.589844	Gb5	63	80	0	0	592	P1-25-9	0	-
495	26.606771	26.739583	Bb5	70	80	0	0	594	P1-25-10	0	-
496	26.615885	26.729167	Db2	72	80	0	0	594	P1-25-20	0	-
497	26.615885	26.729167	Db3	71	80	0	0	594	P1-25-21	0	-
498	26.622396	26.628906	F5	60	80	0	0	-1	*	3	-
499	26.695312	26.759115	Gb5	59	80	0	0	596	P1-25-11	0	-
500	26.789062	27.009115	Bb5	72	80	0	0	598	P1-25-12	0	-
501	26.889323	27.029948	D3	78	80	0	0	600	P1-26-14	0	-
502	26.889323	27.109375	D2	82	80	0	0	600	P1-26-13	0	-
503	27.071615	27.188802	Gb5	59	80	0	0	604	P1-26-3	0	-
504	27.143229	27.191406	Bb3	65	80	0	0	606	P1-26-15	0	-
505	27.203125	27.319010	Gb5	69	80	0	0	608	P1-26-5	0	-
506	27.294271	27.438802	Bb5	73	80	0	0	610	P1-26-6	0	-
507	27.375000	27.559896	Gb6	83	80	0	0	612	P1-26-7	0	-
508	27.403646	27.466146	C#2	79	80	0	0	612	P1-26-17	0	-
509	27.404948	27.468750	C#3	80	80	0	0	612	P1-26-18	0	-
510	27.451823	27.519531	Bb5	69	80	0	0	614	P1-26-8	0	-
511	27.523438	27.606771	Gb5	66	80	0	0	616	P1-26-9	0	-
512	27.618490	27.739583	Bb5	75	80	0	0	618	P1-26-10	0	-
513	27.626302	27.769531	C#2	78	80	0	0	-1	*	3	-
514	27.627604	27.750000	D2	76	80	0	0	618	P1-26-19	0	-
515	27.697917	27.789062	Gb5	65	80	0	0	620	P1-26-11	0	-
516	27.787760	28.079427	Bb5	77	80	0	0	622	P1-26-12	0	-
517	27.869792	28.019531	Gb5	71	80	0	0	624	P1-27-1	0	-
518	27.884115	28.229167	Eb3	82	80	0	0	624	P1-27-14	0	-
519	27.884115	28.079427	Eb2	78	80	0	0	624	P1-27-13	0	-
520	28.026042	28.113281	Gb5	70	80	0	0	628	P1-27-3	0	-
521	28.148438	28.213542	Gb4	69	80	0	0	630	P1-27-16	0	-
522	28.148438	28.158854	Bb4	66	80	0	0	-1	*	3	-
523	28.153646	28.247396	Bb3	71	80	0	0	630	P1-27-15	0	-
524	28.153646	28.158854	Bb6	71	80	0	0	630	P1-27-4	0	-
525	28.164062	28.269531	F#6	59	80	0	0	-1	*	3	-
526	28.251302	28.389323	Bb5	76	80	0	0	632	P1-27-5	0	-
527	28.315104	28.391927	Gb5	56	80	0	0	634	P1-27-6	0	-
528	28.416667	28.514323	Ab6	78	80	0	0	636	P1-27-7	0	-
529	28.514323	28.649740	Bb5	74	80	0	0	638	P1-27-8	0	-
530	28.592448	28.739583	Gb5	65	80	0	0	640	P1-27-9	0	-
531	28.657552	28.809896	Gb6	86	80	0	0	642	P1-27-10	0	-
532	28.660156	28.731771	Eb3	77	80	0	0	642	P1-27-18	0	-
533	28.665365	28.733073	Eb2	76	80	0	0	642	P1-27-17	0	-
534	28.753906	28.819010	Bb5	74	80	0	0	644	P1-27-11	0	-
535	28.821615	28.873698	Gb5	74	80	0	0	646	P1-27-12	0	-
536	28.907552	29.058594	Db6	83	80	0	0	648	P1-28-1	0	-
537	28.911458	29.029948	Fb3	82	80	0	0	648	P1-28-14	0	-
538	28.911458	28.984375	Fb2	85	80	0	0	648	P1-28-13	0	-
539	29.010417	29.075521	Bb5	78	80	0	0	650	P1-28-2	0	-
540	29.075521	29.199219	Gb5	67	80	0	0	652	P1-28-3	0	-
541	29.165365	29.251302	Bb3	78	80	0	0	654	P1-28-15	0	-
542	29.188802	29.242188	Gb4	76	80	0	0	654	P1-28-16	0	-
543	29.194010	29.289062	F#6	70	80	0	0	-1	*	3	-
544	29.195312	29.309896	Bb6	79	80	0	0	654	P1-28-4	0	-
545	29.299479	29.419271	Bb5	76	80	0	0	656	P1-28-5	0	-
546	29.356771	29.437500	Gb5	67	80	0	0	658	P1-28-6	0	-
547	29.445312	29.569010	Ab6	80	80	0	0	660	P1-28-7	0	-
548	29.550781	29.688802	Bb5	63	80	0	0	662	P1-28-8	0	-
549	29.610677	29.718750	Gb5	56	80	0	0	664	P1-28-9	0	-
550	29.673177	29.819010	Gb6	81	80	0	0	666	P1-28-10	0	-
551	29.684896	29.769531	E6	76	80	0	0	-1	*	3	-
552	29.696615	29.789062	E3	83	80	0	0	666	P1-28-18	0	-
553	29.696615	29.770833	E2	79	80	0	0	666	P1-28-17	0	-
554	29.774740	29.959635	Bb5	64	80	0	0	668	P1-28-11	0	-
555	29.864583	29.929688	Gb5	67	80	0	0	670	P1-28-12	0	-
556	29.925781	30.188802	F3	77	80	0	0	672	P1-29-14	0	-
557	29.927083	30.149740	F2	74	80	0	0	672	P1-29-13	0	-
558	29.937500	29.949219	Db5	70	80	0	0	672	P1-29-1	0	-
559	30.033854	30.139323	Db6	77	80	0	0	674	P1-29-2	0	-
560	30.118490	30.175781	Bb5	79	80	0	0	676	P1-29-3	0	-
561	30.180990	30.234375	Bb3	69	80	0	0	678	P1-29-15	0	-
562	30.184896	30.279948	Db6	75	80	0	0	678	P1-29-4	0	-
563	30.294271	30.358073	Db6	73	80	0	0	680	P1-29-5	0	-
564	30.368490	30.519531	Db7	88	80	0	0	682	P1-29-6	0	-
565	30.453125	30.554688	E2	88	80	0	0	684	P1-29-18	0	-
566	30.455729	30.542969	E3	80	80	0	0	684	P1-29-19	0	-
567	30.459635	30.574219	Bb6	83	80	0	0	684	P1-29-7	0	-
568	30.527344	30.628906	Db7	84	80	0	0	686	P1-29-8	0	-
569	30.602865	30.688802	Db6	78	80	0	0	688	P1-29-9	0	-
570	30.695312	30.760417	F2	83	80	0	0	690	P1-29-20	0	-
571	30.697917	30.739583	E3	79	80	0	0	-1	*	3	-
572	30.699219	30.789062	F3	78	80	0	0	690	P1-29-21	0	-
573	30.703125	30.819010	Db6	79	80	0	0	690	P1-29-10	0	-
574	30.792969	30.938802	Bb5	73	80	0	0	692	P1-29-11	0	-
575	30.863281	31.049479	Db6	76	80	0	0	694	P1-29-12	0	-
576	30.953125	31.039062	Db5	74	80	0	0	696	P1-30-1	0	-
577	30.958333	31.032552	Gb3	86	80	0	0	696	P1-30-14	0	-
578	30.963542	31.109375	Gb2	82	80	0	0	696	P1-30-13	0	-
579	31.054688	31.169271	Db6	75	80	0	0	698	P1-30-2	0	-
580	31.134115	31.259115	Bb5	68	80	0	0	700	P1-30-3	0	-
581	31.192708	31.238281	Fb4	65	80	0	0	702	P1-30-17	0	-
582	31.204427	31.259115	E3	64	80	0	0	-1	*	3	-
583	31.205729	31.252604	Bb3	70	80	0	0	702	P1-30-15	0	-
584	31.209635	31.319010	Db6	76	80	0	0	702	P1-30-4	0	-
585	31.324219	31.449219	Db6	76	80	0	0	704	P1-30-5	0	-
586	31.398438	31.539062	Db7	85	80	0	0	706	P1-30-6	0	-
587	31.473958	31.649740	Bb6	88	80	0	0	708	P1-30-7	0	-
588	31.475260	31.589844	F3	82	80	0	0	708	P1-30-19	0	-
589	31.475260	31.555990	F2	85	80	0	0	708	P1-30-18	0	-
590	31.554688	31.669271	Db7	83	80	0	0	710	P1-30-8	0	-
591	31.630208	31.789062	Db6	82	80	0	0	712	P1-30-9	0	-
592	31.722656	31.799479	F#4	82	80	0	0	-1	*	3	-
593	31.723958	31.777344	Gb3	85	80	0	0	714	P1-30-21	0	-
594	31.729167	31.783854	Gb2	83	80	0	0	714	P1-30-20	0	-
595	31.730469	31.739583	E3	77	80	0	0	-1	*	3	-
596	31.824219	31.938802	Bb5	80	80	0	0	716	P1-30-11	0	-
597	31.894531	31.959635	Db6	74	80	0	0	718	P1-30-12	0	-
598	31.966146	32.069010	Db6	78	80	0	0	-1	*	3	-
599	31.970052	32.089844	G2	89	80	0	0	720	P1-31-13	0	-
600	31.971354	31.979167	G1	83	80	0	0	-1	*	3	-
601	31.975260	32.179688	G3	92	80	0	0	720	P1-31-14	0	-
602	31.979167	32.089844	C#4	81	80	0	0	720	P1-31-1	1	-
603	32.079427	32.136719	Db6	77	80	0	0	722	P1-31-2	0	-
604	32.160156	32.225260	Bb5	70	80	0	0	724	P1-31-3	0	-
605	32.231771	32.285156	Fb4	77	80	0	0	726	P1-31-17	0	-
606	32.235677	32.329427	Db6	77	80	0	0	726	P1-31-4	0	-
607	32.342448	32.479167	Db6	78	80	0	0	728	P1-31-5	0	-
608	32.442708	32.598958	Db7	89	80	0	0	730	P1-31-6	0	-
609	32.515625	32.559896	G#1	83	80	0	0	-1	*	3	-
610	32.516927	32.570312	Ab2	92	80	0	0	732	P1-31-18	0	-
611	32.519531	32.563802	Ab3	89	80	0	0	732	P1-31-19	0	-
612	32.526042	32.649740	Ab6	88	80	0	0	732	P1-31-7	0	-
613	32.613281	32.699219	Db7	75	80	0	0	734	P1-31-8	0	-
614	32.664062	32.709635	Db6	68	80	0	0	736	P1-31-9	0	-
615	32.760417	32.878906	F5	70	80	0	0	-1	*	3	-
616	32.761719	32.848958	F4	65	80	0	0	738	P1-31-22	0	-
617	32.766927	32.779948	Eb4	67	80	0	0	-1	*	3	-
618	32.774740	32.819010	Db4	64	80	0	0	738	P1-31-21	0	-
619	32.805990	32.908854	Db6	74	80	0	0	738	P1-31-10	0	-
620	32.893229	32.966146	Ab5	70	80	0	0	740	P1-31-11	0	-
621	32.975260	33.049479	Db6	77	80	0	0	742	P1-31-12	0	-
622	33.057292	33.128906	Db6	84	80	0	0	744	P1-32-1	1	-
623	33.059896	33.179688	Bbb2	89	80	0	0	744	P1-32-13	0	-
624	33.059896	33.149740	Bbb3	95	80	0	0	744	P1-32-14	0	-
625	33.144531	33.239583	Db6	71	80	0	0	746	P1-32-2	0	-
626	33.234375	33.339844	Gb5	70	80	0	0	748	P1-32-3	0	-
627	33.317708	33.389323	Gb4	76	80	0	0	750	P1-32-17	0	-
628	33.325521	33.459635	Bbb3	68	80	0	0	750	P1-32-15	0	-
629	33.326823	33.381510	Eb4	72	80	0	0	750	P1-32-16	0	-
630	33.329427	33.479167	F#3	69	80	0	0	-1	*	3	-
631	33.411458	33.489583	Db5	69	80	0	0	752	P1-32-5	0	-
632	33.498698	33.598958	Db5	76	80	0	0	754	P1-32-6	0	-
633	33.601562	33.699219	Gb4	69	80	0	0	756	P1-32-7	0	-
634	33.610677	33.669271	A2	68	80	0	0	758	P1-32-8	1	-
635	33.746094	33.848958	Db4	71	80	0	0	760	P1-32-9	0	-
636	33.843750	33.989583	Bbb1	91	80	0	0	762	P1-32-19	0	-
637	33.846354	34.019531	Bbb2	96	80	0	0	762	P1-32-20	0	-
638	33.850260	34.063802	Gb3	83	80	0	0	-1	*	3	-
639	33.860677	34.000000	Db4	81	80	0	0	762	P1-32-10	0	-
640	34.074219	34.209635	Db4	63	80	0	0	766	P1-32-12	0	-
641	34.210938	34.449219	F#4	86	80	0	0	770	P1-33-2	1	-
642	34.216146	34.459635	Eb4	86	80	0	0	-1	*	3	-
643	34.220052	34.779948	Ab1	93	80	0	0	768	P1-33-13	0	-
644	34.222656	34.628906	Ab2	97	80	0	0	768	P1-33-14	0	-
645	34.425781	34.539062	Db4	66	80	0	0	772	P1-33-3	0	-
646	34.537760	34.658854	Eb4	76	80	0	0	774	P1-33-4	0	-
647	34.596354	34.839844	Gb3	68	80	0	0	776	P1-33-5	0	-
648	34.694010	34.809896	Db4	76	80	0	0	778	P1-33-6	0	-
649	34.776042	34.834635	Eb4	70	80	0	0	780	P1-33-7	0	-
650	34.867188	34.937500	Gb4	75	80	0	0	782	P1-33-8	0	-
651	34.944010	35.059896	Db4	77	80	0	0	784	P1-33-9	0	-
652	35.040365	35.158854	Eb4	71	80	0	0	786	P1-33-10	0	-
653	35.138021	35.279948	Gb4	69	80	0	0	788	P1-33-11	0	-
654	35.208333	35.369792	Db5	76	80	0	0	790	P1-33-12	0	-
655	35.282552	35.519531	Eb4	75	80	0	0	792	P1-34-1	0	-
656	35.292969	35.429688	F#3	70	80	0	0	-1	*	3	-
657	35.377604	35.429688	C#5	67	80	0	0	-1	*	3	-
658	35.378906	35.509115	Gb4	69	80	0	0	794	P1-34-2	0	-
659	35.479167	35.649740	Db5	72	80	0	0	796	P1-34-3	0	-
660	35.587240	35.709635	Eb5	66	80	0	0	798	P1-34-4	0	-
661	35.605469	35.709635	Gb4	67	80	0	0	800	P1-34-5	0	-
662	35.725260	35.829427	Db5	75	80	0	0	802	P1-34-6	0	-
663	35.824219	36.009115	Eb5	85	80	0	0	804	P1-34-7	0	-
664	35.826823	36.029948	Gb5	86	80	0	0	806	P1-34-8	0	-
665	35.830729	36.153646	Gb4	92	80	0	0	804	P1-34-16	0	-
666	35.834635	36.049479	Db4	81	80	0	0	804	P1-34-15	0	-
667	35.834635	35.908854	C#5	85	80	0	0	-1	*	3	-
668	35.834635	36.169271	Ab3	86	80	0	0	804	P1-34-14	0	-
669	35.837240	35.989583	G#4	86	80	0	0	-1	*	3	-
670	35.955729	36.229167	Db5	77	80	0	0	808	P1-34-9	0	-
671	36.078125	36.209635	Eb5	72	80	0	0	810	P1-34-10	0	-
672	36.186198	36.359375	Db6	83	80	0	0	812	P1-34-11	0	-
673	36.261719	36.339844	Eb4	78	80	0	0	816	P1-35-1	1	-
674	36.264323	36.329427	F#3	74	80	0	0	-1	*	3	-
675	36.265625	36.315104	Gb4	87	80	0	0	813	P1-34-19	0	-
676	36.268229	36.313802	Db4	74	80	0	0	813	P1-34-18	0	-
677	36.268229	36.324219	Ab3	75	80	0	0	813	P1-34-17	0	-
678	36.406250	36.609375	Gb4	88	80	0	0	816	P1-35-15	0	-
679	36.416667	36.549479	Gb5	85	80	0	0	818	P1-35-2	0	-
680	36.416667	36.639323	F#3	79	80	0	0	-1	*	3	-
681	36.416667	36.529948	Db4	83	80	0	0	816	P1-35-14	0	-
682	36.420573	36.669271	Ab3	80	80	0	0	816	P1-35-13	0	-
683	36.614583	36.779948	Db6	75	80	0	0	822	P1-35-4	0	-
684	36.714844	36.829427	Gb5	77	80	0	0	824	P1-35-5	0	-
685	36.794271	36.908854	Eb5	65	80	0	0	826	P1-35-6	0	-
686	36.864583	37.019531	Db6	73	80	0	0	828	P1-35-7	0	-
687	36.966146	37.076823	Gb5	72	80	0	0	830	P1-35-8	0	-
688	37.042969	37.119792	Eb5	73	80	0	0	832	P1-35-9	0	-
689	37.096354	37.240885	Db5	70	80	0	0	834	P1-35-10	0	-
690	37.195312	37.319010	Gb5	71	80	0	0	836	P1-35-11	0	-
691	37.278646	37.378906	Eb5	69	80	0	0	838	P1-35-12	0	-
692	37.345052	37.449219	Db5	75	80	0	0	840	P1-36-1	0	-
693	37.415365	37.539062	Gb4	69	80	0	0	842	P1-36-2	0	-
694	37.424479	37.429688	Eb3	64	80	0	0	842	*	3	-
695	37.441406	37.449219	F#3	54	80	0	0	842	*	3	-
696	37.502604	37.554688	Eb5	70	80	0	0	844	P1-36-3	0	-
697	37.583333	37.688802	Db5	71	80	0	0	846	P1-36-4	0	-
698	37.679688	37.769531	Gb4	63	80	0	0	848	P1-36-5	0	-
699	37.735677	37.785156	Eb4	70	80	0	0	850	P1-36-6	0	-
700	37.821615	37.885417	Db5	74	80	0	0	852	P1-36-7	0	-
701	37.919271	38.029948	Gb4	68	80	0	0	854	P1-36-8	0	-
702	37.997396	38.048177	Eb4	60	80	0	0	856	P1-36-9	0	-
703	38.075521	38.134115	Db4	63	80	0	0	858	P1-36-10	0	-
704	38.201823	38.264323	Gb4	68	80	0	0	860	P1-36-11	0	-
705	38.304688	38.389323	Eb4	65	80	0	0	862	P1-36-12	0	-
706	38.425781	38.559896	Ab1	55	80	0	0	864	P1-37-13	0	-
707	38.430990	38.569010	Ab2	56	80	0	0	864	P1-37-14	0	-
708	38.554688	38.639323	Eb4	64	80	0	0	866	P1-37-2	0	-
709	38.635417	38.718750	Gb4	59	80	0	0	868	P1-37-3	0	-
710	38.714844	38.789062	Ab4	58	80	0	0	870	P1-37-4	0	-
711	38.787760	38.834635	Eb4	62	80	0	0	872	P1-37-5	0	-
712	38.873698	38.919271	Gb4	57	80	0	0	874	P1-37-6	0	-
713	38.951823	39.019531	Ab4	60	80	0	0	876	P1-37-7	0	-
714	39.016927	39.065104	Eb5	62	80	0	0	878	P1-37-8	0	-
715	39.092448	39.138021	Gb4	66	80	0	0	880	P1-37-9	0	-
716	39.174479	39.221354	Ab4	59	80	0	0	882	P1-37-10	0	-
717	39.265625	39.369792	Eb5	58	80	0	0	884	P1-37-11	0	-
718	39.347656	39.438802	Gb5	64	80	0	0	886	P1-37-12	0	-
719	39.414062	39.464844	Ab4	61	80	0	0	888	P1-38-1	0	-
720	39.507812	39.609375	Eb5	64	80	0	0	890	P1-38-2	0	-
721	39.604167	39.673177	Gb5	50	80	0	0	892	P1-38-3	0	-
722	39.662760	39.750000	Ab5	54	80	0	0	894	P1-38-4	0	-
723	39.734375	39.783854	Eb5	59	80	0	0	896	P1-38-5	0	-
724	39.832031	39.894531	Gb5	60	80	0	0	898	P1-38-6	0	-
725	39.941406	40.029948	Ab4	67	80	0	0	900	P1-38-17	0	-
726	39.954427	40.049479	Gb4	60	80	0	0	900	P1-38-16	0	-
727	39.972656	40.089844	Ab3	52	80	0	0	900	P1-38-14	0	-
728	40.015625	40.119792	C4	57	80	0	0	900	P1-38-15	0	-
729	40.113281	40.162760	Gb5	61	80	0	0	904	P1-38-9	0	-
730	40.230469	40.294271	Ab5	66	80	0	0	906	P1-38-10	0	-
731	40.338542	40.419271	Gb6	71	80	0	0	908	P1-38-11	0	-
732	40.356771	40.412760	Ab4	61	80	0	0	909	P1-38-21	0	-
733	40.382812	40.389323	Eb4	54	80	0	0	909	P1-38-20	1	-
734	40.384115	40.468750	Ab3	56	80	0	0	909	P1-38-18	0	-
735	40.403646	40.500000	C4	55	80	0	0	909	P1-38-19	0	-
736	40.528646	40.582031	Ab5	62	80	0	0	912	P1-39-1	0	-
737	40.562500	40.669271	Ab4	65	80	0	0	912	P1-39-16	0	-
738	40.592448	40.654948	Gb5	67	80	0	0	914	P1-39-2	0	-
739	40.697917	40.799479	Eb6	64	80	0	0	916	P1-39-3	0	-
740	40.783854	40.878906	Ab5	63	80	0	0	918	P1-39-4	0	-
741	40.852865	40.885417	Gb5	62	80	0	0	920	P1-39-5	0	-
742	40.915365	41.009115	Eb5	58	80	0	0	922	P1-39-6	0	-
743	41.026042	41.149740	Ab5	53	80	0	0	924	P1-39-7	0	-
744	41.106771	41.199219	Gb5	60	80	0	0	926	P1-39-8	0	-
745	41.167969	41.205729	Eb5	51	80	0	0	928	P1-39-9	0	-
746	41.246094	41.339844	Ab4	54	80	0	0	930	P1-39-10	0	-
747	41.325521	41.408854	Gb5	65	80	0	0	932	P1-39-11	0	-
748	41.395833	41.438802	Eb5	52	80	0	0	934	P1-39-12	0	-
749	41.477865	41.559896	Ab4	58	80	0	0	936	P1-40-1	0	-
750	41.554688	41.602865	Gb4	57	80	0	0	938	P1-40-2	0	-
751	41.634115	41.684896	Eb5	59	80	0	0	940	P1-40-3	0	-
752	41.734375	41.829427	Ab4	45	80	0	0	942	P1-40-4	0	-
753	41.792969	41.841146	Gb4	58	80	0	0	944	P1-40-5	0	-
754	41.875000	41.940104	Eb4	57	80	0	0	946	P1-40-6	0	-
755	41.979167	42.037760	Ab4	59	80	0	0	948	P1-40-7	0	-
756	42.096354	42.143229	Gb4	49	80	0	0	950	P1-40-8	0	-
757	42.175781	42.240885	Eb4	50	80	0	0	952	P1-40-9	0	-
758	42.286458	42.352865	Ab3	51	80	0	0	954	P1-40-10	0	-
759	42.424479	42.503906	Gb4	51	80	0	0	956	P1-40-11	0	-
760	42.554688	42.669271	Eb4	44	80	0	0	958	P1-40-12	0	-
761	42.628906	42.688802	Db2	26	80	0	0	960	P1-41-13	0	-
762	42.631510	42.799479	C#3	31	80	0	0	960	*	3	-
763	42.710938	42.899740	Db4	46	80	0	0	960	P1-41-1	0	-
764	42.895833	43.000000	Db5	51	80	0	0	962	P1-41-2	0	-
765	42.997396	43.053385	Ab4	51	80	0	0	964	P1-41-3	0	-
766	43.111979	43.165365	Db5	52	80	0	0	966	P1-41-4	0	-
767	43.201823	43.246094	Ab4	54	80	0	0	968	P1-41-5	0	-
768	43.317708	43.408854	Ab5	59	80	0	0	970	P1-41-6	0	-
769	43.401042	43.699219	F4	56	80	0	0	972	P1-41-16	0	-
770	43.403646	43.529948	Db5	56	80	0	0	972	P1-41-7	0	-
771	43.445312	43.869792	Ab3	41	80	0	0	972	P1-41-15	0	-
772	43.486979	43.526042	Ab5	53	80	0	0	974	P1-41-8	0	-
773	43.567708	43.658854	Ab4	48	80	0	0	976	P1-41-9	0	-
774	43.674479	43.759115	Db5	46	80	0	0	978	P1-41-10	0	-
775	43.735677	43.839844	Ab4	49	80	0	0	980	P1-41-11	0	-
776	43.834635	43.878906	Db5	53	80	0	0	982	P1-41-12	0	-
777	43.915365	44.098958	Db4	54	80	0	0	984	P1-42-1	0	-
778	44.003906	44.054688	Db5	58	80	0	0	986	P1-42-2	0	-
779	44.083333	44.131510	Ab4	59	80	0	0	988	P1-42-3	0	-
780	44.179688	44.235677	Db5	54	80	0	0	990	P1-42-4	0	-
781	44.264323	44.359375	Ab4	63	80	0	0	992	P1-42-5	0	-
782	44.371094	44.598958	Ab5	63	80	0	0	994	P1-42-6	0	-
783	44.423177	44.679688	E4	66	80	0	0	996	P1-42-16	0	-
784	44.455729	44.769531	G3	47	80	0	0	996	P1-42-15	0	-
785	44.458333	44.699219	Db5	48	80	0	0	996	P1-42-7	0	-
786	44.714844	44.774740	Db5	55	80	0	0	1002	P1-42-10	0	-
787	44.803385	44.889323	F5	62	80	0	0	1004	P1-42-11	1	-
788	44.807292	44.938802	F4	58	80	0	0	1005	P1-42-18	0	-
789	44.813802	44.919271	G#4	56	80	0	0	1005	P1-42-17	1	-
790	44.906250	44.968750	Db5	58	80	0	0	1006	P1-42-12	0	-
791	44.976562	45.179688	Db4	66	80	0	0	1008	P1-43-1	0	-
792	44.984375	45.069010	C#5	62	80	0	0	-1	*	3	-
793	44.984375	45.179688	Db3	63	80	0	0	1008	P1-43-13	0	-
794	44.985677	45.109375	G#3	56	80	0	0	-1	*	3	-
795	45.079427	45.179688	Db5	62	80	0	0	1010	P1-43-2	0	-
796	45.153646	45.229167	Ab4	55	80	0	0	1012	P1-43-3	0	-
797	45.230469	45.276042	Db5	61	80	0	0	1014	P1-43-4	0	-
798	45.345052	45.459635	Db5	61	80	0	0	1016	P1-43-5	0	-
799	45.415365	45.475260	Db6	75	80	0	0	1018	P1-43-6	0	-
800	45.494792	45.619792	Ab5	62	80	0	0	1020	P1-43-7	0	-
801	45.501302	45.609375	F5	67	80	0	0	-1	*	3	-
802	45.518229	45.949219	F4	63	80	0	0	1020	P1-43-16	0	-
803	45.524740	46.079427	Ab3	54	80	0	0	1020	P1-43-15	0	-
804	45.565104	45.669271	Db6	70	80	0	0	1022	P1-43-8	0	-
805	45.644531	45.687500	Db5	62	80	0	0	1024	P1-43-9	0	-
806	45.747396	45.829427	Db5	67	80	0	0	1026	P1-43-10	0	-
807	45.837240	45.908854	Ab4	56	80	0	0	1028	P1-43-11	0	-
808	45.894531	46.000000	Db5	58	80	0	0	1030	P1-43-12	0	-
809	45.986979	46.098958	Ab4	58	80	0	0	1032	P1-44-1	0	-
810	46.085938	46.158854	Ab5	58	80	0	0	1034	P1-44-2	0	-
811	46.151042	46.239583	Db5	63	80	0	0	1036	P1-44-3	0	-
812	46.226562	46.269531	Ab5	61	80	0	0	1038	P1-44-4	0	-
813	46.346354	46.449219	Ab5	63	80	0	0	1040	P1-44-5	0	-
814	46.433594	46.485677	Ab6	74	80	0	0	1042	P1-44-6	0	-
815	46.500000	46.566406	Db6	65	80	0	0	1044	P1-44-7	0	-
816	46.524740	46.779948	E4	56	80	0	0	1044	P1-44-16	0	-
817	46.535156	46.938802	C#4	44	80	0	0	-1	*	3	-
818	46.546875	46.829427	G3	47	80	0	0	1044	P1-44-15	0	-
819	46.582031	46.631510	Ab6	71	80	0	0	1046	P1-44-8	0	-
820	46.654948	46.694010	Ab5	60	80	0	0	1048	P1-44-9	0	-
821	46.794271	46.869792	Ab5	61	80	0	0	1050	P1-44-10	0	-
822	46.850260	46.908854	F5	59	80	0	0	1052	P1-44-11	1	-
823	46.852865	46.938802	F4	55	80	0	0	1053	P1-44-18	0	-
824	46.860677	46.895833	C#5	63	80	0	0	1054	P1-44-12	1	-
825	46.984375	47.049479	Db5	71	80	0	0	1056	P1-45-1	0	-
826	47.024740	47.250000	Db3	65	80	0	0	1056	P1-45-13	0	-
827	47.069010	47.114583	Eb5	60	80	0	0	1058	P1-45-2	0	-
828	47.140625	47.239583	Db5	74	80	0	0	1060	P1-45-3	0	-
829	47.274740	47.438802	F4	65	80	0	0	1062	P1-45-16	0	-
830	47.278646	47.419271	Db4	57	80	0	0	1062	P1-45-15	0	-
831	47.282552	47.419271	Ab3	55	80	0	0	1062	P1-45-14	0	-
832	47.289062	47.299479	F3	51	80	0	0	-1	*	3	-
833	47.356771	47.407552	Db6	75	80	0	0	1064	P1-45-5	0	-
834	47.462240	47.532552	Eb7	77	80	0	0	1066	P1-45-6	0	-
835	47.535156	47.789062	Gb4	67	80	0	0	1068	P1-45-19	0	-
836	47.540365	47.658854	Db7	75	80	0	0	1068	P1-45-7	0	-
837	47.541667	47.750000	Db4	55	80	0	0	1068	P1-45-18	0	-
838	47.545573	47.688802	Bbb3	58	80	0	0	1068	P1-45-17	0	-
839	47.634115	47.750000	Eb7	73	80	0	0	1070	P1-45-8	0	-
840	47.707031	47.848958	Db7	72	80	0	0	1072	P1-45-9	0	-
841	47.802083	47.848958	Db6	78	80	0	0	1074	P1-45-10	0	-
842	47.803385	47.979167	G4	75	80	0	0	1074	P1-45-22	0	-
843	47.804688	48.059896	Db4	54	80	0	0	1074	P1-45-21	0	-
844	47.808594	48.000000	Bb3	62	80	0	0	1074	P1-45-20	0	-
845	47.907552	47.919271	Db6	71	80	0	0	-1	*	3	-
846	47.914062	47.968750	Eb6	68	80	0	0	1076	P1-45-11	0	-
847	48.010417	48.063802	Db6	71	80	0	0	1078	P1-45-12	0	-
848	48.131510	48.378906	Ab4	62	80	0	0	1080	P1-46-15	0	-
849	48.136719	49.009115	Db4	49	80	0	0	1080	P1-46-14	0	-
850	48.140625	48.529948	Bb3	58	80	0	0	-1	*	3	-
851	48.145833	48.619792	Cb4	52	80	0	0	1080	P1-46-13	0	-
852	48.223958	48.309896	Eb5	59	80	0	0	1082	P1-46-2	0	-
853	48.309896	48.399740	Db5	59	80	0	0	1084	P1-46-3	0	-
854	48.424479	48.473958	Eb6	62	80	0	0	1086	P1-46-4	0	-
855	48.531250	48.567708	Db6	72	80	0	0	1088	P1-46-5	0	-
856	48.653646	48.734375	Eb7	66	80	0	0	1090	P1-46-6	0	-
857	48.704427	48.878906	Bb3	50	80	0	0	1092	P1-46-16	0	-
858	48.720052	48.785156	G4	47	80	0	0	1092	P1-46-18	0	-
859	48.748698	48.889323	Db7	69	80	0	0	1092	P1-46-7	0	-
860	48.832031	48.894531	Eb7	68	80	0	0	1094	P1-46-8	0	-
861	48.924479	48.983073	Db7	70	80	0	0	1096	P1-46-9	0	-
862	49.010417	49.046875	Db6	65	80	0	0	1098	P1-46-10	0	-
863	49.011719	49.119792	Gb4	58	80	0	0	1098	P1-46-21	0	-
864	49.014323	49.093750	Bbb3	48	80	0	0	1098	P1-46-19	0	-
865	49.015625	49.309896	F#3	45	80	0	0	-1	*	3	-
866	49.018229	49.218750	Db4	41	80	0	0	1098	P1-46-20	0	-
867	49.104167	49.153646	Eb6	60	80	0	0	1100	P1-46-11	0	-
868	49.190104	49.234375	Db6	66	80	0	0	1102	P1-46-12	0	-
869	49.287760	49.346354	F4	49	80	0	0	1104	P1-47-15	0	-
870	49.296875	49.360677	C#4	45	80	0	0	1104	P1-47-14	1	-
871	49.299479	49.354167	Ab3	47	80	0	0	1104	P1-47-13	0	-
872	49.304688	49.408854	Db7	70	80	0	0	1104	P1-47-1	0	-
873	49.394531	49.467448	Eb7	68	80	0	0	1106	P1-47-2	0	-
874	49.484375	49.589844	Db7	70	80	0	0	1108	P1-47-3	0	-
875	49.524740	49.580729	Db3	53	80	0	0	1110	P1-47-16	0	-
876	49.554688	49.619792	G#3	48	80	0	0	-1	*	3	-
877	49.561198	49.602865	Db6	64	80	0	0	1110	P1-47-4	0	-
878	49.656250	49.705729	Eb6	62	80	0	0	1112	P1-47-5	0	-
879	49.830729	50.500000	Ab4	65	80	0	0	1116	P1-47-17	0	-
880	49.845052	50.609375	Db4	43	80	0	0	1116	P1-47-21	0	-
881	49.845052	50.079427	Cb4	44	80	0	0	1116	P1-47-20	0	-
882	49.876302	49.944010	Db7	67	80	0	0	1116	P1-47-7	0	-
883	49.962240	50.098958	Eb7	68	80	0	0	1118	P1-47-8	0	-
884	50.071615	50.179688	Db7	66	80	0	0	1120	P1-47-9	0	-
885	50.144531	50.348958	Bb4	65	80	0	0	1122	P1-47-18	0	-
886	50.161458	50.205729	Db6	68	80	0	0	1122	P1-47-10	0	-
887	50.273438	50.325521	Eb6	58	80	0	0	1124	P1-47-11	0	-
888	50.372396	50.416667	Db6	65	80	0	0	1126	P1-47-12	0	-
889	50.523438	51.339844	Cb5	57	80	0	0	1128	P1-48-13	0	-
890	50.566406	50.662760	Db7	70	80	0	0	1128	P1-48-1	0	-
891	50.615885	51.769531	Db4	32	80	0	0	1128	P1-48-17	0	-
892	50.686198	50.779948	Eb7	62	80	0	0	1130	P1-48-2	0	-
893	50.804688	50.859375	Db7	61	80	0	0	1132	P1-48-3	0	-
894	50.903646	50.946615	Db6	60	80	0	0	1134	P1-48-4	0	-
895	51.032552	51.080729	Eb6	56	80	0	0	1136	P1-48-5	0	-
896	51.127604	51.209635	Db6	58	80	0	0	1138	P1-48-6	0	-
897	51.324219	51.539062	Db7	67	80	0	0	1140	P1-48-7	0	-
898	51.326823	51.649740	Bb4	54	80	0	0	1140	P1-48-14	0	-
899	51.468750	51.639323	Eb7	55	80	0	0	1142	P1-48-8	0	-
900	51.628906	51.759115	Db7	56	80	0	0	1144	P1-48-9	0	-
901	51.841146	51.885417	Db6	48	80	0	0	1146	P1-48-10	0	-
902	51.873698	51.959635	Ab4	45	80	0	0	1146	P1-48-15	0	-
903	52.002604	52.098958	Eb6	57	80	0	0	1148	P1-48-11	0	-
904	52.125000	52.239583	Db6	65	80	0	0	1150	P1-48-12	0	-
905	52.197917	52.285156	Gb6	83	80	0	0	1152	P1-49-1	0	-
906	52.199219	52.289062	Gb4	76	80	0	0	1152	P1-49-16	0	-
907	52.203125	52.236979	Db4	68	80	0	0	1152	P1-49-15	0	-
908	52.204427	52.269531	Bb3	74	80	0	0	1152	P1-49-14	0	-
909	52.204427	52.289062	Gb3	70	80	0	0	1152	P1-49-13	0	-
910	52.291667	52.347656	Bb6	75	80	0	0	1154	P1-49-2	0	-
911	52.356771	52.459635	Db6	70	80	0	0	1156	P1-49-3	0	-
912	52.432292	52.492188	Gb6	78	80	0	0	1158	P1-49-4	0	-
913	52.434896	52.477865	Eb4	73	80	0	0	1158	P1-49-19	0	-
914	52.434896	52.475260	Gb4	75	80	0	0	1158	P1-49-20	0	-
915	52.437500	52.476562	Cb4	61	80	0	0	1158	P1-49-18	0	-
916	52.523438	52.602865	Eb6	66	80	0	0	1160	P1-49-5	0	-
917	52.614583	52.769531	Gb6	77	80	0	0	1162	P1-49-6	0	-
918	52.683594	52.739583	F#5	77	80	0	0	-1	*	3	-
919	52.684896	52.789062	Db6	74	80	0	0	1164	P1-49-7	0	-
920	52.688802	52.750000	Gb4	80	80	0	0	1164	P1-49-24	0	-
921	52.692708	52.759115	Gb3	66	80	0	0	1164	P1-49-21	0	-
922	52.694010	52.729167	Bb3	68	80	0	0	1164	P1-49-22	0	-
923	52.694010	52.750000	Db4	65	80	0	0	1164	P1-49-23	0	-
924	52.776042	52.855469	Gb6	78	80	0	0	1166	P1-49-8	0	-
925	52.864583	52.927083	Bb5	71	80	0	0	1168	P1-49-9	0	-
926	52.938802	53.001302	Db6	67	80	0	0	1170	P1-49-10	0	-
927	53.024740	53.102865	Gb5	69	80	0	0	1172	P1-49-11	0	-
928	53.128906	53.188802	Bb5	60	80	0	0	1174	P1-49-12	0	-
929	53.192708	53.229167	Gb2	61	80	0	0	1176	P1-50-13	0	-
930	53.204427	53.253906	Gb5	65	80	0	0	1176	P1-50-1	0	-
931	53.285156	53.329427	Bb5	65	80	0	0	1178	P1-50-2	0	-
932	53.364583	53.417969	Db5	63	80	0	0	1180	P1-50-3	0	-
933	53.450521	53.486979	Cb4	57	80	0	0	1182	P1-50-15	0	-
934	53.453125	53.494792	Eb4	50	80	0	0	1182	P1-50-16	0	-
935	53.453125	53.490885	Gb5	59	80	0	0	1182	P1-50-4	0	-
936	53.529948	53.610677	Eb5	65	80	0	0	1184	P1-50-5	0	-
937	53.625000	53.694010	Gb5	68	80	0	0	1186	P1-50-6	0	-
938	53.701823	53.735677	Gb4	61	80	0	0	1188	P1-50-20	0	-
939	53.701823	53.779948	Bb3	64	80	0	0	1188	P1-50-18	0	-
940	53.705729	53.769531	Db5	66	80	0	0	1188	P1-50-7	0	-
941	53.708333	53.769531	Db4	53	80	0	0	1188	P1-50-19	0	-
942	53.796875	53.864583	Gb5	70	80	0	0	1190	P1-50-8	0	-
943	53.875000	53.934896	Bb4	68	80	0	0	1192	P1-50-9	0	-
944	53.955729	54.029948	Db5	64	80	0	0	1194	P1-50-10	0	-
945	54.032552	54.066406	Gb4	61	80	0	0	1196	P1-50-11	0	-
946	54.117188	54.161458	Bb4	67	80	0	0	1198	P1-50-12	0	-
947	54.184896	54.229167	Db3	69	80	0	0	1200	P1-51-14	0	-
948	54.188802	54.259115	Db4	62	80	0	0	1200	P1-51-1	0	-
949	54.192708	54.199219	G#3	58	80	0	0	-1	*	3	-
950	54.279948	54.343750	Db5	63	80	0	0	1202	P1-51-2	0	-
951	54.355469	54.408854	Ab4	60	80	0	0	1204	P1-51-3	0	-
952	54.424479	54.473958	Db5	66	80	0	0	1206	P1-51-4	0	-
953	54.424479	54.459635	F5	61	80	0	0	-1	*	3	-
954	54.425781	54.460938	F4	60	80	0	0	1206	P1-51-17	0	-
955	54.428385	54.466146	Db4	58	80	0	0	1206	P1-51-16	0	-
956	54.432292	54.509115	Ab3	59	80	0	0	1206	P1-51-15	0	-
957	54.513021	54.701823	Ab4	68	80	0	0	1208	P1-51-5	0	-
958	54.669271	54.729167	Eb4	64	80	0	0	1212	P1-51-20	0	-
959	54.669271	54.729167	Ab3	55	80	0	0	1212	P1-51-18	0	-
960	54.670573	54.718750	Eb5	59	80	0	0	1212	P1-51-7	1	-
961	54.671875	54.718750	C#4	54	80	0	0	1212	P1-51-19	1	-
962	54.753906	54.822917	Ab5	71	80	0	0	1214	P1-51-8	0	-
963	54.842448	54.891927	Eb5	62	80	0	0	1216	P1-51-9	0	-
964	54.915365	54.955729	Ab2	55	80	0	0	1218	P1-51-21	0	-
965	55.002604	55.042969	Eb5	66	80	0	0	1220	P1-51-11	0	-
966	55.092448	55.132812	Eb6	61	80	0	0	1222	P1-51-12	0	-
967	55.154948	55.229167	Eb5	59	80	0	0	1224	P1-52-1	0	-
968	55.160156	55.199219	Db3	57	80	0	0	1224	P1-52-21	0	-
969	55.236979	55.294271	Eb6	61	80	0	0	1226	P1-52-2	0	-
970	55.317708	55.363281	Ab5	62	80	0	0	1228	P1-52-3	0	-
971	55.391927	55.468750	Eb6	62	80	0	0	1230	P1-52-4	0	-
972	55.416667	55.453125	Eb4	50	80	0	0	1230	P1-52-16	0	-
973	55.424479	55.457031	Ab3	47	80	0	0	1230	P1-52-14	0	-
974	55.485677	55.532552	Ab5	55	80	0	0	1232	P1-52-5	0	-
975	55.565104	55.625000	Ab6	73	80	0	0	1234	P1-52-6	0	-
976	55.643229	55.682292	Cb4	58	80	0	0	1236	P1-52-18	0	-
977	55.645833	55.695312	Ab3	53	80	0	0	1236	P1-52-17	0	-
978	55.649740	55.684896	Db4	52	80	0	0	1236	P1-52-19	0	-
979	55.654948	55.750000	Ab5	57	80	0	0	1236	P1-52-7	0	-
980	55.742188	55.798177	Ab6	77	80	0	0	1238	P1-52-8	0	-
981	55.821615	55.876302	Db6	67	80	0	0	1240	P1-52-9	0	-
982	55.897135	55.962240	Ab6	72	80	0	0	1242	P1-52-10	0	-
983	55.980469	56.042969	Db6	74	80	0	0	1244	P1-52-11	0	-
984	56.065104	56.179688	Db7	89	80	0	0	1246	P1-52-12	0	-
985	56.121094	56.158854	Db4	67	80	0	0	1248	P1-53-15	0	-
986	56.123698	56.199219	Bb3	70	80	0	0	1248	P1-53-14	0	-
987	56.123698	56.162760	Gb4	77	80	0	0	1248	P1-53-16	0	-
988	56.130208	56.209635	Gb3	70	80	0	0	1248	P1-53-13	0	-
989	56.130208	56.179688	E3	67	80	0	0	1248	*	3	-
990	56.136719	56.229167	Gb6	84	80	0	0	1248	P1-53-1	0	-
991	56.216146	56.276042	Bb6	77	80	0	0	1250	P1-53-2	0	-
992	56.285156	56.369792	Db6	72	80	0	0	1252	P1-53-3	0	-
993	56.364583	56.404948	Cb4	70	80	0	0	1254	P1-53-18	0	-
994	56.364583	56.395833	Gb4	78	80	0	0	1254	P1-53-20	0	-
995	56.367188	56.404948	Eb4	74	80	0	0	1254	P1-53-19	0	-
996	56.371094	56.406250	Gb3	71	80	0	0	1254	P1-53-17	0	-
997	56.385417	56.468750	Gb6	84	80	0	0	1254	P1-53-4	0	-
998	56.463542	56.528646	Eb6	77	80	0	0	1256	P1-53-5	0	-
999	56.558594	56.625000	Gb6	88	80	0	0	1258	P1-53-6	0	-
1000	56.632812	56.688802	Gb4	76	80	0	0	1260	P1-53-24	0	-
1001	56.635417	56.709635	Gb3	63	80	0	0	1260	P1-53-21	0	-
1002	56.636719	56.674479	Bb3	64	80	0	0	1260	P1-53-22	0	-
1003	56.639323	56.699219	Db4	61	80	0	0	1260	P1-53-23	0	-
1004	56.643229	56.729167	Db6	76	80	0	0	1260	P1-53-7	0	-
1005	56.734375	56.803385	Gb6	83	80	0	0	1262	P1-53-8	0	-
1006	56.807292	56.875000	Bb5	74	80	0	0	1264	P1-53-9	0	-
1007	56.885417	56.953125	Db6	76	80	0	0	1266	P1-53-10	0	-
1008	56.967448	57.014323	Gb5	68	80	0	0	1268	P1-53-11	0	-
1009	57.058594	57.122396	Bb5	68	80	0	0	1270	P1-53-12	0	-
1010	57.123698	57.164062	Gb2	56	80	0	0	1272	P1-54-13	0	-
1011	57.139323	57.229167	Gb5	66	80	0	0	1272	P1-54-1	0	-
1012	57.213542	57.272135	Bb5	74	80	0	0	1274	P1-54-2	0	-
1013	57.298177	57.359375	Db5	64	80	0	0	1276	P1-54-3	0	-
1014	57.375000	57.415365	Cb4	55	80	0	0	1278	P1-54-15	0	-
1015	57.377604	57.415365	Eb4	52	80	0	0	1278	P1-54-16	0	-
1016	57.385417	57.419271	Gb5	63	80	0	0	1278	P1-54-4	0	-
1017	57.459635	57.544271	Eb5	62	80	0	0	1280	P1-54-5	0	-
1018	57.537760	57.619792	Gb5	67	80	0	0	1282	P1-54-6	0	-
1019	57.608073	57.718750	Bb3	62	80	0	0	1284	P1-54-18	0	-
1020	57.621094	57.699219	Db5	60	80	0	0	1284	P1-54-7	0	-
1021	57.625000	57.688802	Db4	44	80	0	0	1284	P1-54-19	0	-
1022	57.704427	57.757812	Gb5	67	80	0	0	1286	P1-54-8	0	-
1023	57.773438	57.815104	Bb4	65	80	0	0	1288	P1-54-9	0	-
1024	57.837240	57.885417	Db5	60	80	0	0	1290	P1-54-10	0	-
1025	57.929688	57.966146	Gb4	56	80	0	0	1292	P1-54-11	0	-
1026	57.934896	57.971354	Bb3	48	80	0	0	-1	*	3	-
1027	58.007812	58.063802	Bb4	67	80	0	0	1294	P1-54-12	0	-
1028	58.076823	58.134115	Cb3	50	80	0	0	1296	P1-55-13	0	-
1029	58.084635	58.135417	Eb4	66	80	0	0	1296	P1-55-1	0	-
1030	58.180990	58.231771	Eb5	58	80	0	0	1298	P1-55-2	0	-
1031	58.244792	58.329427	Ab4	63	80	0	0	1300	P1-55-3	0	-
1032	58.304688	58.479167	Eb4	74	80	0	0	1302	P1-55-15	0	-
1033	58.317708	58.429688	Eb5	69	80	0	0	1302	P1-55-4	0	-
1034	58.356771	58.438802	Ab3	49	80	0	0	1302	P1-55-14	0	-
1035	58.433594	58.484375	Ab4	62	80	0	0	1304	P1-55-5	0	-
1036	58.539062	58.679688	Ab5	60	80	0	0	1306	P1-55-6	0	-
1037	58.566406	58.671875	D4	55	80	0	0	1308	P1-55-18	0	-
1038	58.604167	58.673177	Bb3	53	80	0	0	1308	P1-55-17	0	-
1039	58.606771	58.680990	F3	42	80	0	0	1308	P1-55-16	0	-
1040	58.614583	58.675781	Bb4	64	80	0	0	1308	P1-55-7	0	-
1041	58.717448	58.829427	Bb5	58	80	0	0	1310	P1-55-8	0	-
1042	58.794271	58.834635	Bb4	61	80	0	0	1312	P1-55-9	0	-
1043	58.847656	58.932292	Bb2	56	80	0	0	1314	P1-55-19	0	-
1044	58.885417	58.937500	Bb5	55	80	0	0	1314	P1-55-10	0	-
1045	58.970052	59.024740	Bb4	62	80	0	0	1316	P1-55-11	0	-
1046	59.066406	59.115885	Bb5	59	80	0	0	1318	P1-55-12	0	-
1047	59.166667	59.226562	Cb3	51	80	0	0	1320	P1-56-13	0	-
1048	59.166667	59.231771	Eb5	59	80	0	0	1320	P1-56-1	0	-
1049	59.274740	59.338542	Eb6	66	80	0	0	1322	P1-56-2	0	-
1050	59.377604	59.459635	Ab5	54	80	0	0	1324	P1-56-3	0	-
1051	59.455729	59.541667	Eb6	64	80	0	0	1326	P1-56-4	0	-
1052	59.458333	59.718750	Eb4	56	80	0	0	1326	P1-56-15	0	-
1053	59.485677	59.609375	Ab3	45	80	0	0	1326	P1-56-14	0	-
1054	59.561198	59.623698	Ab5	66	80	0	0	1328	P1-56-5	0	-
1055	59.675781	59.789062	Ab6	69	80	0	0	1330	P1-56-6	0	-
1056	59.751302	59.859375	G#3	41	80	0	0	1332	*	3	-
1057	59.752604	59.889323	D4	41	80	0	0	1332	P1-56-18	0	-
1058	59.752604	59.871094	F3	39	80	0	0	1332	P1-56-16	0	-
1059	59.764323	59.861979	Bb3	43	80	0	0	1332	P1-56-17	0	-
1060	59.794271	59.852865	Bb5	58	80	0	0	1332	P1-56-7	0	-
1061	59.894531	59.979167	Bb6	65	80	0	0	1334	P1-56-8	0	-
1062	60.045573	60.092448	Bb5	45	80	0	0	1336	P1-56-9	0	-
1063	60.143229	60.196615	Bb2	43	80	0	0	1338	P1-56-19	0	-
1064	60.145833	60.239583	Bb6	64	80	0	0	1338	P1-56-10	0	-
1065	60.303385	60.342448	Bb5	53	80	0	0	1340	P1-56-11	0	-
1066	60.414062	60.455729	Bb6	63	80	0	0	1342	P1-56-12	0	-
1067	60.489583	60.546875	Cb3	50	80	0	0	1344	P1-57-13	0	-
1068	60.524740	60.575521	Bb5	61	80	0	0	1344	P1-57-1	0	-
1069	60.635417	60.696615	Bb6	69	80	0	0	1346	P1-57-2	0	-
1070	60.734375	60.777344	Eb6	60	80	0	0	1348	P1-57-3	0	-
1071	60.816406	60.878906	Cb4	50	80	0	0	1350	P1-57-14	0	-
1072	60.816406	60.860677	Ab4	58	80	0	0	1350	P1-57-16	0	-
1073	60.828125	60.908854	Bb6	68	80	0	0	1350	P1-57-4	0	-
1074	60.847656	60.895833	Eb4	37	80	0	0	1350	P1-57-15	0	-
1075	60.925781	61.009115	Ab5	62	80	0	0	1352	P1-57-5	0	-
1076	61.002604	61.089844	Ab6	71	80	0	0	1354	P1-57-6	0	-
1077	61.084635	61.126302	Db3	62	80	0	0	1356	P1-57-17	0	-
1078	61.085938	61.188802	Ab5	57	80	0	0	1356	P1-57-7	0	-
1079	61.169271	61.223958	Ab6	72	80	0	0	1358	P1-57-8	0	-
1080	61.264323	61.312500	Db6	61	80	0	0	1360	P1-57-9	0	-
1081	61.341146	61.399740	Ab6	73	80	0	0	1362	P1-57-10	0	-
1082	61.352865	61.429688	Db4	48	80	0	0	1362	P1-57-19	0	-
1083	61.354167	61.403646	Bb3	59	80	0	0	1362	P1-57-18	0	-
1084	61.428385	61.509115	Gb5	65	80	0	0	1364	P1-57-11	0	-
1085	61.498698	61.559896	Gb6	75	80	0	0	1366	P1-57-12	0	-
1086	61.600260	61.688802	Cb3	56	80	0	0	1368	P1-58-13	0	-
1087	61.619792	61.699219	Db5	69	80	0	0	1368	P1-58-1	0	-
1088	61.713542	61.789062	Db6	73	80	0	0	1370	P1-58-2	0	-
1089	61.791667	61.869792	Ab5	66	80	0	0	1372	P1-58-3	0	-
1090	61.855469	61.903646	Cb4	53	80	0	0	1374	P1-58-14	0	-
1091	61.864583	61.933594	Db6	69	80	0	0	1374	P1-58-4	0	-
1092	61.951823	62.009115	Ab5	67	80	0	0	1376	P1-58-5	0	-
1093	62.032552	62.092448	Ab6	79	80	0	0	1378	P1-58-6	0	-
1094	62.119792	62.171875	Gb5	68	80	0	0	1380	P1-58-7	0	-
1095	62.123698	62.164062	Bb2	54	80	0	0	1380	P1-58-18	0	-
1096	62.218750	62.281250	Gb6	78	80	0	0	1382	P1-58-8	0	-
1097	62.292969	62.429688	Db6	73	80	0	0	1384	P1-58-9	0	-
1098	62.348958	62.397135	Bb3	63	80	0	0	1386	P1-58-19	0	-
1099	62.371094	62.449219	Gb6	63	80	0	0	1386	P1-58-10	0	-
1100	62.372396	62.404948	Gb4	52	80	0	0	1386	P1-58-21	0	-
1101	62.434896	62.502604	Db6	66	80	0	0	1388	P1-58-11	0	-
1102	62.516927	62.571615	Db7	84	80	0	0	1390	P1-58-12	0	-
1103	62.589844	62.634115	Cb3	67	80	0	0	1392	P1-59-13	0	-
1104	62.613281	62.709635	Bb5	74	80	0	0	1392	P1-59-1	0	-
1105	62.699219	62.779948	Bb6	81	80	0	0	1394	P1-59-2	0	-
1106	62.772135	62.824219	Eb6	61	80	0	0	1396	P1-59-3	0	-
1107	62.856771	62.938802	Bb6	74	80	0	0	1398	P1-59-4	0	-
1108	62.864583	62.911458	Eb4	49	80	0	0	1398	P1-59-15	0	-
1109	62.864583	62.908854	G#3	48	80	0	0	-1	*	3	-
1110	62.864583	62.904948	Cb4	52	80	0	0	1398	P1-59-14	0	-
1111	62.942708	63.019531	Ab5	67	80	0	0	1400	P1-59-5	0	-
1112	63.014323	63.109375	Ab6	81	80	0	0	1402	P1-59-6	0	-
1113	63.095052	63.218750	Ab5	60	80	0	0	1404	P1-59-7	0	-
1114	63.109375	63.147135	Db3	57	80	0	0	1404	P1-59-17	0	-
1115	63.177083	63.248698	Ab6	78	80	0	0	1406	P1-59-8	0	-
1116	63.250000	63.315104	Db6	70	80	0	0	1408	P1-59-9	0	-
1117	63.334635	63.399740	Gb4	50	80	0	0	1410	P1-59-20	0	-
1118	63.335938	63.389323	F#6	64	80	0	0	1410	P1-59-10	1	-
1119	63.343750	63.376302	Db4	42	80	0	0	1410	P1-59-19	0	-
1120	63.343750	63.397135	Bb3	52	80	0	0	1410	P1-59-18	0	-
1121	63.407552	63.450521	Gb5	71	80	0	0	1412	P1-59-11	0	-
1122	63.477865	63.509115	Gb6	73	80	0	0	1414	P1-59-12	0	-
1123	63.572917	63.613281	Cb3	52	80	0	0	1416	P1-60-13	0	-
1124	63.585938	63.630208	Db5	67	80	0	0	1416	P1-60-1	0	-
1125	63.667969	63.731771	Db6	71	80	0	0	1418	P1-60-2	0	-
1126	63.744792	63.829427	Ab5	55	80	0	0	1420	P1-60-3	0	-
1127	63.817708	63.919271	Db6	68	80	0	0	1422	P1-60-4	0	-
1128	63.822917	63.868490	Cb4	55	80	0	0	1422	P1-60-14	0	-
1129	63.825521	63.872396	Ab4	56	80	0	0	1422	P1-60-17	0	-
1130	63.898438	64.000000	Ab5	67	80	0	0	1424	P1-60-5	0	-
1131	63.975260	64.039062	Ab6	81	80	0	0	1426	P1-60-6	0	-
1132	64.055990	64.114583	Gb5	74	80	0	0	1428	P1-60-7	0	-
1133	64.063802	64.105469	Bb2	57	80	0	0	1428	P1-60-18	0	-
1134	64.161458	64.212240	Gb6	74	80	0	0	1430	P1-60-8	0	-
1135	64.234375	64.291667	Db6	66	80	0	0	1432	P1-60-9	0	-
1136	64.295573	64.378906	Bb3	58	80	0	0	1434	P1-60-19	0	-
1137	64.305990	64.319010	Gb4	53	80	0	0	1434	P1-60-21	0	-
1138	64.307292	64.378906	Gb6	71	80	0	0	1434	P1-60-10	0	-
1139	64.390625	64.451823	Db6	65	80	0	0	1436	P1-60-11	0	-
1140	64.477865	64.544271	Db7	78	80	0	0	1438	P1-60-12	0	-
1141	64.565104	64.621094	Cb3	59	80	0	0	1440	P1-61-13	0	-
1142	64.591146	64.643229	Bb5	69	80	0	0	1440	P1-61-1	0	-
1143	64.686198	64.734375	Bb6	75	80	0	0	1442	P1-61-2	0	-
1144	64.763021	64.813802	Eb6	64	80	0	0	1444	P1-61-3	0	-
1145	64.837240	64.899740	Bb6	72	80	0	0	1446	P1-61-4	0	-
1146	64.846354	65.029948	Ab3	50	80	0	0	1446	P1-61-14	0	-
1147	64.847656	64.979167	Eb4	53	80	0	0	1446	P1-61-15	0	-
1148	64.915365	65.000000	Ab5	72	80	0	0	1448	P1-61-5	0	-
1149	64.975260	65.035156	Ab6	83	80	0	0	1450	P1-61-6	0	-
1150	65.054688	65.105469	Bb5	84	80	0	0	1452	P1-61-7	0	-
1151	65.139323	65.199219	Bb6	84	80	0	0	1454	P1-61-8	0	-
1152	65.205729	65.309896	C#6	73	80	0	0	-1	*	3	-
1153	65.217448	65.272135	Eb6	72	80	0	0	1456	P1-61-9	0	-
1154	65.235677	65.294271	B3	67	80	0	0	1458	P1-61-17	1	-
1155	65.295573	65.363281	Bb6	86	80	0	0	1458	P1-61-10	0	-
1156	65.373698	65.428385	Ab5	78	80	0	0	1460	P1-61-11	0	-
1157	65.455729	65.514323	Ab6	78	80	0	0	1462	P1-61-12	0	-
1158	65.506510	65.619792	C3	73	80	0	0	1464	P1-62-13	0	-
1159	65.539062	65.669271	Bb5	81	80	0	0	1464	P1-62-1	0	-
1160	65.639323	65.704427	Bb6	90	80	0	0	1466	P1-62-2	0	-
1161	65.725260	65.772135	Eb6	69	80	0	0	1468	P1-62-3	0	-
1162	65.795573	65.878906	Bb6	78	80	0	0	1470	P1-62-4	0	-
1163	65.802083	65.938802	Gb4	78	80	0	0	1470	P1-62-16	0	-
1164	65.815104	65.938802	Eb4	66	80	0	0	1470	P1-62-15	0	-
1165	65.821615	66.000000	Ab3	63	80	0	0	1470	P1-62-14	0	-
1166	65.878906	65.989583	Ab5	82	80	0	0	1472	P1-62-5	0	-
1167	65.947917	66.014323	Ab6	80	80	0	0	1474	P1-62-6	0	-
1168	66.024740	66.128906	Bb5	89	80	0	0	1476	P1-62-7	0	-
1169	66.108073	66.174479	Bb6	94	80	0	0	1478	P1-62-8	0	-
1170	66.184896	66.269531	Eb6	74	80	0	0	1480	P1-62-9	0	-
1171	66.212240	66.309896	C3	70	80	0	0	1482	P1-62-18	0	-
1172	66.268229	66.333333	Bb6	90	80	0	0	1482	P1-62-10	0	-
1173	66.347656	66.479167	Ab5	79	80	0	0	1484	P1-62-11	0	-
1174	66.437500	66.513021	Ab6	82	80	0	0	1486	P1-62-12	0	-
1175	66.515625	66.718750	Db3	75	80	0	0	1488	P1-63-13	0	-
1176	66.518229	66.600260	Db6	73	80	0	0	1488	P1-63-1	0	-
1177	66.606771	66.674479	Bb6	94	80	0	0	1490	P1-63-2	0	-
1178	66.694010	66.809896	Ab5	74	80	0	0	1492	P1-63-3	0	-
1179	66.770833	66.834635	Ab6	78	80	0	0	1494	P1-63-4	0	-
1180	66.855469	66.959635	Db6	79	80	0	0	1496	P1-63-5	0	-
1181	66.934896	67.003906	Bb6	93	80	0	0	1498	P1-63-6	0	-
1182	67.023438	67.084635	Ab5	69	80	0	0	1500	P1-63-7	0	-
1183	67.033854	67.039062	F5	68	80	0	0	-1	*	3	-
1184	67.046875	67.229167	Ab4	70	80	0	0	1500	P1-63-17	0	-
1185	67.053385	67.149740	Ab3	64	80	0	0	1500	P1-63-14	0	-
1186	67.065104	67.339844	Db4	63	80	0	0	1500	P1-63-15	0	-
1187	67.114583	67.218750	Ab6	83	80	0	0	1502	P1-63-8	0	-
1188	67.196615	67.253906	Db6	75	80	0	0	1504	P1-63-9	0	-
1189	67.276042	67.334635	Bb6	90	80	0	0	1506	P1-63-10	0	-
1190	67.365885	67.459635	Ab5	72	80	0	0	1508	P1-63-11	0	-
1191	67.449219	67.569010	Ab6	73	80	0	0	1510	P1-63-12	0	-
1192	67.540365	67.602865	Db6	77	80	0	0	1512	P1-64-1	0	-
1193	67.578125	67.739583	Db5	61	80	0	0	1512	P1-64-15	0	-
1194	67.623698	67.699219	Bb6	89	80	0	0	1514	P1-64-2	0	-
1195	67.729167	67.889323	Ab5	64	80	0	0	1516	P1-64-3	0	-
1196	67.815104	67.885417	Ab6	72	80	0	0	1518	P1-64-4	0	-
1197	67.908854	67.984375	Db6	71	80	0	0	1520	P1-64-5	0	-
1198	67.996094	68.098958	Bb6	81	80	0	0	1522	P1-64-6	0	-
1199	68.100260	68.250000	Ab5	65	80	0	0	1524	P1-64-7	0	-
1200	68.183594	68.264323	Ab6	75	80	0	0	1526	P1-64-8	0	-
1201	68.283854	68.345052	Db6	70	80	0	0	1528	P1-64-9	0	-
1202	68.372396	68.509115	Bb6	76	80	0	0	1530	P1-64-10	0	-
1203	68.490885	68.729167	Ab5	63	80	0	0	1532	P1-64-11	0	-
1204	68.627604	68.859375	Ab6	74	80	0	0	1534	P1-64-12	0	-
1205	68.707031	68.919271	Ab3	44	80	0	0	1536	P1-65-21	0	-
1206	68.834635	69.559896	Db4	49	80	0	0	1536	P1-65-22	0	-
1207	68.941406	69.569010	Eb7	75	80	0	0	1536	P1-65-14	0	-
1208	69.022135	69.579427	Gb4	48	80	0	0	1536	P1-65-23	0	-
1209	69.463542	69.639323	Db7	63	80	0	0	1539	P1-65-16	0	-
1210	69.589844	69.669271	Bb6	62	80	0	0	1540	P1-65-17	0	-
1211	69.671875	69.744792	Ab6	63	80	0	0	1542	P1-65-5	0	-
1212	69.756510	69.825521	Gb6	64	80	0	0	1544	P1-65-6	0	-
1213	69.854167	70.019531	Eb6	63	80	0	0	1546	P1-65-7	0	-
1214	69.973958	70.109375	Db6	72	80	0	0	1548	P1-65-8	0	-
1215	70.084635	70.209635	Bb5	60	80	0	0	1550	P1-65-9	0	-
1216	70.184896	70.319010	Ab5	53	80	0	0	1552	P1-65-10	0	-
1217	70.292969	70.419271	Gb5	59	80	0	0	1554	P1-65-11	0	-
1218	70.393229	70.529948	Eb5	58	80	0	0	1556	P1-65-12	0	-
1219	70.518229	70.649740	Db5	58	80	0	0	1558	P1-65-13	0	-
1220	70.829427	72.389323	Ab4	61	80	0	0	1560	P1-66-1	0	-
1221	70.832031	71.289062	Cb4	49	80	0	0	1560	P1-66-10	0	-
1222	70.846354	71.459635	C#4	44	80	0	0	1560	*	3	-
1223	70.855469	71.619792	Gb4	51	80	0	0	1560	P1-66-5	0	-
1224	70.864583	71.819010	Eb4	43	80	0	0	1560	P1-66-4	0	-
1225	70.871094	71.759115	Ab3	39	80	0	0	1560	P1-66-9	0	-
1226	71.958333	72.389323	Bb4	41	80	0	0	1572	P1-66-2	0	-
1227	71.981771	72.479167	Db4	26	80	0	0	1572	P1-66-6	0	-
1228	71.983073	72.341146	F4	27	80	0	0	1572	P1-66-7	0	-
1229	72.860677	73.098958	Ab4	34	80	0	0	1581	P1-66-3	0	-
1230	73.050781	73.389323	Gb4	48	80	0	0	1584	P1-67-9	0	-
1231	73.053385	73.619792	Gb3	39	80	0	0	1584	P1-67-18	0	-
1232	73.057292	73.386719	Bb3	45	80	0	0	1584	P1-67-11	0	-
1233	73.085938	73.329427	C#3	29	80	0	0	1584	*	3	-
1234	73.373698	73.609375	Db4	37	80	0	0	1590	P1-67-13	0	-
1235	73.644531	73.947917	Cb4	44	80	0	0	1596	P1-67-14	0	-
1236	73.653646	73.734375	Ab6	69	80	0	0	1596	P1-67-3	0	-
1237	73.656250	73.731771	Ab4	48	80	0	0	1596	P1-67-15	0	-
1238	73.661458	73.669271	F4	40	80	0	0	1596	*	3	-
1239	73.743490	73.828125	Bb6	65	80	0	0	1598	P1-67-4	0	-
1240	73.813802	73.875000	Ab6	68	80	0	0	1600	P1-67-5	0	-
1241	73.894531	73.953125	Db6	62	80	0	0	1602	P1-67-6	0	-
1242	73.902344	74.029948	F4	50	80	0	0	1602	P1-67-17	0	-
1243	73.904948	73.919271	F3	41	80	0	0	1602	*	3	-
1244	73.915365	73.960938	Ab3	38	80	0	0	1602	P1-67-16	0	-
1245	73.981771	74.024740	Db7	71	80	0	0	1604	P1-67-7	0	-
1246	74.054688	74.092448	Db6	68	80	0	0	1606	P1-67-8	0	-
1247	74.157552	74.233073	Db6	74	80	0	0	1608	P1-68-1	0	-
1248	74.162760	74.639323	Gb3	52	80	0	0	1608	P1-68-18	0	-
1249	74.162760	74.408854	Gb4	60	80	0	0	1608	P1-68-12	0	-
1250	74.171875	74.709635	Bb3	52	80	0	0	1608	P1-68-11	0	-
1251	74.238281	74.298177	Eb6	66	80	0	0	1610	P1-68-2	0	-
1252	74.325521	74.419271	Db6	63	80	0	0	1612	P1-68-3	0	-
1253	74.407552	74.455729	Gb5	67	80	0	0	1614	P1-68-4	0	-
1254	74.420573	74.639323	F#4	56	80	0	0	1614	*	3	-
1255	74.424479	75.000000	Db4	53	80	0	0	1614	P1-68-13	0	-
1256	74.479167	74.518229	Gb6	71	80	0	0	1616	P1-68-5	0	-
1257	74.555990	74.601562	Gb5	62	80	0	0	1618	P1-68-6	0	-
1258	74.653646	74.717448	Ab5	62	80	0	0	1620	P1-68-7	0	-
1259	74.665365	74.819010	Cb4	46	80	0	0	1620	P1-68-14	0	-
1260	74.673177	74.769531	Ab4	56	80	0	0	1620	P1-68-15	0	-
1261	74.736979	74.804688	Bb5	61	80	0	0	1622	P1-68-8	0	-
1262	74.822917	74.880208	Ab5	57	80	0	0	1624	P1-68-9	0	-
1263	74.904948	74.945312	Db5	65	80	0	0	1626	P1-68-10	0	-
1264	74.912760	74.989583	F4	51	80	0	0	1626	P1-68-17	0	-
1265	74.916667	75.019531	Ab3	44	80	0	0	1626	P1-68-16	0	-
1266	75.177083	75.330729	Gb4	52	80	0	0	1632	P1-69-15	0	-
1267	75.179688	75.438802	Gb3	39	80	0	0	1632	P1-69-13	0	-
1268	75.186198	75.330729	Bb3	44	80	0	0	1632	P1-69-14	0	-
1269	75.266927	75.369792	Gb5	50	80	0	0	1634	P1-69-2	0	-
1270	75.348958	75.414062	Ab5	59	80	0	0	1636	P1-69-3	0	-
1271	75.416667	75.506510	Bb5	62	80	0	0	1638	P1-69-4	0	-
1272	75.513021	75.574219	Ab5	63	80	0	0	1640	P1-69-5	0	-
1273	75.574219	75.623698	Gb5	57	80	0	0	1642	P1-69-6	0	-
1274	75.632812	75.725260	Eb4	55	80	0	0	1644	P1-69-19	0	-
1275	75.635417	75.707031	Db5	65	80	0	0	1644	P1-69-7	0	-
1276	75.641927	75.723958	Cb4	44	80	0	0	1644	P1-69-18	0	-
1277	75.734375	75.820312	Ab5	62	80	0	0	1646	P1-69-8	0	-
1278	75.820312	75.949219	Db6	62	80	0	0	1648	P1-69-9	0	-
1279	75.885417	75.955729	Db3	58	80	0	0	1650	P1-69-20	0	-
1280	75.890625	75.963542	Eb6	68	80	0	0	1650	P1-69-10	0	-
1281	75.957031	76.027344	Db6	65	80	0	0	1652	P1-69-11	0	-
1282	76.053385	76.121094	Ab5	58	80	0	0	1654	P1-69-12	0	-
1283	76.122396	76.218750	Gb5	68	80	0	0	1656	P1-70-1	0	-
1284	76.127604	76.274740	Eb4	67	80	0	0	1656	P1-70-15	0	-
1285	76.157552	76.305990	Gb3	43	80	0	0	1656	P1-70-13	0	-
1286	76.169271	76.292969	Bb3	43	80	0	0	1656	P1-70-14	0	-
1287	76.216146	76.294271	Db6	65	80	0	0	1658	P1-70-2	0	-
1288	76.308594	76.360677	Gb6	65	80	0	0	1660	P1-70-3	0	-
1289	76.375000	76.509115	Db4	61	80	0	0	1662	P1-70-17	0	-
1290	76.385417	76.479167	Ab6	66	80	0	0	1662	P1-70-4	0	-
1291	76.391927	76.444010	Db3	57	80	0	0	1662	P1-70-16	0	-
1292	76.459635	76.555990	Gb6	66	80	0	0	1664	P1-70-5	0	-
1293	76.548177	76.649740	Eb6	63	80	0	0	1666	P1-70-6	0	-
1294	76.631510	76.716146	Db6	66	80	0	0	1668	P1-70-7	0	-
1295	76.632812	76.720052	Eb4	56	80	0	0	1668	P1-70-20	0	-
1296	76.664062	76.789062	Cb4	40	80	0	0	1668	P1-70-19	0	-
1297	76.739583	76.824219	Ab6	67	80	0	0	1670	P1-70-8	0	-
1298	76.834635	77.000000	Db7	74	80	0	0	1672	P1-70-9	0	-
1299	76.917969	76.979167	Db4	48	80	0	0	1674	P1-70-22	0	-
1300	76.923177	77.029948	Eb7	71	80	0	0	1674	P1-70-10	0	-
1301	76.933594	76.975260	Db3	52	80	0	0	1674	P1-70-21	0	-
1302	77.005208	77.119792	Db7	66	80	0	0	1676	P1-70-11	0	-
1303	77.098958	77.171875	Ab6	69	80	0	0	1678	P1-70-12	0	-
1304	77.175781	77.233073	Gb6	61	80	0	0	1680	P1-71-1	0	-
1305	77.191406	77.658854	Bb3	47	80	0	0	1680	P1-71-13	0	-
1306	77.203125	77.739583	Gb3	41	80	0	0	1680	P1-71-20	0	-
1307	77.265625	77.326823	Ab6	64	80	0	0	1682	P1-71-2	0	-
1308	77.352865	77.403646	Gb6	66	80	0	0	1684	P1-71-3	0	-
1309	77.427083	77.750000	Db4	51	80	0	0	1686	P1-71-15	0	-
1310	77.434896	77.480469	Db6	64	80	0	0	1686	P1-71-4	0	-
1311	77.502604	77.553385	Db7	72	80	0	0	1688	P1-71-5	0	-
1312	77.585938	77.625000	Db6	64	80	0	0	1690	P1-71-6	0	-
1313	77.675781	77.934896	Cb4	48	80	0	0	1692	P1-71-16	0	-
1314	77.682292	77.789062	Ab4	56	80	0	0	1692	P1-71-17	0	-
1315	77.682292	77.750000	Db6	72	80	0	0	1692	P1-71-7	0	-
1316	77.764323	77.839844	Db6	68	80	0	0	-1	*	3	-
1317	77.768229	77.822917	Eb6	64	80	0	0	1694	P1-71-8	0	-
1318	77.845052	77.949219	Db6	63	80	0	0	1696	P1-71-9	0	-
1319	77.924479	77.981771	Ab5	66	80	0	0	1698	P1-71-10	0	-
1320	77.928385	78.009115	F4	49	80	0	0	1698	P1-71-19	0	-
1321	77.934896	78.000000	Ab3	45	80	0	0	1698	P1-71-18	0	-
1322	78.005208	78.058594	Ab6	75	80	0	0	1700	P1-71-11	0	-
1323	78.082031	78.179688	Ab5	61	80	0	0	1702	P1-71-12	0	-
1324	78.173177	78.233073	F#5	59	80	0	0	-1	*	3	-
1325	78.174479	78.179688	Gb4	54	80	0	0	1704	P1-72-9	0	-
1326	78.179688	78.628906	Gb3	47	80	0	0	1704	P1-72-15	0	-
1327	78.180990	78.459635	Bb3	55	80	0	0	1704	P1-72-8	0	-
1328	78.192708	78.279948	G#3	50	80	0	0	-1	*	3	-
1329	78.194010	78.246094	Ab5	60	80	0	0	1704	P1-72-1	0	-
1330	78.274740	78.378906	Bb5	65	80	0	0	1706	P1-72-2	0	-
1331	78.365885	78.438802	Ab5	52	80	0	0	1708	P1-72-3	0	-
1332	78.427083	78.489583	Gb5	69	80	0	0	1710	P1-72-4	0	-
1333	78.434896	79.109375	Db4	49	80	0	0	1710	P1-72-10	0	-
1334	78.520833	78.565104	Gb6	71	80	0	0	1712	P1-72-5	0	-
1335	78.589844	78.626302	Gb5	67	80	0	0	1714	P1-72-6	0	-
1336	78.684896	78.878906	Cb4	50	80	0	0	1716	P1-72-11	0	-
1337	78.700521	78.746094	Db5	64	80	0	0	1716	P1-72-7	0	-
1338	78.717448	78.799479	Ab4	49	80	0	0	1716	P1-72-12	0	-
1339	78.951823	79.016927	F5	58	80	0	0	1722	*	3	-
1340	78.951823	79.098958	Ab3	45	80	0	0	1722	P1-72-13	0	-
1341	78.951823	79.020833	F4	51	80	0	0	1722	P1-72-14	0	-
1342	78.954427	79.069010	B3	42	80	0	0	1722	*	3	-
1343	79.214844	79.519531	Gb3	43	80	0	0	1728	P1-73-13	0	-
1344	79.216146	79.483073	Bb3	48	80	0	0	1728	P1-73-14	0	-
1345	79.216146	79.468750	Gb4	50	80	0	0	1728	P1-73-15	0	-
1346	79.316406	79.378906	Gb5	53	80	0	0	1730	P1-73-2	0	-
1347	79.402344	79.455729	Ab5	57	80	0	0	1732	P1-73-3	0	-
1348	79.467448	79.513021	Db4	44	80	0	0	1734	P1-73-16	0	-
1349	79.473958	79.597656	Bb5	61	80	0	0	1734	P1-73-4	0	-
1350	79.572917	79.635417	Ab5	60	80	0	0	1736	P1-73-5	0	-
1351	79.636719	79.729167	Gb5	60	80	0	0	1738	P1-73-6	0	-
1352	79.684896	79.743490	Eb4	57	80	0	0	1740	P1-73-19	0	-
1353	79.694010	79.747396	Cb4	50	80	0	0	1740	P1-73-18	0	-
1354	79.694010	79.799479	Db5	60	80	0	0	1740	P1-73-7	0	-
1355	79.790365	79.845052	Ab5	58	80	0	0	1742	P1-73-8	0	-
1356	79.848958	79.989583	Db6	66	80	0	0	1744	P1-73-9	0	-
1357	79.938802	79.949219	Bb3	58	80	0	0	-1	*	3	-
1358	79.944010	80.059896	Db4	60	80	0	0	1746	P1-73-21	0	-
1359	79.944010	79.988281	Db3	65	80	0	0	1746	P1-73-20	0	-
1360	80.001302	80.078125	Db6	64	80	0	0	1748	P1-73-11	0	-
1361	80.102865	80.153646	Ab5	60	80	0	0	1750	P1-73-12	0	-
1362	80.175781	80.236979	Gb5	75	80	0	0	1752	P1-74-1	0	-
1363	80.195312	80.236979	Eb4	65	80	0	0	1752	P1-74-15	0	-
1364	80.203125	80.289062	Bb3	56	80	0	0	1752	P1-74-14	0	-
1365	80.214844	80.408854	Gb3	44	80	0	0	1752	P1-74-13	0	-
1366	80.274740	80.408854	Db6	71	80	0	0	1754	P1-74-2	0	-
1367	80.360677	80.509115	Gb6	72	80	0	0	1756	P1-74-3	0	-
1368	80.450521	80.511719	Ab6	63	80	0	0	1758	P1-74-4	0	-
1369	80.453125	80.529948	Db4	65	80	0	0	1758	P1-74-17	0	-
1370	80.454427	80.513021	Db3	65	80	0	0	1758	P1-74-16	0	-
1371	80.515625	80.600260	Gb6	61	80	0	0	1760	P1-74-5	0	-
1372	80.598958	80.729167	Db6	65	80	0	0	1762	P1-74-6	0	-
1373	80.671875	80.717448	Eb5	70	80	0	0	-1	*	3	-
1374	80.678385	80.734375	Eb4	76	80	0	0	1764	P1-74-20	0	-
1375	80.682292	80.729167	Eb6	71	80	0	0	1764	P1-74-7	1	-
1376	80.682292	80.730469	Cb4	63	80	0	0	1764	P1-74-19	0	-
1377	80.683594	80.742188	C#4	72	80	0	0	-1	*	3	-
1378	80.697917	80.809896	F3	59	80	0	0	1764	P1-74-18	0	-
1379	80.742188	80.848958	Db6	73	80	0	0	1766	P1-74-8	0	-
1380	80.843750	81.000000	Ab6	77	80	0	0	1768	P1-74-9	0	-
1381	80.919271	81.049479	Db3	66	80	0	0	1770	P1-74-21	0	-
1382	80.921875	80.929688	Db4	61	80	0	0	1770	P1-74-22	0	-
1383	80.921875	81.003906	Bb6	82	80	0	0	1770	P1-74-10	0	-
1384	81.005208	81.109375	Ab6	69	80	0	0	1772	P1-74-11	0	-
1385	81.092448	81.157552	Db6	79	80	0	0	1774	P1-74-12	0	-
1386	81.126302	81.319010	Gb3	61	80	0	0	1776	P1-75-13	0	-
1387	81.147135	81.250000	Bb6	89	80	0	0	1776	P1-75-1	0	-
1388	81.165365	81.419271	Db4	62	80	0	0	1776	P1-75-14	0	-
1389	81.173177	81.319010	Bb4	83	80	0	0	1776	P1-75-15	0	-
1390	81.231771	81.304688	Db6	78	80	0	0	1778	P1-75-2	0	-
1391	81.321615	81.386719	Ab6	81	80	0	0	1780	P1-75-3	0	-
1392	81.386719	81.453125	Bb5	80	80	0	0	1782	P1-75-4	0	-
1393	81.466146	81.545573	Ab6	81	80	0	0	1784	P1-75-5	0	-
1394	81.539062	81.658854	Db6	79	80	0	0	1786	P1-75-6	0	-
1395	81.631510	81.729167	Gb6	76	80	0	0	1788	P1-75-7	0	-
1396	81.675781	81.772135	Bb5	65	80	0	0	1790	P1-75-8	0	-
1397	81.742188	81.839844	Db3	66	80	0	0	1794	P1-75-17	0	-
1398	81.769531	81.899740	Eb6	82	80	0	0	1792	P1-75-9	0	-
1399	81.861979	81.925781	Cb4	71	80	0	0	1794	P1-75-19	0	-
1400	81.872396	81.934896	Ab5	72	80	0	0	1794	P1-75-10	0	-
1401	81.888021	81.899740	F5	72	80	0	0	-1	*	3	-
1402	81.890625	81.989583	F4	72	80	0	0	1794	P1-75-20	0	-
1403	81.936198	82.039062	Db6	72	80	0	0	1796	P1-75-11	0	-
1404	81.993490	82.059896	Db5	68	80	0	0	1798	P1-75-12	0	-
1405	82.093750	82.239583	Bb5	81	80	0	0	1800	P1-76-1	0	-
1406	82.114583	82.329427	Gb3	75	80	0	0	1800	P1-76-13	0	-
1407	82.115885	82.218750	Bb3	71	80	0	0	1800	P1-76-14	0	-
1408	82.183594	82.299479	Db5	70	80	0	0	1802	P1-76-2	0	-
1409	82.256510	82.359375	Ab5	74	80	0	0	1804	P1-76-3	0	-
1410	82.326823	82.438802	Bb4	62	80	0	0	1806	P1-76-4	0	-
1411	82.424479	82.509115	Ab5	66	80	0	0	1808	P1-76-5	0	-
1412	82.493490	82.658854	Db5	70	80	0	0	1810	P1-76-6	0	-
1413	82.575521	82.635417	Gb5	71	80	0	0	1812	P1-76-7	0	-
1414	82.626302	82.709635	Bb4	66	80	0	0	1814	P1-76-8	0	-
1415	82.640625	82.695312	Db2	70	80	0	0	1818	P1-76-17	0	-
1416	82.733073	82.799479	Eb5	71	80	0	0	1816	P1-76-9	0	-
1417	82.735677	82.859375	Cb3	63	80	0	0	1818	P1-76-18	0	-
1418	82.755208	82.769531	Bb2	65	80	0	0	-1	*	3	-
1419	82.802083	82.899740	F4	68	80	0	0	-1	*	3	-
1420	82.809896	82.919271	Ab4	72	80	0	0	1818	P1-76-10	0	-
1421	82.893229	83.177083	Db5	67	80	0	0	1820	P1-76-11	0	-
1422	82.944010	83.049479	Db4	71	80	0	0	1822	P1-76-12	0	-
1423	83.023438	83.158854	Gb3	85	80	0	0	1824	P1-77-15	0	-
1424	83.024740	83.250000	F#4	75	80	0	0	1824	P1-77-1	1	-
1425	83.029948	83.085938	Bb2	80	80	0	0	1824	P1-77-14	0	-
1426	83.044271	83.250000	Gb2	71	80	0	0	1824	P1-77-13	0	-
1427	83.130208	83.299479	Db4	76	80	0	0	1826	P1-77-2	0	-
1428	83.230469	83.438802	Ab4	67	80	0	0	1828	P1-77-3	0	-
1429	83.244792	83.339844	Bb2	72	80	0	0	-1	*	3	-
1430	83.253906	83.303385	Bb3	73	80	0	0	1830	P1-77-4	0	-
1431	83.388021	83.468750	Bb3	70	80	0	0	1832	P1-77-5	1	-
1432	83.425781	83.509115	Db4	71	80	0	0	1834	P1-77-6	0	-
1433	83.592448	83.652344	Db2	70	80	0	0	1842	P1-77-17	0	-
1434	83.656250	83.713542	Eb4	72	80	0	0	1840	P1-77-9	0	-
1435	83.744792	83.839844	Ab3	62	80	0	0	1842	P1-77-10	0	-
1436	83.805990	83.861979	Db4	63	80	0	0	1844	P1-77-11	0	-
1437	83.884115	83.968750	Db3	66	80	0	0	1846	P1-77-12	0	-
1438	83.906250	84.119792	Gb2	71	80	0	0	1848	P1-78-14	0	-
1439	83.907552	84.109375	Gb1	74	80	0	0	1848	P1-78-13	0	-
1440	83.942708	84.079427	Bb3	71	80	0	0	1848	P1-78-1	0	-
1441	84.035156	84.109375	F#4	64	80	0	0	1850	P1-78-2	1	-
1442	84.110677	84.154948	Eb4	72	80	0	0	1852	P1-78-3	0	-
1443	84.165365	84.319010	Db2	75	80	0	0	1854	P1-78-15	0	-
1444	84.263021	84.399740	F#1	62	80	0	0	1856	P1-78-5	1	-
1445	84.412760	84.557292	Gb1	76	80	0	0	1860	P1-78-16	0	-
1446	84.414062	84.589844	Gb2	75	80	0	0	1860	P1-78-17	0	-
1447	84.417969	84.467448	Bb3	71	80	0	0	1860	P1-78-7	0	-
1448	84.506510	84.619792	Gb3	64	80	0	0	1862	P1-78-8	0	-
1449	84.557292	84.601562	Eb4	77	80	0	0	1864	P1-78-9	0	-
1450	84.595052	84.609375	Bb3	59	80	0	0	-1	*	3	-
1451	84.635417	84.716146	Db3	74	80	0	0	1866	P1-78-10	0	-
1452	84.636719	84.722656	Db2	76	80	0	0	1866	P1-78-18	0	-
1453	84.752604	84.759115	F#1	60	80	0	0	1868	P1-78-11	1	-
1454	84.795573	84.869792	Eb3	58	80	0	0	1870	P1-78-12	1	-
1455	84.855469	84.912760	Bb3	73	80	0	0	1872	P1-79-1	0	-
1456	84.859375	84.907552	Gb1	86	80	0	0	1872	P1-79-14	0	-
1457	85.158854	85.169271	Ab3	64	80	0	0	1880	P1-79-4	0	-
1458	85.233073	85.294271	Gb3	59	80	0	0	1882	P1-79-5	0	-
1459	85.352865	85.414062	Eb4	60	80	0	0	1884	P1-79-6	0	-
1460	85.354167	85.429688	F#3	56	80	0	0	-1	*	3	-
1461	85.424479	85.468750	Db4	54	80	0	0	1886	P1-79-8	0	-
1462	85.483073	85.550781	Bb3	58	80	0	0	1888	P1-79-9	0	-
1463	85.561198	85.699219	Gb2	67	80	0	0	1890	P1-79-18	0	-
1464	85.566406	85.688802	F#3	59	80	0	0	1890	P1-79-10	1	-
1465	85.653646	85.739583	Eb4	63	80	0	0	1892	P1-79-12	0	-
1466	85.664062	85.779948	Db3	58	80	0	0	1892	P1-79-19	0	-
1467	85.725260	85.799479	Db4	59	80	0	0	1894	P1-79-13	0	-
1468	85.729167	85.779948	Bb3	60	80	0	0	1894	P1-79-20	0	-
1469	85.825521	85.938802	Gb2	65	80	0	0	1896	P1-80-17	0	-
1470	85.830729	85.886719	Bb4	67	80	0	0	1896	P1-80-1	0	-
1471	85.834635	85.917969	Db5	63	80	0	0	1896	P1-80-2	0	-
1472	85.962240	86.009115	Bb3	59	80	0	0	1900	P1-80-19	0	-
1473	86.048177	86.149740	Bb2	63	80	0	0	1902	P1-80-20	0	-
1474	86.082031	86.141927	Gb5	64	80	0	0	1902	P1-80-6	0	-
1475	86.084635	86.135417	Eb5	62	80	0	0	1902	P1-80-5	0	-
1476	86.152344	86.269531	Db5	64	80	0	0	1904	P1-80-7	0	-
1477	86.200521	86.369792	Bb4	65	80	0	0	1906	P1-80-8	0	-
1478	86.205729	86.359375	Bb2	61	80	0	0	1904	P1-80-21	1	-
1479	86.300781	86.419271	Db3	67	80	0	0	1906	P1-80-22	1	-
1480	86.315104	86.419271	Bb5	74	80	0	0	1908	P1-80-10	0	-
1481	86.321615	86.364583	Gb5	64	80	0	0	1908	P1-80-9	0	-
1482	86.462240	86.549479	Db5	63	80	0	0	1912	P1-80-12	0	-
1483	86.486979	86.579427	Db3	60	80	0	0	1908	P1-80-23	0	-
1484	86.559896	86.679688	Db6	78	80	0	0	1914	P1-80-14	0	-
1485	86.561198	86.628906	Db5	64	80	0	0	1912	P1-80-25	1	-
1486	86.566406	86.688802	Bb5	73	80	0	0	1914	P1-80-13	0	-
1487	86.677083	86.713542	Bb3	63	80	0	0	1916	P1-80-27	1	-
1488	86.677083	86.779948	Gb5	62	80	0	0	1918	P1-80-16	0	-
1489	86.721354	86.779948	Bb4	57	80	0	0	1918	P1-80-28	0	-
1490	86.792969	86.869792	Bb3	74	80	0	0	1920	P1-81-17	0	-
1491	86.811198	86.878906	Gb6	84	80	0	0	1920	P1-81-2	0	-
1492	86.822917	86.889323	Db6	73	80	0	0	1920	P1-81-1	1	-
1493	86.899740	86.989583	Db6	69	80	0	0	1922	P1-81-3	0	-
1494	86.945312	87.009115	Bb5	60	80	0	0	1924	P1-81-4	0	-
1495	86.964844	87.069010	Db5	60	80	0	0	1924	P1-81-19	0	-
1496	87.045573	87.119792	Db4	59	80	0	0	1926	P1-81-20	0	-
1497	87.046875	87.114583	Bb6	89	80	0	0	1926	P1-81-6	0	-
1498	87.083333	87.179688	Gb6	73	80	0	0	1926	P1-81-5	0	-
1499	87.144531	87.195312	Eb6	74	80	0	0	1928	P1-81-7	0	-
1500	87.212240	87.264323	Db6	68	80	0	0	1930	P1-81-8	0	-
1501	87.218750	87.348958	Gb5	68	80	0	0	1930	P1-81-22	0	-
1502	87.298177	87.371094	Gb6	90	80	0	0	1932	P1-81-10	0	-
1503	87.309896	87.359375	Eb6	76	80	0	0	1932	P1-81-9	0	-
1504	87.385417	87.441406	Db6	73	80	0	0	1934	P1-81-11	0	-
1505	87.436198	87.509115	Bb5	74	80	0	0	1936	P1-81-12	0	-
1506	87.536458	87.598958	Db4	59	80	0	0	1938	P1-81-26	0	-
1507	87.537760	87.649740	Bb6	89	80	0	0	1938	P1-81-14	0	-
1508	87.552083	87.679688	Gb6	79	80	0	0	1938	P1-81-13	0	-
1509	87.683594	87.789062	Db6	73	80	0	0	1942	P1-81-16	0	-
1510	87.684896	87.769531	Gb5	67	80	0	0	1942	P1-81-28	0	-
1511	87.760417	87.889323	Gb4	65	80	0	0	1944	P1-82-17	0	-
1512	87.773438	87.899740	Gb6	89	80	0	0	1944	P1-82-2	0	-
1513	87.863281	87.912760	Db6	69	80	0	0	1946	P1-82-3	0	-
1514	87.869792	87.914062	Gb5	70	80	0	0	1948	P1-82-19	0	-
1515	87.869792	87.904948	Bb4	68	80	0	0	1946	P1-82-18	0	-
1516	87.915365	87.979167	Bb5	74	80	0	0	1948	P1-82-4	0	-
1517	88.006510	88.079427	Db4	67	80	0	0	1950	P1-82-20	0	-
1518	88.015625	88.138021	Gb6	79	80	0	0	1950	P1-82-5	0	-
1519	88.016927	88.074219	Bb6	87	80	0	0	1950	P1-82-6	0	-
1520	88.093750	88.145833	Bb4	65	80	0	0	1952	P1-82-21	0	-
1521	88.154948	88.218750	Gb5	69	80	0	0	1954	P1-82-22	0	-
1522	88.154948	88.239583	Db6	68	80	0	0	1954	P1-82-8	0	-
1523	88.261719	88.399740	Gb6	86	80	0	0	1956	P1-82-10	0	-
1524	88.263021	88.369792	Gb4	70	80	0	0	1956	P1-82-23	0	-
1525	88.354167	88.406250	Db6	68	80	0	0	1958	P1-82-11	0	-
1526	88.355469	88.398438	Gb5	67	80	0	0	1960	P1-82-25	0	-
1527	88.358073	88.398438	Bb4	70	80	0	0	1958	P1-82-24	0	-
1528	88.406250	88.549479	Bb5	71	80	0	0	1960	P1-82-12	0	-
1529	88.494792	88.569010	Db4	62	80	0	0	1962	P1-82-26	0	-
1530	88.506510	88.598958	Bb6	85	80	0	0	1962	P1-82-14	0	-
1531	88.518229	88.619792	Gb6	68	80	0	0	1962	P1-82-13	0	-
1532	88.589844	88.658854	Eb6	66	80	0	0	1964	P1-82-15	0	-
1533	88.645833	88.709635	Gb5	73	80	0	0	1966	P1-82-28	0	-
1534	88.645833	88.709635	Db6	69	80	0	0	1966	P1-82-16	0	-
1535	88.764323	88.859375	Gb6	87	80	0	0	1968	P1-83-2	0	-
1536	88.772135	88.805990	Bb5	80	80	0	0	1968	P1-83-1	0	-
1537	89.033854	89.109375	Gb6	73	80	0	0	1972	P1-83-5	0	-
1538	89.036458	89.079427	Gb4	67	80	0	0	1972	P1-83-27	0	-
1539	89.037760	89.066406	Gb3	66	80	0	0	1972	P1-83-26	0	-
1540	89.149740	89.209635	Eb4	82	80	0	0	1974	P1-83-29	0	-
1541	89.154948	89.218750	Eb3	73	80	0	0	1974	P1-83-28	0	-
1542	89.157552	89.229167	C#6	77	80	0	0	1974	P1-83-7	1	-
1543	89.272135	89.309896	Db4	80	80	0	0	1976	P1-83-31	0	-
1544	89.273438	89.311198	Db3	82	80	0	0	1976	P1-83-30	0	-
1545	89.274740	89.289062	C#2	77	80	0	0	-1	*	3	-
1546	89.282552	89.369792	Db6	76	80	0	0	1976	P1-83-9	0	-
1547	89.401042	89.437500	Bb3	82	80	0	0	1978	P1-83-33	0	-
1548	89.402344	89.445312	Bb2	77	80	0	0	1978	P1-83-32	0	-
1549	89.404948	89.419271	Bb6	71	80	0	0	-1	*	3	-
1550	89.410156	89.468750	Bb5	76	80	0	0	1978	P1-83-11	0	-
1551	89.535156	89.549479	G#1	69	80	0	0	-1	*	3	-
1552	89.535156	89.582031	Ab2	74	80	0	0	1980	P1-83-34	0	-
1553	89.535156	89.598958	Ab3	77	80	0	0	1980	P1-83-35	0	-
1554	89.653646	89.718750	Gb3	80	80	0	0	1982	P1-83-37	0	-
1555	89.772135	89.848958	Eb4	84	80	0	0	1984	P1-83-16	0	-
1556	89.782552	89.839844	Eb3	82	80	0	0	1984	P1-83-39	0	-
1557	89.782552	89.825521	Eb2	81	80	0	0	1984	P1-83-38	0	-
1558	89.782552	89.821615	Eb1	80	80	0	0	-1	*	3	-
1559	89.901042	89.959635	Db4	88	80	0	0	1986	P1-83-18	0	-
1560	89.904948	89.937500	Db3	85	80	0	0	1986	P1-83-41	0	-
1561	89.907552	89.942708	Db2	81	80	0	0	1986	P1-83-40	0	-
1562	90.020833	90.098958	Bb3	92	80	0	0	1988	P1-83-20	0	-
1563	90.020833	90.062500	Bb2	91	80	0	0	1988	P1-83-43	0	-
1564	90.023438	90.065104	Bb1	82	80	0	0	1988	P1-83-42	0	-
1565	90.024740	90.039062	Bb6	77	80	0	0	-1	*	3	-
1566	90.166667	90.214844	Ab1	87	80	0	0	1990	P1-83-44	0	-
1567	90.167969	90.239583	Ab3	83	80	0	0	1990	P1-83-22	0	-
1568	90.170573	90.214844	Ab2	87	80	0	0	1990	P1-83-45	0	-
1569	90.298177	90.539062	Gb1	94	80	0	0	1992	P1-84-8	0	-
1570	90.300781	90.399740	Gb2	99	80	0	0	1992	P1-84-9	0	-
1571	90.302083	90.429688	Gb3	92	80	0	0	1992	P1-84-1	0	-
1572	90.944010	91.039062	Gb6	89	80	0	0	2004	P1-84-6	0	-
1573	90.945312	91.069010	Bb6	97	80	0	0	2004	P1-84-7	0	-
1574	90.946615	90.992188	Bb5	96	80	0	0	2004	P1-84-4	0	-
1575	91.881510	93.908854	Gb1	87	80	0	0	2016	P1-85-2	0	-
//Missing 0	P1-1-1
//Missing 0	P1-1-13
//Missing 0	P1-1-14
//Missing 0	P1-1-15
//Missing 0	P1-1-16
//Missing 54	P1-3-4
//Missing 78	P1-4-15
//Missing 126	P1-6-17
//Missing 132	P1-6-20
//Missing 174	P1-8-18
//Missing 216	P1-10-14
//Missing 252	P1-11-7
//Missing 276	P1-12-7
//Missing 294	P1-13-20
//Missing 312	P1-14-14
//Missing 324	P1-14-19
//Missing 324	P1-14-20
//Missing 342	P1-15-4
//Missing 414	P1-18-16
//Missing 438	P1-19-14
//Missing 438	P1-19-16
//Missing 462	P1-20-15
//Missing 492	P1-21-18
//Missing 510	P1-22-16
//Missing 534	P1-23-16
//Missing 570	P1-24-10
//Missing 582	P1-25-16
//Missing 590	P1-25-8
//Missing 600	P1-26-1
//Missing 602	P1-26-2
//Missing 606	P1-26-4
//Missing 606	P1-26-16
//Missing 618	P1-26-20
//Missing 626	P1-27-2
//Missing 678	P1-29-16
//Missing 678	P1-29-17
//Missing 702	P1-30-16
//Missing 726	P1-31-15
//Missing 726	P1-31-16
//Missing 738	P1-31-20
//Missing 750	P1-32-4
//Missing 864	P1-37-1
//Missing 900	P1-38-7
//Missing 902	P1-38-8
//Missing 910	P1-38-12
//Missing 912	P1-39-13
//Missing 912	P1-39-14
//Missing 912	P1-39-15
//Missing 1000	P1-42-9
//Missing 1053	P1-44-17
//Missing 1062	P1-45-4
//Missing 1080	P1-46-1
//Missing 1092	P1-46-17
//Missing 1114	P1-47-6
//Missing 1116	P1-47-22
//Missing 1128	P1-48-16
//Missing 1128	P1-48-18
//Missing 1158	P1-49-17
//Missing 1176	P1-50-14
//Missing 1182	P1-50-17
//Missing 1200	P1-51-13
//Missing 1210	P1-51-6
//Missing 1218	P1-51-10
//Missing 1230	P1-52-15
//Missing 1272	P1-54-14
//Missing 1278	P1-54-17
//Missing 1284	P1-54-20
//Missing 1362	P1-57-20
//Missing 1374	P1-58-15
//Missing 1374	P1-58-16
//Missing 1374	P1-58-17
//Missing 1386	P1-58-20
//Missing 1386	P1-58-22
//Missing 1398	P1-59-16
//Missing 1422	P1-60-15
//Missing 1422	P1-60-16
//Missing 1434	P1-60-20
//Missing 1434	P1-60-22
//Missing 1446	P1-61-16
//Missing 1470	P1-62-17
//Missing 1500	P1-63-16
//Missing 1512	P1-64-13
//Missing 1512	P1-64-14
//Missing 1536	P1-65-19
//Missing 1536	P1-65-20
//Missing 1560	P1-66-8
//Missing 1644	P1-69-17
//Missing 1650	P1-69-21
//Missing 1668	P1-70-18
//Missing 1680	P1-71-14
//Missing 1740	P1-73-17
//Missing 1746	P1-73-10
//Missing 1794	P1-75-18
//Missing 1800	P1-76-15
//Missing 1836	P1-77-7
//Missing 1854	P1-78-4
//Missing 1858	P1-78-6
//Missing 1872	P1-79-15
//Missing 1878	P1-79-2
//Missing 1878	P1-79-3
//Missing 1884	P1-79-7
//Missing 1890	P1-79-11
//Missing 1898	P1-80-3
//Missing 1898	P1-80-18
//Missing 1900	P1-80-4
//Missing 1914	P1-80-26
//Missing 1916	P1-80-15
//Missing 1922	P1-81-18
//Missing 1928	P1-81-21
//Missing 1932	P1-81-23
//Missing 1934	P1-81-24
//Missing 1936	P1-81-25
//Missing 1940	P1-81-15
//Missing 1940	P1-81-27
//Missing 1944	P1-82-1
//Missing 1952	P1-82-7
//Missing 1956	P1-82-9
//Missing 1964	P1-82-27
//Missing 1968	P1-83-24
//Missing 1972	P1-83-4
//Missing 1974	P1-83-6
//Missing 1976	P1-83-8
//Missing 1978	P1-83-10
//Missing 1980	P1-83-12
//Missing 1980	P1-83-13
//Missing 1982	P1-83-14
//Missing 1982	P1-83-15
//Missing 1982	P1-83-36
//Missing 1984	P1-83-17
//Missing 1986	P1-83-19
//Missing 1990	P1-83-23
//Missing 1992	P1-84-2
//Missing 2004	P1-84-5
//Missing 2004	P1-84-11
//Missing 2004	P1-84-12
//Missing 2004	P1-84-13
//Missing 2016	P1-85-1
//Missing 2016	P1-85-3
//Missing 714	P1-30-10
//Missing 764	P1-32-11
//Missing 768	P1-33-1
//Missing 814	P1-34-12
//Missing 820	P1-35-3
//Missing 998	P1-42-8
//Missing 1818	P1-76-19
//Missing 1838	P1-77-8
//Missing 1910	P1-80-11
//Missing 1910	P1-80-24
//Missing 1988	P1-83-21
