//Version: ScorePerfmMatch_v170503
// Score: ./musicxml_cleaned_hmm.txt
// Perfm: ./02901_spr.txt
// fmt3x: ./musicxml_cleaned_fmt3x.txt
0	1.595052	4.399740	F2	45	80	0	0	0	*	3	0
1	1.773438	1.924479	E5	53	80	0	0	1	P1-1-2	0	-
2	1.934896	2.113281	F5	60	80	0	0	2	P1-1-3	0	-
3	2.115885	2.334635	G5	65	80	0	0	3	P1-1-4	0	-
4	2.291667	6.500000	F3	47	80	0	0	4	P1-1-17	0	-
5	2.294271	2.679688	F5	63	80	0	0	4	P1-1-5	0	-
6	2.490885	2.692708	E5	65	80	0	0	5	P1-1-6	0	-
7	2.654948	2.796875	D5	74	80	0	0	6	P1-1-7	0	-
8	2.821615	3.010417	C5	70	80	0	0	7	P1-1-8	0	-
9	2.994792	3.309896	D5	78	80	0	0	8	P1-1-9	0	-
10	2.996094	3.809896	A3	54	80	0	0	8	P1-1-15	0	-
11	3.173177	3.372396	C5	73	80	0	0	9	P1-1-10	0	-
12	3.363281	3.524740	Bb4	71	80	0	0	10	P1-1-11	0	-
13	3.533854	3.755208	A4	67	80	0	0	11	P1-1-12	0	-
14	3.734375	5.059896	Bb4	72	80	0	0	12	P1-2-1	0	-
15	3.736979	4.509115	D4	57	80	0	0	12	P1-2-12	0	-
16	3.924479	4.609375	A4	64	80	0	0	13	P1-2-3	0	-
17	4.105469	4.282552	G4	63	80	0	0	14	P1-2-4	0	-
18	4.274740	4.470052	F4	69	80	0	0	15	P1-2-5	0	-
19	4.471354	5.769531	G4	65	80	0	0	16	P1-2-6	0	-
20	4.472656	5.209635	Bb3	57	80	0	0	16	P1-2-13	0	-
21	4.638021	4.805990	F4	66	80	0	0	17	P1-2-8	0	-
22	4.825521	5.027344	E4	70	80	0	0	18	P1-2-9	0	-
23	4.997396	5.449219	D4	68	80	0	0	19	P1-2-10	0	-
24	5.200521	5.500000	G3	54	80	0	0	20	P1-2-14	0	-
25	5.203125	7.438802	E4	68	80	0	0	20	P1-2-11	0	-
26	5.395833	5.769531	Bb3	62	80	0	0	21	P1-2-15	0	-
27	5.575521	5.744792	C4	76	80	0	0	22	P1-2-16	0	-
28	5.746094	6.789062	D4	71	80	0	0	23	P1-2-17	0	-
29	5.934896	6.649740	C4	72	80	0	0	24	P1-3-10	0	-
30	6.101562	6.296875	Bb3	78	80	0	0	25	P1-3-11	0	-
31	6.294271	6.529948	A3	74	80	0	0	26	P1-3-12	0	-
32	6.458333	6.653646	G3	82	80	0	0	27	P1-3-13	0	-
33	6.652344	6.873698	A3	78	80	0	0	28	P1-3-14	0	-
34	6.661458	7.289062	C4	60	80	0	0	28	P1-3-4	0	-
35	6.682292	7.079427	F4	60	80	0	0	28	P1-3-5	0	-
36	6.824219	7.033854	G3	79	80	0	0	29	P1-3-18	0	-
37	7.013021	7.183594	F3	83	80	0	0	30	P1-3-19	0	-
38	7.188802	7.393229	E3	74	80	0	0	31	P1-3-20	0	-
39	7.384115	8.299479	Ab4	67	80	0	0	32	P1-3-9	0	-
40	7.389323	8.109375	F3	68	80	0	0	32	P1-3-21	0	-
41	7.391927	7.734375	D4	60	80	0	0	32	P1-3-7	0	-
42	7.549479	7.738281	D3	69	80	0	0	33	P1-3-22	0	-
43	7.729167	7.945312	C3	70	80	0	0	34	P1-3-23	0	-
44	7.924479	8.154948	B2	75	80	0	0	35	P1-3-24	0	-
45	8.113281	9.569010	C3	69	80	0	0	36	P1-4-22	0	-
46	8.114583	9.449219	C4	65	80	0	0	36	P1-4-6	0	-
47	8.313802	8.472656	F3	71	80	0	0	37	P1-4-15	0	-
48	8.313802	8.485677	Ab4	67	80	0	0	37	P1-4-2	0	-
49	8.484375	8.769531	G4	73	80	0	0	38	P1-4-3	0	-
50	8.494792	8.634115	E3	66	80	0	0	38	P1-4-16	0	-
51	8.656250	8.843750	D3	65	80	0	0	39	P1-4-17	0	-
52	8.662760	8.837240	F4	64	80	0	0	39	P1-4-4	0	-
53	8.834635	10.459635	G4	69	80	0	0	40	P1-4-5	0	-
54	8.835938	9.279948	E3	67	80	0	0	40	P1-4-18	0	-
55	9.026042	9.408854	F4	61	80	0	0	41	P1-4-10	0	-
56	9.204427	9.570312	G3	64	80	0	0	42	P1-4-19	0	-
57	9.212240	9.424479	E4	59	80	0	0	42	P1-4-11	0	-
58	9.399740	9.545573	D4	62	80	0	0	43	P1-4-12	0	-
59	9.597656	10.569010	E4	62	80	0	0	44	P1-4-13	0	-
60	9.600260	10.209635	C4	50	80	0	0	44	P1-4-20	0	-
61	9.765625	9.916667	D3	47	80	0	0	45	P1-4-24	0	-
62	9.955729	10.519531	G3	66	80	0	0	46	P1-4-21	0	-
63	9.958333	10.125000	C3	65	80	0	0	46	P1-4-25	0	-
64	10.138021	10.455729	Bb2	58	80	0	0	47	P1-4-26	0	-
65	10.345052	11.169271	A2	56	80	0	0	48	P1-5-23	0	-
66	10.536458	10.881510	C4	58	80	0	0	49	P1-5-8	0	-
67	10.722656	11.134115	G3	55	80	0	0	50	P1-5-19	0	-
68	10.722656	10.884115	D4	64	80	0	0	50	P1-5-9	0	-
69	10.903646	11.131510	Eb4	63	80	0	0	51	P1-5-10	0	-
70	11.092448	12.635417	D3	54	80	0	0	52	P1-5-24	0	-
71	11.092448	13.759115	D4	68	80	0	0	52	P1-5-11	0	-
72	11.095052	11.869792	F#3	59	80	0	0	52	P1-5-20	0	-
73	11.273438	11.505208	E4	71	80	0	0	53	P1-5-14	0	-
74	11.446615	11.644531	F#4	74	80	0	0	54	P1-5-15	0	-
75	11.481771	11.878906	Bb3	54	80	0	0	54	P1-5-21	0	-
76	11.628906	11.863281	G4	75	80	0	0	55	P1-5-16	0	-
77	11.821615	12.509115	F#4	76	80	0	0	56	P1-5-17	0	-
78	11.856771	12.579427	A3	54	80	0	0	56	P1-5-22	0	-
79	12.014323	12.225260	A4	63	80	0	0	57	P1-5-4	0	-
80	12.192708	12.598958	Bb4	80	80	0	0	58	P1-5-5	0	-
81	12.378906	13.399740	C5	79	80	0	0	59	P1-5-6	0	-
82	12.575521	13.361979	G2	59	80	0	0	60	P1-6-21	0	-
83	12.772135	12.946615	A4	61	80	0	0	61	P1-6-14	0	-
84	12.957031	13.139323	G4	64	80	0	0	62	P1-6-15	0	-
85	12.963542	13.363281	D3	50	80	0	0	62	P1-6-18	0	-
86	13.131510	13.363281	F#4	75	80	0	0	63	P1-6-16	0	-
87	13.313802	14.082031	Bb2	55	80	0	0	64	P1-6-22	0	-
88	13.316406	13.514323	G4	72	80	0	0	64	P1-6-7	0	-
89	13.494792	13.720052	A4	71	80	0	0	65	P1-6-3	0	-
90	13.674479	14.848958	Bb4	72	80	0	0	66	P1-6-4	0	-
91	13.682292	14.229167	G3	67	80	0	0	66	P1-6-19	0	-
92	13.850260	14.026042	G4	74	80	0	0	67	P1-6-8	0	-
93	14.050781	14.391927	D4	80	80	0	0	68	P1-6-9	0	-
94	14.052083	14.799479	G2	58	80	0	0	68	P1-6-23	0	-
95	14.214844	14.393229	F4	69	80	0	0	69	P1-6-10	0	-
96	14.404948	14.585938	E4	65	80	0	0	70	P1-6-11	0	-
97	14.404948	14.989583	G3	69	80	0	0	70	P1-6-20	0	-
98	14.567708	14.812500	D4	70	80	0	0	71	P1-6-12	0	-
99	14.760417	16.139323	C3	68	80	0	0	72	P1-7-17	0	-
100	14.785156	15.699219	E4	66	80	0	0	72	P1-7-6	0	-
101	14.949219	15.408854	Bb3	75	80	0	0	73	P1-7-13	0	-
102	15.135417	15.345052	C4	79	80	0	0	74	P1-7-14	0	-
103	15.329427	15.570312	Db4	80	80	0	0	75	P1-7-15	0	-
104	15.507812	18.500000	C4	66	80	0	0	76	P1-7-16	0	-
105	15.545573	16.419271	E3	63	80	0	0	76	P1-7-18	0	-
106	15.697917	15.885417	D4	82	80	0	0	77	P1-7-8	0	-
107	15.871094	16.072917	E4	67	80	0	0	78	P1-7-9	0	-
108	16.052083	16.246094	F4	68	80	0	0	79	P1-7-10	0	-
109	16.243490	17.319010	E4	70	80	0	0	80	P1-7-11	0	-
110	16.246094	16.979167	C3	59	80	0	0	80	P1-7-19	0	-
111	16.406250	16.579427	G4	76	80	0	0	81	P1-7-3	0	-
112	16.583333	16.786458	A4	64	80	0	0	82	P1-7-4	0	-
113	16.763021	17.779948	Bb4	66	80	0	0	83	P1-7-5	0	-
114	16.981771	18.019531	F3	51	80	0	0	84	P1-8-18	0	-
115	16.985677	18.209635	C3	51	80	0	0	84	*	3	-
116	17.144531	17.338542	G4	51	80	0	0	85	P1-8-7	0	-
117	17.325521	17.475260	F4	57	80	0	0	86	P1-8-8	0	-
118	17.507812	17.809896	E4	62	80	0	0	87	P1-8-9	0	-
119	17.704427	17.854167	F4	59	80	0	0	88	P1-8-10	0	-
120	17.707031	18.669271	A3	50	80	0	0	88	P1-8-19	0	-
121	17.875000	18.078125	G4	60	80	0	0	89	P1-8-3	0	-
122	18.070312	19.949219	A4	62	80	0	0	90	P1-8-4	0	-
123	18.263021	18.929688	F4	58	80	0	0	91	P1-8-11	0	-
124	18.433594	19.196615	F3	62	80	0	0	92	P1-8-20	0	-
125	18.639323	18.843750	Eb4	69	80	0	0	93	P1-8-15	0	-
126	18.833333	19.002604	D4	70	80	0	0	94	P1-8-16	0	-
127	19.005208	19.194010	C4	72	80	0	0	95	P1-8-17	0	-
128	19.204427	20.049479	D4	63	80	0	0	96	P1-9-18	0	-
129	19.205729	19.572917	Bb3	62	80	0	0	96	P1-9-21	0	-
130	19.386719	19.579427	C5	70	80	0	0	97	P1-9-2	0	-
131	19.567708	19.779948	D5	80	80	0	0	98	P1-9-3	0	-
132	19.569010	20.000000	A3	65	80	0	0	98	P1-9-22	0	-
133	19.742188	19.891927	Eb5	77	80	0	0	99	P1-9-4	0	-
134	19.910156	20.199219	D5	76	80	0	0	100	P1-9-5	0	-
135	19.914062	21.369792	Bb3	62	80	0	0	100	P1-9-23	0	-
136	20.102865	20.313802	C5	69	80	0	0	101	P1-9-14	0	-
137	20.279948	20.483073	Bb4	72	80	0	0	102	P1-9-15	0	-
138	20.303385	20.631510	G4	57	80	0	0	102	P1-9-8	0	-
139	20.304688	21.369792	D4	67	80	0	0	102	P1-9-20	0	-
140	20.462240	20.623698	A4	69	80	0	0	103	P1-9-16	0	-
141	20.630208	21.259115	Bb4	70	80	0	0	104	P1-9-17	0	-
142	20.803385	21.006510	A4	69	80	0	0	105	P1-9-10	0	-
143	20.983073	21.143229	G4	72	80	0	0	106	P1-9-11	0	-
144	21.152344	21.378906	F4	60	80	0	0	107	P1-9-12	0	-
145	21.354167	23.459635	C5	63	80	0	0	108	P1-10-1	0	-
146	21.363281	22.859375	E5	72	80	0	0	108	P1-10-2	0	-
147	21.375000	22.658854	G4	57	80	0	0	108	P1-10-5	0	-
148	21.545573	21.804688	Bb3	65	80	0	0	109	P1-10-11	0	-
149	21.726562	21.894531	C4	64	80	0	0	110	P1-10-12	0	-
150	21.897135	22.126302	D4	72	80	0	0	111	P1-10-13	0	-
151	22.096354	22.283854	C4	73	80	0	0	112	P1-10-14	0	-
152	22.253906	22.446615	Bb3	73	80	0	0	113	P1-10-15	0	-
153	22.447917	22.631510	A3	79	80	0	0	114	P1-10-16	0	-
154	22.617188	22.787760	G3	77	80	0	0	115	P1-10-17	0	-
155	22.798177	22.994792	A3	66	80	0	0	116	P1-10-18	0	-
156	22.813802	23.789062	F5	74	80	0	0	116	P1-10-4	0	-
157	22.824219	23.839844	F4	63	80	0	0	116	P1-10-6	0	-
158	22.994792	23.199219	G3	73	80	0	0	117	P1-10-19	0	-
159	23.187500	23.352865	F3	75	80	0	0	118	P1-10-20	0	-
160	23.345052	23.580729	E3	69	80	0	0	119	P1-10-21	0	-
161	23.549479	24.718750	D3	73	80	0	0	120	P1-11-17	0	-
162	23.743490	24.119792	E5	70	80	0	0	121	P1-11-2	0	-
163	23.915365	24.102865	F5	72	80	0	0	122	P1-11-3	0	-
164	23.917969	25.119792	A3	58	80	0	0	122	P1-11-20	0	-
165	24.096354	24.459635	G5	80	80	0	0	123	P1-11-4	0	-
166	24.273438	24.649740	F5	77	80	0	0	124	P1-11-5	0	-
167	24.278646	24.869792	D4	57	80	0	0	124	P1-11-13	0	-
168	24.454427	24.656250	E5	74	80	0	0	125	P1-11-6	0	-
169	24.621094	25.069010	E3	58	80	0	0	126	P1-11-18	0	-
170	24.625000	24.790365	D5	79	80	0	0	126	P1-11-7	0	-
171	24.799479	25.023438	C5	74	80	0	0	127	P1-11-8	0	-
172	24.985677	25.218750	D5	74	80	0	0	128	P1-11-9	0	-
173	24.996094	27.218750	F3	61	80	0	0	128	P1-11-19	0	-
174	25.166667	25.390625	C5	78	80	0	0	129	P1-11-10	0	-
175	25.342448	25.494792	B4	79	80	0	0	130	P1-11-11	0	-
176	25.505208	25.714844	A4	65	80	0	0	131	P1-11-12	0	-
177	25.714844	27.500000	B4	75	80	0	0	132	P1-12-1	0	-
178	25.717448	27.459635	G3	61	80	0	0	132	P1-12-15	0	-
179	25.903646	27.239583	A4	65	80	0	0	133	P1-12-11	0	-
180	26.085938	26.270833	G4	67	80	0	0	134	P1-12-12	0	-
181	26.273438	26.408854	F4	60	80	0	0	135	P1-12-13	0	-
182	26.455729	28.158854	G4	61	80	0	0	136	P1-12-14	0	-
183	26.640625	26.776042	F4	60	80	0	0	137	P1-12-6	0	-
184	26.824219	26.986979	E4	63	80	0	0	138	P1-12-7	0	-
185	26.992188	27.259115	D4	69	80	0	0	139	P1-12-8	0	-
186	27.184896	28.509115	E3	63	80	0	0	140	P1-12-23	0	-
187	27.184896	28.819010	C5	68	80	0	0	140	P1-12-3	0	-
188	27.376302	27.600260	B3	72	80	0	0	141	P1-12-18	0	-
189	27.558594	27.755208	C4	66	80	0	0	142	P1-12-19	0	-
190	27.738281	27.910156	D4	70	80	0	0	143	P1-12-20	0	-
191	27.915365	28.123698	C4	73	80	0	0	144	P1-13-8	0	-
192	28.104167	28.468750	B3	73	80	0	0	145	P1-13-9	0	-
193	28.282552	28.467448	A3	76	80	0	0	146	P1-13-10	0	-
194	28.462240	28.632812	G3	78	80	0	0	147	P1-13-11	0	-
195	28.644531	28.992188	A3	72	80	0	0	148	P1-13-12	0	-
196	28.666667	30.809896	F4	69	80	0	0	148	P1-13-7	0	-
197	28.816406	29.002604	G3	75	80	0	0	149	P1-13-15	0	-
198	29.006510	29.179688	F3	73	80	0	0	150	P1-13-16	0	-
199	29.011719	29.393229	C5	72	80	0	0	150	P1-13-2	0	-
200	29.182292	29.352865	E3	65	80	0	0	151	P1-13-17	0	-
201	29.350260	29.549479	F3	64	80	0	0	152	P1-13-18	0	-
202	29.385417	29.669271	D5	80	80	0	0	152	P1-13-3	0	-
203	29.553385	29.743490	E3	68	80	0	0	153	P1-13-19	0	-
204	29.744792	29.914062	D3	62	80	0	0	154	P1-13-20	0	-
205	29.751302	30.154948	F5	83	80	0	0	154	P1-13-4	1	-
206	29.912760	30.119792	C3	71	80	0	0	155	P1-13-21	0	-
207	30.113281	30.515625	B4	83	80	0	0	156	P1-14-1	0	-
208	30.113281	30.305990	D3	67	80	0	0	156	P1-14-16	0	-
209	30.296875	30.488281	C3	62	80	0	0	157	P1-14-17	0	-
210	30.488281	30.703125	B2	61	80	0	0	158	P1-14-18	0	-
211	30.489583	30.911458	C5	80	80	0	0	158	P1-14-2	0	-
212	30.694010	30.904948	A2	59	80	0	0	159	P1-14-19	0	-
213	30.696615	30.929688	E4	56	80	0	0	160	*	3	-
214	30.881510	31.679688	D5	80	80	0	0	160	P1-14-3	0	-
215	30.915365	32.399740	G3	58	80	0	0	160	P1-14-15	0	-
216	30.917969	31.264323	B2	58	80	0	0	160	P1-14-20	0	-
217	31.091146	31.289062	F4	75	80	0	0	161	P1-14-10	0	-
218	31.264323	32.179688	G2	55	80	0	0	162	P1-14-21	0	-
219	31.265625	31.549479	E4	70	80	0	0	162	P1-14-11	0	-
220	31.459635	31.572917	D4	77	80	0	0	163	P1-14-12	0	-
221	31.645833	32.529948	E4	76	80	0	0	164	P1-14-13	0	-
222	31.662760	32.044271	C3	57	80	0	0	164	P1-14-22	0	-
223	31.845052	32.049479	G4	77	80	0	0	165	P1-14-5	0	-
224	32.035156	32.433594	B2	57	80	0	0	166	P1-14-23	0	-
225	32.035156	32.252604	A4	67	80	0	0	166	P1-14-6	0	-
226	32.213542	32.436198	B4	78	80	0	0	167	P1-14-7	0	-
227	32.410156	34.229167	C5	79	80	0	0	168	P1-15-1	0	-
228	32.414062	32.878906	A3	67	80	0	0	168	P1-15-16	0	-
229	32.415365	32.845052	A2	67	80	0	0	168	P1-15-21	0	-
230	32.596354	32.795573	E4	69	80	0	0	169	P1-15-6	0	-
231	32.782552	32.954427	F4	70	80	0	0	170	P1-15-7	0	-
232	32.817708	33.165365	G2	58	80	0	0	170	P1-15-22	0	-
233	32.954427	33.195312	G4	71	80	0	0	171	P1-15-8	0	-
234	33.160156	33.609375	F2	57	80	0	0	172	P1-15-23	0	-
235	33.166667	33.968750	A4	66	80	0	0	172	P1-15-9	0	-
236	33.363281	33.562500	G4	64	80	0	0	173	P1-15-10	0	-
237	33.555990	33.993490	D2	52	80	0	0	174	P1-15-24	0	-
238	33.562500	33.766927	F4	72	80	0	0	174	P1-15-11	0	-
239	33.742188	33.992188	E4	71	80	0	0	175	P1-15-12	0	-
240	33.947917	34.354167	G2	54	80	0	0	176	P1-15-25	0	-
241	33.951823	34.809896	D4	74	80	0	0	176	P1-15-13	0	-
242	34.134115	34.864583	F4	66	80	0	0	177	P1-15-15	0	-
243	34.338542	34.554688	C5	68	80	0	0	178	P1-15-3	0	-
244	34.342448	37.029948	G3	65	80	0	0	178	P1-15-20	0	-
245	34.533854	34.828125	B4	71	80	0	0	179	P1-15-4	0	-
246	34.785156	37.699219	C3	53	80	0	0	180	P1-16-19	0	-
247	34.789062	37.427083	C5	78	80	0	0	180	P1-16-1	0	-
248	34.817708	36.149740	C4	57	80	0	0	180	P1-16-2	0	-
249	35.024740	35.247396	F4	59	80	0	0	181	P1-16-9	0	-
250	35.218750	35.394531	G4	60	80	0	0	182	P1-16-10	0	-
251	35.415365	35.669271	A4	56	80	0	0	183	P1-16-11	0	-
252	35.602865	37.250000	G4	63	80	0	0	184	P1-16-12	0	-
253	35.794271	35.976562	F4	58	80	0	0	185	P1-16-4	0	-
254	35.984375	36.153646	E4	61	80	0	0	186	P1-16-5	0	-
255	36.183594	36.377604	D4	61	80	0	0	187	P1-16-6	0	-
256	36.388021	37.848958	E4	59	80	0	0	188	P1-16-7	0	-
257	36.565104	36.729167	D4	61	80	0	0	189	P1-16-16	0	-
258	36.751302	36.967448	C4	62	80	0	0	190	P1-16-17	0	-
259	36.951823	37.213542	B3	63	80	0	0	191	P1-16-18	0	-
260	37.184896	37.699219	C4	55	80	0	0	192	P1-17-16	0	-
261	37.406250	37.613281	B4	64	80	0	0	193	P1-17-2	0	-
262	37.582031	37.792969	C5	65	80	0	0	194	P1-17-3	0	-
263	37.606771	38.048177	G3	49	80	0	0	194	P1-17-17	0	-
264	37.781250	38.067708	D5	80	80	0	0	195	P1-17-4	0	-
265	37.973958	38.192708	C5	76	80	0	0	196	P1-17-5	0	-
266	37.980469	38.188802	A3	54	80	0	0	196	P1-17-18	0	-
267	37.990885	41.769531	C3	49	80	0	0	196	P1-17-23	0	-
268	38.164062	38.372396	B4	78	80	0	0	197	P1-17-6	0	-
269	38.196615	38.529948	A3	42	80	0	0	198	*	3	-
270	38.343750	38.542969	A4	70	80	0	0	198	P1-17-7	0	-
271	38.373698	38.713542	E3	53	80	0	0	198	P1-17-19	0	-
272	38.522135	38.734375	G4	73	80	0	0	199	P1-17-8	0	-
273	38.714844	38.907552	A4	73	80	0	0	200	P1-17-9	0	-
274	38.720052	39.149740	F3	61	80	0	0	200	P1-17-20	0	-
275	38.903646	39.138021	G4	71	80	0	0	201	P1-17-10	0	-
276	39.084635	39.859375	A3	58	80	0	0	202	P1-17-21	1	-
277	39.093750	39.263021	F4	72	80	0	0	202	P1-17-11	0	-
278	39.274740	39.473958	E4	70	80	0	0	203	P1-17-12	0	-
279	39.470052	42.479167	F4	74	80	0	0	204	P1-18-1	0	-
280	39.476562	40.239583	D3	52	80	0	0	204	P1-18-12	0	-
281	39.652344	40.229167	E4	68	80	0	0	205	P1-18-3	0	-
282	39.843750	40.175781	E3	59	80	0	0	206	P1-18-13	0	-
283	39.843750	40.007812	D4	70	80	0	0	206	P1-18-4	0	-
284	40.019531	40.201823	C4	69	80	0	0	207	P1-18-5	0	-
285	40.204427	41.029948	F3	65	80	0	0	208	P1-18-14	0	-
286	40.210938	41.859375	D4	63	80	0	0	208	P1-18-6	0	-
287	40.398438	40.570312	C4	65	80	0	0	209	P1-18-8	0	-
288	40.583333	40.753906	B3	69	80	0	0	210	P1-18-9	0	-
289	40.772135	40.984375	A3	61	80	0	0	211	P1-18-10	0	-
290	40.960938	41.938802	B3	65	80	0	0	212	P1-18-11	0	-
291	41.153646	41.363281	F3	74	80	0	0	213	P1-18-16	0	-
292	41.332031	41.522135	G3	75	80	0	0	214	P1-18-17	0	-
293	41.535156	41.707031	A3	72	80	0	0	215	P1-18-18	0	-
294	41.712240	41.886719	G3	80	80	0	0	216	P1-19-10	0	-
295	41.902344	42.101562	F3	74	80	0	0	217	P1-19-11	0	-
296	42.093750	42.283854	E3	70	80	0	0	218	P1-19-12	0	-
297	42.272135	42.446615	D3	70	80	0	0	219	P1-19-13	0	-
298	42.458333	43.059896	E3	63	80	0	0	220	P1-19-14	0	-
299	42.468750	43.389323	E4	66	80	0	0	220	P1-19-6	0	-
300	42.475260	43.408854	G3	57	80	0	0	220	P1-19-4	0	-
301	42.483073	42.819010	C4	53	80	0	0	220	P1-19-5	0	-
302	42.640625	43.239583	D3	65	80	0	0	221	P1-19-18	0	-
303	42.829427	43.029948	C3	76	80	0	0	222	P1-19-19	0	-
304	42.830729	44.399740	C4	66	80	0	0	-1	*	3	-
305	43.022135	43.289062	B2	72	80	0	0	223	P1-19-20	0	-
306	43.207031	44.019531	C3	74	80	0	0	224	P1-19-21	0	-
307	43.213542	44.059896	Eb4	70	80	0	0	224	P1-19-9	0	-
308	43.213542	43.289062	A2	65	80	0	0	-1	*	3	-
309	43.214844	43.959635	A3	60	80	0	0	224	P1-19-7	0	-
310	43.394531	43.610677	A2	71	80	0	0	225	P1-19-22	0	-
311	43.578125	43.812500	G2	74	80	0	0	226	P1-19-23	0	-
312	43.786458	44.023438	F#2	81	80	0	0	227	P1-19-24	0	-
313	43.791667	44.039062	F#3	74	80	0	0	-1	*	3	-
314	44.007812	45.718750	G2	80	80	0	0	228	P1-20-22	0	-
315	44.013021	45.199219	G3	78	80	0	0	228	P1-20-6	0	-
316	44.196615	44.459635	C3	73	80	0	0	229	P1-20-15	0	-
317	44.204427	44.438802	Eb4	81	80	0	0	229	P1-20-2	0	-
318	44.376302	44.593750	D4	72	80	0	0	230	P1-20-3	0	-
319	44.377604	44.562500	B2	73	80	0	0	230	P1-20-16	0	-
320	44.557292	45.128906	A2	70	80	0	0	231	P1-20-17	0	-
321	44.565104	44.752604	C4	66	80	0	0	231	P1-20-4	0	-
322	44.753906	45.549479	B2	72	80	0	0	232	P1-20-18	0	-
323	44.753906	44.963542	D4	73	80	0	0	232	P1-20-5	0	-
324	44.932292	46.348958	C4	73	80	0	0	233	P1-20-10	0	-
325	45.114583	45.476562	D3	73	80	0	0	234	P1-20-19	0	-
326	45.118490	45.304688	B3	72	80	0	0	234	P1-20-11	0	-
327	45.304688	45.483073	A3	77	80	0	0	235	P1-20-12	0	-
328	45.492188	46.500000	B3	68	80	0	0	236	P1-20-13	0	-
329	45.492188	46.348958	G3	74	80	0	0	236	P1-20-20	0	-
330	45.656250	45.899740	A2	63	80	0	0	237	P1-20-24	0	-
331	45.656250	46.000000	E4	60	80	0	0	237	*	3	-
332	45.863281	46.436198	D3	77	80	0	0	238	P1-20-21	0	-
333	45.873698	46.072917	G2	69	80	0	0	238	P1-20-25	0	-
334	46.065104	46.449219	F2	68	80	0	0	239	P1-20-26	0	-
335	46.273438	47.009115	E2	72	80	0	0	240	P1-21-22	0	-
336	46.446615	46.708333	G3	79	80	0	0	241	P1-21-8	0	-
337	46.627604	46.808594	A3	79	80	0	0	242	P1-21-9	0	-
338	46.628906	47.033854	D3	63	80	0	0	242	*	3	-
339	46.819010	47.035156	Bb3	73	80	0	0	243	P1-21-10	0	-
340	47.014323	48.619792	A2	66	80	0	0	244	P1-21-23	0	-
341	47.015625	49.869792	A3	72	80	0	0	244	P1-21-11	0	-
342	47.024740	48.059896	C#3	66	80	0	0	244	P1-21-19	0	-
343	47.203125	47.442708	B3	78	80	0	0	245	P1-21-14	0	-
344	47.398438	47.584635	C#4	71	80	0	0	246	P1-21-15	0	-
345	47.404948	47.839844	F3	58	80	0	0	246	P1-21-20	0	-
346	47.576823	47.712240	D4	75	80	0	0	247	P1-21-16	0	-
347	47.773438	48.419271	C#4	75	80	0	0	248	P1-21-17	0	-
348	47.807292	49.139323	E3	57	80	0	0	248	P1-21-21	0	-
349	47.964844	48.174479	E4	68	80	0	0	249	P1-21-4	0	-
350	48.158854	48.363281	F4	70	80	0	0	250	P1-21-5	0	-
351	48.346354	49.429688	G4	79	80	0	0	251	P1-21-6	0	-
352	48.566406	49.848958	D2	58	80	0	0	252	P1-22-21	0	-
353	48.746094	49.209635	E4	62	80	0	0	253	P1-22-14	0	-
354	48.933594	49.753906	A2	49	80	0	0	254	P1-22-18	0	-
355	48.934896	49.123698	D4	62	80	0	0	254	P1-22-15	0	-
356	49.118490	49.342448	C#4	64	80	0	0	255	P1-22-16	0	-
357	49.291667	50.039062	F2	56	80	0	0	256	P1-22-22	0	-
358	49.300781	49.494792	D4	69	80	0	0	256	P1-22-7	0	-
359	49.475260	49.779948	E4	68	80	0	0	257	P1-22-3	0	-
360	49.670573	50.329427	D3	63	80	0	0	258	P1-22-19	0	-
361	49.674479	51.688802	F4	69	80	0	0	258	P1-22-4	0	-
362	49.863281	50.259115	D4	66	80	0	0	259	P1-22-8	0	-
363	50.042969	50.459635	A3	77	80	0	0	260	P1-22-9	0	-
364	50.044271	50.809896	D2	62	80	0	0	260	P1-22-23	0	-
365	50.227865	50.423177	C4	72	80	0	0	261	P1-22-10	0	-
366	50.404948	51.109375	D3	68	80	0	0	262	P1-22-20	0	-
367	50.411458	50.592448	B3	68	80	0	0	262	P1-22-11	0	-
368	50.593750	50.820312	A3	76	80	0	0	263	P1-22-12	0	-
369	50.765625	51.809896	G2	60	80	0	0	264	P1-23-17	0	-
370	50.796875	51.589844	B3	69	80	0	0	264	P1-23-6	0	-
371	50.971354	51.153646	F3	75	80	0	0	265	P1-23-13	0	-
372	51.154948	51.339844	G3	79	80	0	0	266	P1-23-14	0	-
373	51.346354	51.649740	Ab3	74	80	0	0	267	P1-23-15	0	-
374	51.532552	54.688802	G3	74	80	0	0	268	P1-23-16	0	-
375	51.554688	52.309896	B2	64	80	0	0	268	P1-23-18	0	-
376	51.729167	51.959635	A3	74	80	0	0	269	P1-23-8	0	-
377	51.894531	52.085938	B3	60	80	0	0	270	P1-23-9	0	-
378	52.076823	52.279948	C4	68	80	0	0	271	P1-23-10	0	-
379	52.274740	53.419271	B3	67	80	0	0	272	P1-23-11	0	-
380	52.277344	53.079427	G2	55	80	0	0	272	P1-23-19	0	-
381	52.444010	52.602865	D4	67	80	0	0	273	P1-23-3	0	-
382	52.621094	52.908854	E4	61	80	0	0	274	P1-23-4	0	-
383	52.813802	54.229167	F4	63	80	0	0	275	P1-23-5	0	-
384	53.027344	54.339844	C3	56	80	0	0	276	P1-24-18	0	-
385	53.222656	53.398438	D4	60	80	0	0	277	P1-24-7	0	-
386	53.412760	53.596354	C4	60	80	0	0	278	P1-24-8	0	-
387	53.593750	53.911458	B3	66	80	0	0	279	P1-24-9	0	-
388	53.792969	53.950521	C4	65	80	0	0	280	P1-24-10	0	-
389	53.794271	54.628906	E3	52	80	0	0	280	P1-24-19	0	-
390	53.971354	54.153646	D4	61	80	0	0	281	P1-24-3	0	-
391	54.164062	55.369792	E4	65	80	0	0	282	P1-24-4	0	-
392	54.334635	55.369792	C4	63	80	0	0	283	P1-24-11	0	-
393	54.550781	56.109375	C3	60	80	0	0	284	P1-24-20	0	-
394	54.748698	54.934896	Bb3	69	80	0	0	285	P1-24-15	0	-
395	54.942708	55.123698	A3	70	80	0	0	286	P1-24-16	0	-
396	55.126302	55.298177	G3	68	80	0	0	287	P1-24-17	0	-
397	55.313802	56.239583	A3	58	80	0	0	288	P1-25-18	0	-
398	55.348958	55.694010	F3	65	80	0	0	288	P1-25-21	0	-
399	55.518229	55.700521	G4	67	80	0	0	289	P1-25-2	0	-
400	55.703125	55.914062	A4	72	80	0	0	290	P1-25-3	0	-
401	55.703125	56.108073	E3	60	80	0	0	290	P1-25-22	0	-
402	55.877604	56.022135	Bb4	76	80	0	0	291	P1-25-4	0	-
403	56.054688	56.244792	A4	66	80	0	0	292	P1-25-5	0	-
404	56.067708	57.569010	F3	61	80	0	0	292	P1-25-23	0	-
405	56.235677	56.628906	G4	78	80	0	0	293	P1-25-14	0	-
406	56.430990	56.623698	F4	70	80	0	0	294	P1-25-15	0	-
407	56.432292	57.329427	A3	60	80	0	0	294	P1-25-20	0	-
408	56.433594	56.639323	D4	71	80	0	0	294	P1-25-8	0	-
409	56.604167	56.789062	E4	73	80	0	0	295	P1-25-16	0	-
410	56.795573	57.179688	F4	71	80	0	0	296	P1-25-17	0	-
411	56.976562	57.319010	E4	71	80	0	0	297	P1-25-10	0	-
412	57.162760	57.315104	D4	77	80	0	0	298	P1-25-11	0	-
413	57.324219	57.539062	C4	75	80	0	0	299	P1-25-12	0	-
414	57.545573	59.119792	B4	75	80	0	0	300	P1-26-3	0	-
415	57.549479	59.209635	G4	67	80	0	0	300	P1-26-2	0	-
416	57.721354	57.959635	F3	62	80	0	0	301	P1-26-8	0	-
417	57.919271	58.092448	G3	74	80	0	0	302	P1-26-9	0	-
418	58.093750	58.292969	A3	69	80	0	0	303	P1-26-10	0	-
419	58.279948	58.425781	G3	81	80	0	0	304	P1-26-11	0	-
420	58.457031	58.657552	F3	76	80	0	0	305	P1-26-12	0	-
421	58.644531	58.838542	E3	68	80	0	0	306	P1-26-13	0	-
422	58.812500	59.009115	D3	66	80	0	0	307	P1-26-14	0	-
423	59.011719	59.859375	C5	76	80	0	0	308	P1-26-5	0	-
424	59.015625	59.239583	E3	68	80	0	0	308	P1-26-15	0	-
425	59.026042	59.589844	C4	64	80	0	0	308	P1-26-6	0	-
426	59.192708	59.373698	D3	65	80	0	0	309	P1-26-16	0	-
427	59.371094	59.527344	C3	77	80	0	0	310	P1-26-17	0	-
428	59.537760	59.735677	Bb2	67	80	0	0	311	P1-26-18	0	-
429	59.740885	60.108073	A2	57	80	0	0	312	P1-27-19	0	-
430	59.777344	60.408854	F4	67	80	0	0	312	P1-27-12	0	-
431	59.949219	60.118490	E3	62	80	0	0	313	P1-27-20	0	-
432	59.953125	60.149740	C5	77	80	0	0	313	P1-27-2	0	-
433	60.138021	60.326823	D5	79	80	0	0	314	P1-27-3	0	-
434	60.138021	60.313802	F3	63	80	0	0	314	P1-27-21	0	-
435	60.312500	60.493490	Eb5	79	80	0	0	315	P1-27-4	0	-
436	60.313802	60.434896	G3	67	80	0	0	315	P1-27-22	0	-
437	60.462240	60.614583	F3	64	80	0	0	316	P1-27-23	0	-
438	60.476562	60.697917	D5	79	80	0	0	316	P1-27-5	0	-
439	60.634115	60.812500	E3	59	80	0	0	317	P1-27-24	1	-
440	60.654948	61.059896	C5	79	80	0	0	317	P1-27-15	0	-
441	60.828125	60.996094	D3	59	80	0	0	318	P1-27-25	0	-
442	60.832031	61.045573	Bb4	76	80	0	0	318	P1-27-16	0	-
443	61.011719	61.167969	C3	65	80	0	0	319	P1-27-26	0	-
444	61.014323	61.214844	A4	72	80	0	0	319	P1-27-17	0	-
445	61.186198	61.619792	Bb4	75	80	0	0	320	P1-27-18	0	-
446	61.190104	61.352865	D3	66	80	0	0	320	P1-27-27	0	-
447	61.369792	61.579427	A4	71	80	0	0	321	P1-27-9	0	-
448	61.375000	61.563802	C3	63	80	0	0	321	P1-27-28	0	-
449	61.545573	61.667969	Bb2	62	80	0	0	322	P1-27-29	0	-
450	61.552083	61.703125	G4	81	80	0	0	322	P1-27-10	0	-
451	61.714844	61.938802	A2	54	80	0	0	323	P1-27-30	0	-
452	61.716146	61.852865	F4	71	80	0	0	323	P1-27-11	0	-
453	61.942708	62.169271	G2	68	80	0	0	324	P1-28-9	0	-
454	61.946615	62.949219	E5	78	80	0	0	324	P1-28-3	0	-
455	61.963542	63.169271	Bb4	68	80	0	0	324	P1-28-2	0	-
456	61.963542	63.279948	G4	74	80	0	0	324	P1-28-1	0	-
457	62.183594	62.364583	Bb3	70	80	0	0	325	P1-28-10	0	-
458	62.352865	62.533854	C4	77	80	0	0	326	P1-28-11	0	-
459	62.531250	62.713542	D4	75	80	0	0	327	P1-28-12	0	-
460	62.714844	62.882812	C4	74	80	0	0	328	P1-28-13	0	-
461	62.878906	63.067708	Bb3	75	80	0	0	329	P1-28-14	0	-
462	63.080729	63.246094	A3	71	80	0	0	330	P1-28-15	0	-
463	63.246094	63.430990	G3	78	80	0	0	331	P1-28-16	0	-
464	63.441406	63.640625	A3	63	80	0	0	332	P1-28-17	0	-
465	63.468750	64.399740	F5	74	80	0	0	332	P1-28-4	0	-
466	63.473958	64.329427	F4	64	80	0	0	332	P1-28-5	0	-
467	63.476562	65.229167	C5	65	80	0	0	332	P1-28-6	0	-
468	63.631510	63.854167	G3	73	80	0	0	333	P1-28-18	0	-
469	63.833333	64.005208	F3	72	80	0	0	334	P1-28-19	0	-
470	64.001302	64.273438	E3	66	80	0	0	335	P1-28-20	0	-
471	64.218750	64.549479	D3	66	80	0	0	336	P1-29-21	0	-
472	64.407552	64.610677	F5	71	80	0	0	337	P1-29-2	0	-
473	64.430990	64.602865	A3	74	80	0	0	337	P1-29-22	0	-
474	64.584635	64.786458	G5	72	80	0	0	338	P1-29-3	0	-
475	64.587240	64.756510	Bb3	73	80	0	0	338	P1-29-23	0	-
476	64.755208	65.128906	C4	66	80	0	0	339	P1-29-24	0	-
477	64.761719	64.953125	A5	80	80	0	0	339	P1-29-4	0	-
478	64.934896	65.114583	Bb3	70	80	0	0	340	P1-29-25	0	-
479	64.934896	65.130208	G5	77	80	0	0	340	P1-29-5	0	-
480	65.117188	65.302083	A3	69	80	0	0	341	P1-29-26	0	-
481	65.119792	65.303385	F5	78	80	0	0	341	P1-29-6	0	-
482	65.302083	65.494792	E5	81	80	0	0	342	P1-29-7	0	-
483	65.303385	65.488281	G3	68	80	0	0	342	P1-29-27	0	-
484	65.479167	65.649740	F3	71	80	0	0	343	P1-29-28	0	-
485	65.481771	65.674479	D5	77	80	0	0	343	P1-29-8	0	-
486	65.657552	67.959635	G3	65	80	0	0	344	P1-29-29	0	-
487	65.664062	65.901042	E5	75	80	0	0	344	P1-29-9	0	-
488	65.884115	66.128906	D5	74	80	0	0	345	P1-29-10	0	-
489	65.885417	66.084635	F4	59	80	0	0	345	P1-29-16	0	-
490	66.063802	66.205729	C#5	77	80	0	0	346	P1-29-11	0	-
491	66.069010	66.255208	E4	61	80	0	0	346	P1-29-17	0	-
492	66.230469	66.433594	B4	72	80	0	0	347	P1-29-12	0	-
493	66.230469	66.457031	D4	60	80	0	0	347	P1-29-18	0	-
494	66.424479	66.595052	C#5	77	80	0	0	348	P1-30-1	0	-
495	66.429688	67.399740	E4	59	80	0	0	348	P1-30-4	0	-
496	66.605469	66.852865	Bb4	70	80	0	0	349	P1-30-11	0	-
497	66.808594	66.971354	A4	65	80	0	0	350	P1-30-12	0	-
498	66.985677	67.201823	G4	70	80	0	0	351	P1-30-13	0	-
499	67.184896	68.460938	A4	66	80	0	0	352	P1-30-14	0	-
500	67.375000	67.536458	G4	58	80	0	0	353	P1-30-6	0	-
501	67.414062	67.639323	E4	42	80	0	0	-1	*	3	-
502	67.537760	67.710938	F4	72	80	0	0	354	P1-30-7	0	-
503	67.720052	67.932292	E4	69	80	0	0	355	P1-30-8	0	-
504	67.920573	68.906250	F3	61	80	0	0	356	P1-30-20	0	-
505	67.925781	69.098958	D5	70	80	0	0	356	P1-30-3	0	-
506	68.121094	68.346354	C#4	71	80	0	0	357	P1-30-17	0	-
507	68.299479	68.464844	D4	72	80	0	0	358	P1-30-18	0	-
508	68.479167	68.684896	E4	66	80	0	0	359	P1-30-19	0	-
509	68.667969	68.919271	D4	78	80	0	0	360	P1-31-14	0	-
510	68.861979	69.042969	C4	74	80	0	0	361	P1-31-15	0	-
511	69.029948	69.214844	Bb3	71	80	0	0	362	P1-31-16	0	-
512	69.049479	69.410156	F5	68	80	0	0	362	P1-31-3	0	-
513	69.053385	69.429688	A4	65	80	0	0	362	P1-31-9	0	-
514	69.220052	69.368490	A3	68	80	0	0	363	P1-31-17	0	-
515	69.373698	69.839844	Bb3	66	80	0	0	364	P1-31-18	0	-
516	69.407552	69.813802	E5	72	80	0	0	364	P1-31-4	0	-
517	69.414062	69.514323	G4	67	80	0	0	364	P1-31-10	0	-
518	69.576823	69.763021	A3	69	80	0	0	365	P1-31-22	0	-
519	69.777344	69.992188	G3	64	80	0	0	366	P1-31-23	0	-
520	69.794271	70.188802	G5	80	80	0	0	366	P1-31-5	0	-
521	69.805990	70.188802	Bb4	64	80	0	0	366	P1-31-11	0	-
522	69.971354	70.164062	F3	63	80	0	0	367	P1-31-24	0	-
523	70.164062	70.598958	C#5	72	80	0	0	368	P1-31-6	0	-
524	70.180990	70.375000	G3	64	80	0	0	368	P1-31-25	0	-
525	70.183594	70.509115	A3	63	80	0	0	368	P1-31-19	0	-
526	70.186198	70.489583	A2	59	80	0	0	368	*	3	-
527	70.191406	70.368490	E4	61	80	0	0	368	P1-31-12	0	-
528	70.363281	70.604167	F3	69	80	0	0	369	P1-31-26	0	-
529	70.563802	71.019531	F4	62	80	0	0	370	P1-31-13	0	-
530	70.565104	71.069010	D5	74	80	0	0	370	P1-31-7	0	-
531	70.566406	70.779948	E3	64	80	0	0	370	P1-31-27	0	-
532	70.764323	70.967448	D3	54	80	0	0	371	P1-31-28	0	-
533	70.964844	71.919271	A3	64	80	0	0	372	P1-32-21	0	-
534	71.135417	71.231771	D5	70	80	0	0	373	P1-32-2	0	-
535	71.143229	71.279948	F4	52	80	0	0	373	P1-32-9	0	-
536	71.321615	71.398438	C#5	70	80	0	0	374	P1-32-3	0	-
537	71.326823	71.388021	E4	60	80	0	0	374	P1-32-10	0	-
538	71.354167	72.098958	A2	53	80	0	0	374	P1-32-22	0	-
539	71.503906	71.684896	B4	66	80	0	0	375	P1-32-4	0	-
540	71.511719	71.572917	D4	57	80	0	0	375	P1-32-11	0	-
541	71.704427	73.289062	C#5	63	80	0	0	376	P1-32-7	0	-
542	71.713542	73.329427	E4	53	80	0	0	376	P1-32-5	0	-
543	71.893229	72.075521	G3	72	80	0	0	377	P1-32-14	0	-
544	72.082031	72.273438	A3	71	80	0	0	378	P1-32-15	0	-
545	72.273438	72.446615	Bb3	65	80	0	0	379	P1-32-16	0	-
546	72.457031	72.632812	A3	65	80	0	0	380	P1-32-17	0	-
547	72.635417	72.805990	G3	64	80	0	0	381	P1-32-18	0	-
548	72.834635	73.018229	F3	59	80	0	0	382	P1-32-19	0	-
549	73.042969	73.309896	E3	52	80	0	0	383	P1-32-20	0	-
550	73.294271	74.873698	F3	61	80	0	0	384	P1-33-16	0	-
551	73.500000	73.687500	C#5	62	80	0	0	385	P1-33-2	0	-
552	73.679688	73.854167	D5	68	80	0	0	386	P1-33-3	0	-
553	73.868490	74.072917	E5	68	80	0	0	387	P1-33-4	0	-
554	74.044271	74.279948	D5	74	80	0	0	388	P1-33-5	0	-
555	74.050781	74.869792	A3	56	80	0	0	388	P1-33-14	0	-
556	74.227865	74.427083	C5	73	80	0	0	389	P1-33-6	0	-
557	74.417969	74.602865	Bb4	69	80	0	0	390	P1-33-7	0	-
558	74.596354	74.795573	A4	61	80	0	0	391	P1-33-8	0	-
559	74.778646	75.369792	Bb4	71	80	0	0	392	P1-33-9	0	-
560	74.781250	75.579427	D4	54	80	0	0	392	P1-33-15	0	-
561	74.971354	75.230469	A4	63	80	0	0	393	P1-33-10	0	-
562	75.165365	75.324219	G4	67	80	0	0	394	P1-33-11	0	-
563	75.334635	75.476562	F4	65	80	0	0	395	P1-33-12	0	-
564	75.552083	77.979167	G4	77	80	0	0	396	P1-34-1	0	-
565	75.555990	76.895833	E3	51	80	0	0	396	P1-34-20	0	-
566	75.743490	76.039062	F4	69	80	0	0	397	P1-34-8	0	-
567	75.915365	76.123698	E4	62	80	0	0	398	P1-34-9	0	-
568	76.100260	76.261719	D4	65	80	0	0	399	P1-34-10	0	-
569	76.277344	79.639323	E4	60	80	0	0	400	P1-34-11	0	-
570	76.475260	76.614583	D4	60	80	0	0	401	P1-34-3	0	-
571	76.647135	76.838542	C#4	64	80	0	0	402	P1-34-4	0	-
572	76.824219	77.158854	B3	64	80	0	0	403	P1-34-5	0	-
573	77.016927	78.259115	C#4	57	80	0	0	404	P1-34-6	0	-
574	77.196615	77.376302	G3	61	80	0	0	405	P1-34-17	0	-
575	77.386719	77.544271	A3	65	80	0	0	406	P1-34-18	0	-
576	77.553385	77.752604	Bb3	66	80	0	0	407	P1-34-19	0	-
577	77.756510	77.933594	A3	67	80	0	0	408	P1-35-6	0	-
578	77.924479	78.104167	G3	67	80	0	0	409	P1-35-7	0	-
579	78.115885	78.300781	F3	71	80	0	0	410	P1-35-8	0	-
580	78.303385	78.488281	E3	68	80	0	0	411	P1-35-9	0	-
581	78.493490	80.158854	A3	60	80	0	0	412	P1-35-10	0	-
582	78.496094	80.819010	F3	73	80	0	0	412	P1-35-11	0	-
583	78.510417	80.188802	D4	63	80	0	0	412	P1-35-4	0	-
584	78.677083	79.128906	E3	69	80	0	0	413	P1-35-12	0	-
585	78.869792	79.050781	D3	75	80	0	0	414	P1-35-13	0	-
586	79.044271	79.256510	C#3	72	80	0	0	415	P1-35-14	0	-
587	79.236979	79.423177	D3	74	80	0	0	416	P1-35-15	0	-
588	79.412760	79.595052	C3	75	80	0	0	417	P1-35-16	0	-
589	79.593750	79.808594	B2	69	80	0	0	418	P1-35-17	0	-
590	79.785156	79.998698	A2	69	80	0	0	419	P1-35-18	0	-
591	79.994792	81.169271	B2	73	80	0	0	420	P1-36-10	0	-
592	80.197917	81.209635	C4	63	80	0	0	421	P1-36-4	0	-
593	80.381510	80.649740	B3	68	80	0	0	422	P1-36-5	0	-
594	80.546875	80.783854	A3	71	80	0	0	423	P1-36-6	0	-
595	80.750000	81.128906	G#3	76	80	0	0	424	P1-36-7	0	-
596	80.934896	81.125000	C3	75	80	0	0	425	P1-36-12	0	-
597	81.110677	81.489583	D3	76	80	0	0	426	P1-36-13	0	-
598	81.119792	81.878906	A3	68	80	0	0	426	P1-36-8	0	-
599	81.303385	81.514323	E3	74	80	0	0	427	P1-36-14	0	-
600	81.498698	81.674479	D3	69	80	0	0	428	P1-36-15	0	-
601	81.511719	82.188802	B3	69	80	0	0	428	P1-36-9	0	-
602	81.667969	81.845052	C3	77	80	0	0	429	P1-36-16	0	-
603	81.847656	82.074219	B2	77	80	0	0	430	P1-36-17	0	-
604	82.045573	82.329427	A3	61	80	0	0	-1	*	3	-
605	82.045573	82.244792	A2	68	80	0	0	431	P1-36-18	0	-
606	82.046875	82.059896	E4	57	80	0	0	-1	*	3	-
607	82.236979	84.500000	G#2	70	80	0	0	432	P1-37-18	0	-
608	82.454427	82.675781	D3	76	80	0	0	433	P1-37-14	0	-
609	82.623698	82.859375	E3	70	80	0	0	434	P1-37-15	0	-
610	82.811198	83.005208	F3	73	80	0	0	435	P1-37-16	0	-
611	82.990885	85.479167	E3	67	80	0	0	436	P1-37-17	0	-
612	83.196615	83.479167	A3	63	80	0	0	437	P1-37-9	0	-
613	83.378906	83.593750	B3	65	80	0	0	438	P1-37-10	0	-
614	83.574219	83.764323	C4	68	80	0	0	439	P1-37-11	0	-
615	83.748698	84.378906	B3	68	80	0	0	440	P1-37-12	0	-
616	83.957031	84.175781	C#4	68	80	0	0	441	P1-37-4	0	-
617	84.143229	84.354167	D4	65	80	0	0	442	P1-37-5	0	-
618	84.334635	84.639323	E4	67	80	0	0	443	P1-37-6	0	-
619	84.505208	86.239583	G2	57	80	0	0	444	P1-38-18	0	-
620	84.541667	85.509115	A3	63	80	0	0	444	P1-38-6	0	-
621	84.545573	85.149740	C#4	70	80	0	0	444	P1-38-1	0	-
622	84.734375	84.954427	E4	75	80	0	0	445	P1-38-2	0	-
623	84.930990	85.123698	F4	72	80	0	0	446	P1-38-3	0	-
624	85.089844	85.304688	G4	75	80	0	0	447	P1-38-4	0	-
625	85.286458	87.079427	A4	73	80	0	0	448	P1-38-5	0	-
626	85.472656	85.688802	B3	72	80	0	0	449	P1-38-8	0	-
627	85.477865	85.674479	F3	64	80	0	0	449	P1-38-14	0	-
628	85.661458	85.837240	C#4	68	80	0	0	450	P1-38-9	0	-
629	85.673177	85.833333	E3	66	80	0	0	450	P1-38-15	0	-
630	85.855469	86.003906	D4	78	80	0	0	451	P1-38-10	0	-
631	85.858073	86.016927	D3	71	80	0	0	451	P1-38-16	0	-
632	86.024740	87.109375	E4	67	80	0	0	452	P1-38-11	0	-
633	86.059896	86.899740	C#3	66	80	0	0	452	P1-38-17	0	-
634	86.223958	86.430990	Bb2	75	80	0	0	453	P1-38-20	0	-
635	86.415365	86.652344	A2	75	80	0	0	454	P1-38-21	0	-
636	86.416667	86.869792	A3	67	80	0	0	454	*	3	-
637	86.617188	86.858073	G2	70	80	0	0	455	P1-38-22	0	-
638	86.828125	87.509115	F2	80	80	0	0	456	P1-39-23	0	-
639	86.838542	87.098958	F3	68	80	0	0	456	*	3	-
640	87.016927	87.205729	G4	78	80	0	0	457	P1-39-2	0	-
641	87.213542	87.423177	Bb4	78	80	0	0	458	P1-39-3	0	-
642	87.216146	87.602865	D3	69	80	0	0	458	P1-39-18	0	-
643	87.225260	87.699219	D4	63	80	0	0	458	P1-39-13	0	-
644	87.386719	87.658854	A4	76	80	0	0	459	P1-39-4	0	-
645	87.574219	88.048177	G2	63	80	0	0	460	P1-39-24	0	-
646	87.589844	88.037760	E3	67	80	0	0	460	P1-39-19	0	-
647	87.596354	88.339844	G4	86	80	0	0	460	P1-39-5	0	-
648	87.774740	88.199219	F4	74	80	0	0	461	P1-39-6	0	-
649	87.957031	88.509115	E4	74	80	0	0	462	P1-39-7	0	-
650	88.010417	88.408854	F3	65	80	0	0	462	P1-39-20	0	-
651	88.132812	88.373698	D4	74	80	0	0	463	P1-39-15	0	-
652	88.309896	89.109375	A2	53	80	0	0	464	P1-39-25	0	-
653	88.347656	89.128906	C#4	73	80	0	0	464	P1-39-16	0	-
654	88.363281	88.734375	G3	57	80	0	0	464	P1-39-21	0	-
655	88.516927	88.736979	E4	64	80	0	0	465	P1-39-9	0	-
656	88.710938	88.959635	F4	70	80	0	0	466	P1-39-10	0	-
657	88.722656	89.042969	A3	59	80	0	0	466	P1-39-22	0	-
658	88.894531	89.114583	G4	73	80	0	0	467	P1-39-11	0	-
659	88.972656	89.089844	F4	54	80	0	0	467	*	3	-
660	89.087240	89.454427	D4	66	80	0	0	468	P1-40-6	0	-
661	89.095052	89.649740	Bb3	51	80	0	0	468	P1-40-12	0	-
662	89.101562	90.899740	D3	46	80	0	0	468	P1-40-20	0	-
663	89.255208	89.457031	G4	71	80	0	0	469	P1-40-2	0	-
664	89.442708	89.670573	F4	61	80	0	0	470	P1-40-3	0	-
665	89.473958	89.645833	A3	39	80	0	0	470	P1-40-13	0	-
666	89.626302	89.824219	E4	64	80	0	0	471	P1-40-4	0	-
667	89.626302	89.821615	G3	55	80	0	0	471	P1-40-14	0	-
668	89.820312	90.878906	A3	56	80	0	0	472	P1-40-15	0	-
669	89.821615	91.149740	F4	60	80	0	0	472	P1-40-5	0	-
670	90.011719	91.479167	E4	52	80	0	0	473	P1-40-8	0	-
671	90.183594	90.329427	D4	60	80	0	0	474	P1-40-9	0	-
672	90.358073	90.523438	C#4	57	80	0	0	475	P1-40-10	0	-
673	90.539062	91.658854	D4	57	80	0	0	476	P1-40-11	0	-
674	90.713542	90.881510	C4	52	80	0	0	477	P1-40-17	0	-
675	90.893229	91.063802	Bb3	60	80	0	0	478	P1-40-18	0	-
676	91.074219	91.444010	A3	63	80	0	0	479	P1-40-19	0	-
677	91.289062	91.951823	Bb3	60	80	0	0	480	P1-41-13	0	-
678	91.463542	91.699219	D3	47	80	0	0	481	P1-41-17	0	-
679	91.467448	91.662760	F4	60	80	0	0	481	P1-41-2	0	-
680	91.639323	91.878906	E3	54	80	0	0	482	P1-41-18	0	-
681	91.652344	91.835938	G4	71	80	0	0	482	P1-41-3	0	-
682	91.786458	91.959635	F3	53	80	0	0	483	P1-41-19	0	-
683	91.833333	92.032552	A4	66	80	0	0	483	P1-41-4	0	-
684	91.972656	92.399740	G3	59	80	0	0	484	P1-41-20	0	-
685	92.013021	93.419271	Bb4	74	80	0	0	484	P1-41-5	0	-
686	92.200521	92.799479	D4	75	80	0	0	485	P1-41-8	0	-
687	92.364583	92.799479	A3	59	80	0	0	486	P1-41-14	0	-
688	92.372396	92.764323	F3	60	80	0	0	486	P1-41-21	0	-
689	92.373698	92.553385	E4	64	80	0	0	486	P1-41-9	0	-
690	92.539062	92.768229	F4	67	80	0	0	487	P1-41-10	0	-
691	92.723958	93.122396	G4	66	80	0	0	488	P1-41-11	0	-
692	92.733073	93.497396	G3	69	80	0	0	488	P1-41-15	0	-
693	92.899740	93.110677	E3	64	80	0	0	489	P1-41-23	0	-
694	93.063802	93.257812	D3	63	80	0	0	490	P1-41-24	0	-
695	93.102865	93.699219	E4	65	80	0	0	490	P1-41-12	0	-
696	93.263021	93.819010	C3	63	80	0	0	491	P1-41-25	0	-
697	93.463542	94.174479	C4	68	80	0	0	492	P1-42-6	0	-
698	93.464844	93.819010	F3	69	80	0	0	492	P1-42-21	0	-
699	93.647135	93.881510	Bb4	70	80	0	0	493	P1-42-2	0	-
700	93.812500	94.029948	F2	65	80	0	0	494	P1-42-22	0	-
701	93.829427	94.059896	F3	64	80	0	0	494	P1-42-13	0	-
702	93.834635	94.037760	A4	63	80	0	0	494	P1-42-3	0	-
703	94.006510	94.192708	G4	73	80	0	0	495	P1-42-4	0	-
704	94.014323	94.165365	E3	66	80	0	0	495	P1-42-14	0	-
705	94.157552	94.289062	F3	63	80	0	0	496	P1-42-23	0	-
706	94.182292	95.669271	A4	68	80	0	0	496	P1-42-5	0	-
707	94.299479	95.699219	F3	56	80	0	0	496	*	3	-
708	94.365885	94.561198	G4	69	80	0	0	497	P1-42-8	0	-
709	94.529948	95.339844	A3	59	80	0	0	498	P1-42-16	0	-
710	94.545573	94.695312	F4	62	80	0	0	498	P1-42-9	0	-
711	94.713542	94.944010	E4	66	80	0	0	499	P1-42-10	0	-
712	94.903646	96.369792	F4	75	80	0	0	500	P1-42-11	0	-
713	95.075521	95.296875	E4	66	80	0	0	501	P1-42-18	0	-
714	95.255208	95.375000	D4	70	80	0	0	502	P1-42-19	0	-
715	95.423177	95.640625	C#4	70	80	0	0	503	P1-42-20	0	-
716	95.643229	96.718750	D4	79	80	0	0	504	P1-43-13	0	-
717	95.807292	95.942708	F3	61	80	0	0	505	P1-43-17	0	-
718	95.811198	96.035156	A4	65	80	0	0	505	P1-43-2	0	-
719	95.986979	96.145833	G3	60	80	0	0	506	P1-43-18	0	-
720	95.989583	96.207031	Bb4	71	80	0	0	506	P1-43-3	0	-
721	96.148438	96.352865	A3	68	80	0	0	507	P1-43-19	0	-
722	96.153646	96.360677	C5	69	80	0	0	507	P1-43-4	0	-
723	96.341146	96.678385	Bb3	68	80	0	0	508	P1-43-20	0	-
724	96.343750	96.878906	D5	80	80	0	0	508	P1-43-5	0	-
725	96.519531	96.665365	F4	71	80	0	0	509	P1-43-8	0	-
726	96.694010	96.867188	G4	69	80	0	0	510	P1-43-9	0	-
727	96.705729	97.062500	A3	64	80	0	0	510	P1-43-21	0	-
728	96.714844	97.085938	C4	54	80	0	0	510	P1-43-14	0	-
729	96.873698	97.102865	A4	70	80	0	0	511	P1-43-10	0	-
730	97.076823	97.889323	Bb3	79	80	0	0	512	P1-43-15	0	-
731	97.080729	97.472656	Bb4	74	80	0	0	512	P1-43-11	0	-
732	97.270833	97.463542	G3	74	80	0	0	513	P1-43-23	0	-
733	97.419271	97.652344	F3	68	80	0	0	514	P1-43-24	0	-
734	97.458333	98.239583	G4	71	80	0	0	514	P1-43-12	0	-
735	97.628906	97.824219	E3	67	80	0	0	515	P1-43-25	0	-
736	97.824219	99.149740	E4	66	80	0	0	516	P1-44-6	0	-
737	97.835938	98.158854	A3	72	80	0	0	516	P1-44-21	0	-
738	98.003906	98.229167	D5	78	80	0	0	517	P1-44-2	0	-
739	98.165365	98.345052	A2	66	80	0	0	518	P1-44-22	0	-
740	98.167969	98.348958	A3	66	80	0	0	518	P1-44-13	0	-
741	98.171875	98.386719	C5	72	80	0	0	518	P1-44-3	0	-
742	98.345052	98.533854	Bb4	78	80	0	0	519	P1-44-4	0	-
743	98.351562	98.494792	G3	66	80	0	0	519	P1-44-14	0	-
744	98.505208	100.109375	A3	62	80	0	0	520	P1-44-23	0	-
745	98.524740	99.438802	C5	74	80	0	0	520	P1-44-5	0	-
746	98.712240	98.915365	Bb4	71	80	0	0	521	P1-44-8	0	-
747	98.880208	99.041667	A4	68	80	0	0	522	P1-44-9	0	-
748	98.885417	99.839844	C4	52	80	0	0	522	P1-44-16	0	-
749	99.050781	99.243490	G4	75	80	0	0	523	P1-44-10	0	-
750	99.233073	100.669271	A4	72	80	0	0	524	P1-44-11	0	-
751	99.414062	99.593750	G4	75	80	0	0	525	P1-44-18	0	-
752	99.597656	99.735677	F4	71	80	0	0	526	P1-44-19	0	-
753	99.761719	99.981771	E4	71	80	0	0	527	P1-44-20	0	-
754	99.963542	101.339844	F4	73	80	0	0	528	P1-45-13	0	-
755	100.119792	100.519531	A3	61	80	0	0	529	P1-45-17	0	-
756	100.128906	100.322917	C5	73	80	0	0	529	P1-45-2	0	-
757	100.290365	100.509115	B3	59	80	0	0	530	P1-45-18	0	-
758	100.302083	100.484375	D5	79	80	0	0	530	P1-45-3	0	-
759	100.471354	100.626302	C4	54	80	0	0	531	P1-45-19	0	-
760	100.471354	100.666667	E5	72	80	0	0	531	P1-45-4	0	-
761	100.634115	101.023438	D4	62	80	0	0	532	P1-45-20	0	-
762	100.651042	102.149740	F5	75	80	0	0	532	P1-45-5	0	-
763	100.832031	100.994792	A4	64	80	0	0	533	P1-45-8	0	-
764	101.015625	101.389323	B4	76	80	0	0	534	P1-45-9	0	-
765	101.029948	101.385417	C4	54	80	0	0	534	P1-45-21	0	-
766	101.036458	101.639323	E4	63	80	0	0	534	P1-45-14	0	-
767	101.178385	101.393229	C5	69	80	0	0	535	P1-45-10	0	-
768	101.389323	102.069010	D5	71	80	0	0	536	P1-45-11	0	-
769	101.406250	101.979167	D4	67	80	0	0	536	P1-45-15	0	-
770	101.554688	101.919271	B3	65	80	0	0	537	P1-45-23	0	-
771	101.730469	101.954427	A3	68	80	0	0	538	P1-45-24	0	-
772	101.734375	102.279948	B4	78	80	0	0	538	P1-45-12	0	-
773	101.914062	102.165365	G3	65	80	0	0	539	P1-45-25	0	-
774	102.076823	102.207031	C4	57	80	0	0	540	P1-46-21	0	-
775	102.104167	102.848958	G4	80	80	0	0	540	P1-46-6	0	-
776	102.277344	102.473958	F5	68	80	0	0	541	P1-46-2	0	-
777	102.432292	103.579427	C3	67	80	0	0	542	P1-46-22	0	-
778	102.462240	102.639323	C5	58	80	0	0	542	P1-46-17	1	-
779	102.464844	102.662760	E5	73	80	0	0	542	P1-46-3	0	-
780	102.632812	102.822917	D5	72	80	0	0	543	P1-46-4	0	-
781	102.635417	102.783854	B3	62	80	0	0	543	P1-46-18	0	-
782	102.811198	103.959635	C4	59	80	0	0	544	P1-46-23	0	-
783	102.811198	104.938802	E5	80	80	0	0	544	P1-46-5	0	-
784	102.984375	103.250000	D5	77	80	0	0	545	P1-46-8	0	-
785	103.157552	103.311198	C5	72	80	0	0	546	P1-46-9	0	-
786	103.308594	103.514323	B4	70	80	0	0	547	P1-46-10	0	-
787	103.494792	104.979167	C5	61	80	0	0	548	P1-46-15	0	-
788	103.673177	103.815104	B4	62	80	0	0	549	P1-46-12	0	-
789	103.837240	104.044271	A4	61	80	0	0	550	P1-46-13	0	-
790	104.015625	104.175781	G#4	67	80	0	0	551	P1-46-14	0	-
791	104.183594	104.649740	A4	60	80	0	0	552	P1-47-5	0	-
792	104.375000	104.615885	E4	72	80	0	0	553	P1-47-8	0	-
793	104.562500	104.731771	F4	76	80	0	0	554	P1-47-9	0	-
794	104.734375	104.923177	G4	85	80	0	0	555	P1-47-10	0	-
795	104.923177	105.096354	F4	71	80	0	0	556	P1-47-11	0	-
796	104.924479	107.500000	D5	73	80	0	0	556	P1-47-4	0	-
797	104.927083	106.419271	B4	63	80	0	0	556	P1-47-3	0	-
798	105.096354	105.325521	E4	72	80	0	0	557	P1-47-12	0	-
799	105.303385	105.493490	D4	81	80	0	0	558	P1-47-13	0	-
800	105.484375	105.678385	C4	77	80	0	0	559	P1-47-14	0	-
801	105.669271	105.839844	D4	71	80	0	0	560	P1-47-15	0	-
802	105.854167	106.042969	C4	72	80	0	0	561	P1-47-16	0	-
803	106.033854	106.214844	B3	72	80	0	0	562	P1-47-17	0	-
804	106.222656	106.444010	A3	72	80	0	0	563	P1-47-18	0	-
805	106.424479	108.289062	B4	61	80	0	0	564	P1-48-2	0	-
806	106.425781	106.591146	B3	67	80	0	0	564	P1-48-6	0	-
807	106.429688	109.279948	G#4	64	80	0	0	564	P1-48-1	0	-
808	106.602865	106.802083	A3	73	80	0	0	565	P1-48-7	0	-
809	106.794271	106.968750	G#3	74	80	0	0	566	P1-48-8	0	-
810	106.972656	107.160156	F#3	73	80	0	0	567	P1-48-9	0	-
811	107.165365	107.352865	G#3	75	80	0	0	568	P1-48-10	0	-
812	107.190104	108.259115	E4	60	80	0	0	568	P1-48-5	0	-
813	107.354167	107.500000	D3	77	80	0	0	569	P1-48-11	0	-
814	107.524740	107.734375	E3	66	80	0	0	570	P1-48-12	0	-
815	107.716146	107.875000	F3	73	80	0	0	571	P1-48-13	0	-
816	107.911458	108.115885	E3	68	80	0	0	572	P1-48-14	0	-
817	108.110677	108.294271	D3	75	80	0	0	573	P1-48-15	0	-
818	108.294271	108.510417	C3	71	80	0	0	574	P1-48-16	0	-
819	108.502604	108.740885	B2	70	80	0	0	575	P1-48-17	0	-
820	108.725260	111.259115	C3	69	80	0	0	576	P1-49-20	0	-
821	108.938802	108.949219	B2	56	80	0	0	576	*	3	-
822	108.940104	109.123698	D5	70	80	0	0	577	P1-49-4	0	-
823	109.113281	109.423177	E3	52	80	0	0	578	P1-49-21	0	-
824	109.114583	109.322917	E5	75	80	0	0	578	P1-49-5	0	-
825	109.305990	109.484375	F5	78	80	0	0	579	P1-49-6	0	-
826	109.485677	109.908854	E5	76	80	0	0	580	P1-49-7	0	-
827	109.485677	110.289062	F#3	62	80	0	0	580	P1-49-22	0	-
828	109.684896	109.925781	D5	74	80	0	0	581	P1-49-8	0	-
829	109.872396	110.309896	G#3	60	80	0	0	582	P1-49-23	0	-
830	109.873698	110.072917	C5	76	80	0	0	582	P1-49-9	0	-
831	110.054688	110.274740	B4	73	80	0	0	583	P1-49-10	0	-
832	110.250000	110.434896	C5	76	80	0	0	584	P1-49-11	0	-
833	110.263021	110.584635	A3	63	80	0	0	584	P1-49-24	0	-
834	110.425781	110.592448	B4	77	80	0	0	585	P1-49-12	0	-
835	110.610677	110.783854	A4	69	80	0	0	586	P1-49-13	0	-
836	110.613281	110.957031	B3	55	80	0	0	586	P1-49-25	0	-
837	110.785156	110.963542	G#4	79	80	0	0	587	P1-49-14	0	-
838	110.967448	112.289062	A4	72	80	0	0	588	P1-50-1	0	-
839	110.972656	111.389323	C4	48	80	0	0	588	P1-50-14	0	-
840	111.157552	111.579427	G4	76	80	0	0	589	P1-50-3	0	-
841	111.352865	112.169271	A3	62	80	0	0	590	P1-50-15	0	-
842	111.352865	111.572917	F4	74	80	0	0	590	P1-50-4	0	-
843	111.355469	111.739583	C#3	59	80	0	0	590	P1-50-20	0	-
844	111.531250	111.747396	E4	73	80	0	0	591	P1-50-5	0	-
845	111.710938	112.092448	D3	64	80	0	0	592	P1-50-21	0	-
846	111.718750	111.920573	F4	77	80	0	0	592	P1-50-6	0	-
847	111.904948	112.118490	E4	73	80	0	0	593	P1-50-7	0	-
848	112.088542	112.278646	F4	76	80	0	0	594	P1-50-8	0	-
849	112.091146	112.430990	E3	67	80	0	0	594	P1-50-22	0	-
850	112.093750	112.500000	C#4	72	80	0	0	594	P1-50-16	0	-
851	112.269531	113.059896	G4	79	80	0	0	595	P1-50-9	0	-
852	112.424479	113.039062	F3	65	80	0	0	596	P1-50-23	0	-
853	112.464844	112.699219	F4	73	80	0	0	596	P1-50-10	0	-
854	112.472656	112.679688	D4	67	80	0	0	596	P1-50-17	0	-
855	112.639323	112.821615	E4	72	80	0	0	597	P1-50-11	0	-
856	112.816406	113.279948	A3	58	80	0	0	598	P1-50-18	0	-
857	112.824219	113.220052	G3	60	80	0	0	598	P1-50-24	0	-
858	112.825521	113.024740	D4	74	80	0	0	598	P1-50-12	0	-
859	113.016927	113.213542	C#4	76	80	0	0	599	P1-50-13	0	-
860	113.226562	115.613281	F3	72	80	0	0	600	P1-51-24	0	-
861	113.226562	113.609375	D4	74	80	0	0	600	P1-51-13	0	-
862	113.415365	113.619792	G5	74	80	0	0	601	P1-51-2	0	-
863	113.593750	114.052083	A3	69	80	0	0	602	P1-51-19	0	-
864	113.593750	113.766927	A5	74	80	0	0	602	P1-51-3	0	-
865	113.766927	113.984375	Bb5	79	80	0	0	603	P1-51-4	0	-
866	113.955729	114.161458	A5	82	80	0	0	604	P1-51-5	0	-
867	113.955729	114.386719	B3	72	80	0	0	604	P1-51-20	0	-
868	114.144531	114.378906	G5	78	80	0	0	605	P1-51-6	0	-
869	114.334635	114.522135	F5	78	80	0	0	606	P1-51-7	0	-
870	114.345052	114.723958	C#4	62	80	0	0	606	P1-51-21	0	-
871	114.515625	114.720052	E5	76	80	0	0	607	P1-51-8	0	-
872	114.709635	114.882812	F5	77	80	0	0	608	P1-51-9	0	-
873	114.727865	115.179688	D4	60	80	0	0	608	P1-51-22	0	-
874	114.880208	115.079427	E5	64	80	0	0	609	P1-51-10	0	-
875	115.074219	115.231771	D5	71	80	0	0	610	P1-51-11	0	-
876	115.074219	115.468750	E4	57	80	0	0	610	P1-51-23	0	-
877	115.244792	115.410156	C#5	73	80	0	0	611	P1-51-12	0	-
878	115.440104	115.968750	F4	51	80	0	0	612	P1-52-13	0	-
879	115.444010	115.630208	D5	67	80	0	0	612	P1-52-1	0	-
880	115.623698	115.809896	E5	78	80	0	0	613	P1-52-2	0	-
881	115.623698	115.813802	G3	63	80	0	0	613	P1-52-19	0	-
882	115.783854	115.994792	A3	66	80	0	0	614	P1-52-20	0	-
883	115.792969	116.002604	F5	78	80	0	0	614	P1-52-3	0	-
884	115.980469	116.182292	G5	70	80	0	0	615	P1-52-4	0	-
885	115.981771	116.164062	Bb3	67	80	0	0	615	P1-52-21	0	-
886	116.169271	116.376302	F5	74	80	0	0	616	P1-52-5	0	-
887	116.174479	116.365885	A3	64	80	0	0	616	P1-52-22	0	-
888	116.347656	116.524740	G3	71	80	0	0	617	P1-52-23	0	-
889	116.348958	116.518229	E5	82	80	0	0	617	P1-52-6	0	-
890	116.524740	116.669271	D5	75	80	0	0	618	P1-52-7	0	-
891	116.524740	116.712240	F3	69	80	0	0	618	P1-52-24	0	-
892	116.707031	116.860677	C#5	79	80	0	0	619	P1-52-8	0	-
893	116.713542	116.885417	E3	66	80	0	0	619	P1-52-25	0	-
894	116.884115	117.109375	D5	75	80	0	0	620	P1-52-9	0	-
895	116.890625	117.055990	F3	61	80	0	0	620	P1-52-26	0	-
896	117.065104	117.238281	E3	67	80	0	0	621	P1-52-27	0	-
897	117.066406	117.268229	C5	81	80	0	0	621	P1-52-10	0	-
898	117.252604	117.453125	Bb4	75	80	0	0	622	P1-52-11	0	-
899	117.252604	117.445312	D3	59	80	0	0	622	P1-52-28	0	-
900	117.429688	117.679688	A4	67	80	0	0	623	P1-52-12	0	-
901	117.433594	117.588542	C#3	64	80	0	0	623	P1-52-29	0	-
902	117.634115	119.878906	D3	72	80	0	0	624	P1-53-19	0	-
903	117.635417	117.841146	Bb4	77	80	0	0	624	P1-53-1	0	-
904	117.812500	118.016927	C5	82	80	0	0	625	P1-53-2	0	-
905	118.001302	118.169271	D5	78	80	0	0	626	P1-53-3	0	-
906	118.003906	118.725260	F3	71	80	0	0	626	P1-53-14	0	-
907	118.177083	118.395833	Eb5	78	80	0	0	627	P1-53-4	0	-
908	118.367188	118.750000	Bb3	66	80	0	0	628	P1-53-15	0	-
909	118.372396	118.492188	D5	79	80	0	0	628	P1-53-5	0	-
910	118.542969	118.736979	C5	77	80	0	0	629	P1-53-6	0	-
911	118.727865	118.942708	Bb4	75	80	0	0	630	P1-53-7	0	-
912	118.752604	119.092448	C4	57	80	0	0	630	P1-53-16	0	-
913	118.920573	119.114583	A4	69	80	0	0	631	P1-53-8	0	-
914	119.100260	119.305990	Bb4	71	80	0	0	632	P1-53-9	0	-
915	119.102865	119.513021	D4	58	80	0	0	632	P1-53-17	0	-
916	119.292969	119.503906	A4	70	80	0	0	633	P1-53-10	0	-
917	119.493490	119.700521	G#4	81	80	0	0	634	P1-53-11	0	-
918	119.498698	119.804688	C4	58	80	0	0	634	P1-53-18	0	-
919	119.673177	119.875000	F#4	75	80	0	0	635	P1-53-12	0	-
920	119.843750	120.279948	B3	60	80	0	0	636	P1-54-12	0	-
921	119.861979	120.255208	G#4	70	80	0	0	636	P1-54-1	0	-
922	120.045573	120.247396	D3	72	80	0	0	637	P1-54-23	0	-
923	120.213542	120.460938	E3	75	80	0	0	638	P1-54-24	0	-
924	120.234375	120.468750	E4	66	80	0	0	638	P1-54-7	0	-
925	120.424479	120.595052	F3	78	80	0	0	639	P1-54-25	0	-
926	120.604167	122.299479	G#4	74	80	0	0	640	P1-54-3	0	-
927	120.604167	120.821615	E3	68	80	0	0	640	P1-54-14	0	-
928	120.782552	120.976562	D3	76	80	0	0	641	P1-54-15	0	-
929	120.968750	121.164062	C3	72	80	0	0	642	P1-54-16	0	-
930	120.984375	122.299479	B4	68	80	0	0	642	P1-54-11	0	-
931	121.152344	121.330729	B2	74	80	0	0	643	P1-54-17	0	-
932	121.352865	122.149740	D5	67	80	0	0	644	P1-54-6	0	-
933	121.352865	121.545573	C3	70	80	0	0	644	P1-54-18	0	-
934	121.537760	121.742188	B2	73	80	0	0	645	P1-54-19	0	-
935	121.733073	121.912760	A2	75	80	0	0	646	P1-54-20	0	-
936	121.736979	121.968750	E4	54	80	0	0	646	*	3	-
937	121.916667	122.104167	G#2	75	80	0	0	647	P1-54-21	0	-
938	122.111979	122.489583	A2	69	80	0	0	648	P1-55-27	0	-
939	122.295573	122.472656	F2	71	80	0	0	649	P1-55-28	0	-
940	122.484375	122.701823	E2	72	80	0	0	650	P1-55-29	0	-
941	122.489583	123.009115	C5	72	80	0	0	650	P1-55-5	0	-
942	122.496094	122.989583	F#4	65	80	0	0	650	P1-55-12	0	-
943	122.498698	123.098958	A4	68	80	0	0	650	P1-55-4	0	-
944	122.669271	122.855469	D#2	72	80	0	0	651	P1-55-30	0	-
945	122.872396	124.389323	E2	71	80	0	0	652	P1-55-31	0	-
946	122.895833	123.699219	E4	72	80	0	0	652	P1-55-13	0	-
947	123.071615	123.339844	C5	79	80	0	0	653	P1-55-7	0	-
948	123.088542	123.468750	A2	64	80	0	0	653	P1-55-22	0	-
949	123.259115	123.513021	B4	76	80	0	0	654	P1-55-8	0	-
950	123.287760	123.509115	B2	57	80	0	0	654	P1-55-23	0	-
951	123.454427	123.644531	A4	74	80	0	0	655	P1-55-9	0	-
952	123.455729	123.653646	C3	68	80	0	0	655	P1-55-24	0	-
953	123.643229	123.928385	B4	82	80	0	0	656	P1-55-10	0	-
954	123.645833	124.083333	D3	65	80	0	0	656	P1-55-25	0	-
955	123.851562	124.149740	F#4	73	80	0	0	657	P1-55-18	0	-
956	124.039062	124.494792	G#4	81	80	0	0	658	P1-55-19	0	-
957	124.044271	124.410156	E3	61	80	0	0	658	P1-55-26	0	-
958	124.236979	124.479167	D4	64	80	0	0	659	P1-55-16	0	-
959	124.421875	126.299479	A2	48	80	0	0	660	P1-56-17	0	-
960	124.447917	127.399740	A4	59	80	0	0	660	P1-56-1	0	-
961	124.453125	125.089844	F3	50	80	0	0	660	P1-56-11	0	-
962	124.662760	124.854167	D4	66	80	0	0	661	P1-56-3	0	-
963	124.845052	125.057292	E4	63	80	0	0	662	P1-56-4	0	-
964	124.850260	125.252604	D3	55	80	0	0	662	P1-56-12	0	-
965	125.028646	125.240885	F4	61	80	0	0	663	P1-56-5	0	-
966	125.234375	125.417969	E4	62	80	0	0	664	P1-56-6	0	-
967	125.234375	126.089844	F3	59	80	0	0	664	P1-56-22	0	-
968	125.423177	125.665365	D4	65	80	0	0	665	P1-56-7	0	-
969	125.641927	125.878906	G#3	62	80	0	0	666	P1-56-14	0	-
970	125.652344	125.830729	C#4	62	80	0	0	666	P1-56-8	0	-
971	125.830729	126.139323	B3	66	80	0	0	667	P1-56-9	0	-
972	126.072917	126.755208	A3	51	80	0	0	668	P1-56-16	0	-
973	126.072917	126.938802	E3	51	80	0	0	668	P1-56-15	0	-
974	126.074219	127.009115	C#4	59	80	0	0	668	P1-56-10	0	-
975	126.295573	126.532552	Bb2	57	80	0	0	669	P1-56-19	0	-
976	126.527344	126.756510	A2	49	80	0	0	670	P1-56-20	0	-
977	126.746094	127.125000	G2	46	80	0	0	671	P1-56-21	0	-
978	127.089844	128.098958	F2	49	80	0	0	672	P1-57-16	0	-
979	127.313802	127.484375	E5	53	80	0	0	673	P1-57-2	0	-
980	127.503906	127.695312	F5	61	80	0	0	674	P1-57-3	0	-
981	127.695312	128.299479	G5	64	80	0	0	675	P1-57-4	0	-
982	127.876302	131.378906	F3	47	80	0	0	676	P1-57-17	0	-
983	127.880208	128.070312	F5	61	80	0	0	676	P1-57-5	0	-
984	128.072917	128.260417	E5	64	80	0	0	677	P1-57-6	0	-
985	128.248698	128.375000	D5	69	80	0	0	678	P1-57-7	0	-
986	128.423177	128.605469	C5	67	80	0	0	679	P1-57-8	0	-
987	128.615885	128.955729	D5	76	80	0	0	680	P1-57-9	0	-
988	128.626302	129.434896	A3	54	80	0	0	680	P1-57-15	0	-
989	128.804688	128.980469	C5	70	80	0	0	681	P1-57-10	0	-
990	128.985677	129.114583	Bb4	64	80	0	0	682	P1-57-11	0	-
991	129.158854	129.352865	A4	59	80	0	0	683	P1-57-12	0	-
992	129.356771	131.169271	Bb4	69	80	0	0	684	P1-58-1	0	-
993	129.358073	130.119792	D4	53	80	0	0	684	P1-58-12	0	-
994	129.544271	130.059896	A4	62	80	0	0	685	P1-58-3	0	-
995	129.726562	129.908854	G4	65	80	0	0	686	P1-58-4	0	-
996	129.910156	130.093750	F4	63	80	0	0	687	P1-58-5	0	-
997	130.113281	130.878906	Bb3	56	80	0	0	688	P1-58-13	0	-
998	130.113281	132.158854	G4	60	80	0	0	688	P1-58-6	0	-
999	130.295573	130.460938	F4	62	80	0	0	689	P1-58-8	0	-
1000	130.484375	130.656250	E4	64	80	0	0	690	P1-58-9	0	-
1001	130.654948	130.908854	D4	65	80	0	0	691	P1-58-10	0	-
1002	130.846354	130.985677	G3	55	80	0	0	692	P1-58-14	0	-
1003	130.855469	132.500000	E4	64	80	0	0	692	P1-58-11	0	-
1004	131.033854	131.789062	Bb3	60	80	0	0	693	P1-58-15	0	-
1005	131.225260	131.391927	C4	71	80	0	0	694	P1-58-16	0	-
1006	131.412760	131.625000	D4	70	80	0	0	695	P1-58-17	0	-
1007	131.610677	131.809896	C4	69	80	0	0	696	P1-59-10	0	-
1008	131.794271	131.970052	Bb3	70	80	0	0	697	P1-59-11	0	-
1009	131.973958	132.165365	A3	69	80	0	0	698	P1-59-12	0	-
1010	132.151042	132.350260	G3	73	80	0	0	699	P1-59-13	0	-
1011	132.342448	133.250000	A3	63	80	0	0	700	P1-59-14	0	-
1012	132.382812	133.119792	C4	53	80	0	0	700	P1-59-4	0	-
1013	132.391927	134.069010	F4	56	80	0	0	700	P1-59-5	0	-
1014	132.514323	132.703125	G3	67	80	0	0	701	P1-59-18	0	-
1015	132.701823	132.936198	F3	72	80	0	0	702	P1-59-19	0	-
1016	132.904948	133.083333	E3	64	80	0	0	703	P1-59-20	0	-
1017	133.091146	134.009115	Ab4	61	80	0	0	704	P1-59-9	0	-
1018	133.093750	133.968750	F3	69	80	0	0	704	P1-59-21	0	-
1019	133.100260	133.519531	D4	56	80	0	0	704	P1-59-7	0	-
1020	133.272135	133.467448	D3	69	80	0	0	705	P1-59-22	0	-
1021	133.451823	133.683594	C3	69	80	0	0	706	P1-59-23	0	-
1022	133.661458	133.944010	B2	69	80	0	0	707	P1-59-24	0	-
1023	133.886719	135.539062	C3	73	80	0	0	708	P1-60-22	0	-
1024	133.893229	135.079427	C4	66	80	0	0	708	P1-60-6	0	-
1025	134.115885	134.338542	Ab4	63	80	0	0	709	P1-60-2	0	-
1026	134.119792	134.283854	F3	67	80	0	0	709	P1-60-15	0	-
1027	134.315104	134.523438	G4	68	80	0	0	710	P1-60-3	0	-
1028	134.320312	134.492188	E3	63	80	0	0	710	P1-60-16	0	-
1029	134.475260	134.675781	F4	74	80	0	0	711	P1-60-4	0	-
1030	134.475260	134.674479	D3	62	80	0	0	711	P1-60-17	0	-
1031	134.665365	136.468750	G4	74	80	0	0	712	P1-60-5	0	-
1032	134.673177	135.035156	E3	66	80	0	0	712	P1-60-18	0	-
1033	134.855469	135.289062	F4	63	80	0	0	713	P1-60-10	0	-
1034	135.053385	135.371094	G3	64	80	0	0	714	P1-60-19	0	-
1035	135.054688	135.234375	E4	62	80	0	0	714	P1-60-11	0	-
1036	135.234375	135.395833	D4	70	80	0	0	715	P1-60-12	0	-
1037	135.433594	136.589844	E4	63	80	0	0	716	P1-60-13	0	-
1038	135.434896	136.229167	C4	57	80	0	0	716	P1-60-20	0	-
1039	135.613281	135.815104	D3	52	80	0	0	717	P1-60-24	0	-
1040	135.804688	136.372396	G3	71	80	0	0	718	P1-60-21	0	-
1041	135.805990	136.039062	C3	66	80	0	0	718	P1-60-25	0	-
1042	135.992188	136.244792	Bb2	63	80	0	0	719	P1-60-26	0	-
1043	136.203125	136.959635	A2	64	80	0	0	720	P1-61-23	0	-
1044	136.412760	136.654948	C4	70	80	0	0	721	P1-61-8	0	-
1045	136.597656	136.964844	G3	65	80	0	0	722	P1-61-19	0	-
1046	136.598958	136.765625	D4	70	80	0	0	722	P1-61-9	0	-
1047	136.774740	136.967448	Eb4	70	80	0	0	723	P1-61-10	0	-
1048	136.957031	137.739583	F#3	72	80	0	0	724	P1-61-20	0	-
1049	136.960938	139.779948	D4	75	80	0	0	724	P1-61-11	0	-
1050	137.145833	137.375000	E4	73	80	0	0	725	P1-61-14	0	-
1051	137.339844	137.536458	F#4	77	80	0	0	726	P1-61-15	0	-
1052	137.343750	137.729167	Bb3	59	80	0	0	726	P1-61-21	0	-
1053	137.516927	137.743490	G4	81	80	0	0	727	P1-61-16	0	-
1054	137.709635	138.296875	F#4	82	80	0	0	728	P1-61-17	0	-
1055	137.723958	138.529948	A3	62	80	0	0	728	P1-61-22	0	-
1056	137.903646	138.125000	A4	64	80	0	0	729	P1-61-4	0	-
1057	138.080729	138.304688	Bb4	73	80	0	0	730	P1-61-5	0	-
1058	138.268229	139.279948	C5	78	80	0	0	731	P1-61-6	0	-
1059	138.472656	139.658854	G2	51	80	0	0	732	P1-62-22	0	-
1060	138.664062	138.875000	A4	63	80	0	0	733	P1-62-12	0	-
1061	138.854167	139.058594	G4	72	80	0	0	734	P1-62-13	0	-
1062	138.863281	139.255208	D3	47	80	0	0	734	P1-62-16	0	-
1063	139.037760	139.269531	F#4	78	80	0	0	735	P1-62-14	0	-
1064	139.235677	139.647135	Bb2	60	80	0	0	736	P1-62-23	0	-
1065	139.236979	139.425781	G4	77	80	0	0	736	P1-62-7	0	-
1066	139.412760	139.645833	A4	70	80	0	0	737	P1-62-3	0	-
1067	139.609375	139.966146	G3	70	80	0	0	738	P1-62-17	0	-
1068	139.611979	141.000000	Bb4	69	80	0	0	738	P1-62-4	0	-
1069	139.789062	140.188802	G4	68	80	0	0	739	P1-62-8	0	-
1070	139.983073	140.889323	D3	63	80	0	0	740	P1-62-24	0	-
1071	139.993490	140.609375	D4	71	80	0	0	740	P1-62-9	0	-
1072	140.177083	140.342448	F#3	81	80	0	0	741	P1-62-19	0	-
1073	140.373698	140.554688	G3	83	80	0	0	742	P1-62-20	0	-
1074	140.558594	140.760417	A3	78	80	0	0	743	P1-62-21	0	-
1075	140.755208	141.609375	Bb3	75	80	0	0	744	P1-63-19	0	-
1076	140.755208	141.582031	G3	72	80	0	0	744	P1-63-26	0	-
1077	140.936198	141.080729	G4	80	80	0	0	745	P1-63-2	0	-
1078	141.123698	141.313802	A4	80	80	0	0	746	P1-63-3	0	-
1079	141.299479	141.598958	Bb4	83	80	0	0	747	P1-63-4	0	-
1080	141.490885	142.304688	A3	67	80	0	0	748	P1-63-21	0	-
1081	141.493490	142.209635	C5	81	80	0	0	748	P1-63-14	0	-
1082	141.674479	141.878906	D5	79	80	0	0	749	P1-63-6	0	-
1083	141.854167	143.789062	Eb5	80	80	0	0	750	P1-63-7	0	-
1084	142.046875	142.278646	Bb4	74	80	0	0	751	P1-63-18	0	-
1085	142.252604	144.089844	A4	63	80	0	0	752	P1-63-15	0	-
1086	142.252604	142.878906	F3	64	80	0	0	752	P1-63-22	0	-
1087	142.460938	142.660156	G4	72	80	0	0	753	P1-63-23	0	-
1088	142.644531	142.820312	F4	76	80	0	0	754	P1-63-24	0	-
1089	142.817708	142.975260	Eb4	77	80	0	0	755	P1-63-25	0	-
1090	142.985677	143.204427	D4	75	80	0	0	756	P1-64-12	0	-
1091	143.184896	143.363281	C4	74	80	0	0	757	P1-64-13	0	-
1092	143.355469	143.535156	Bb3	76	80	0	0	758	P1-64-14	0	-
1093	143.541667	143.714844	A3	77	80	0	0	759	P1-64-15	0	-
1094	143.735677	144.158854	Bb3	75	80	0	0	760	P1-64-16	0	-
1095	143.744792	144.151042	D5	74	80	0	0	760	P1-64-4	0	-
1096	143.746094	143.968750	Bb4	68	80	0	0	760	P1-64-3	0	-
1097	143.753906	144.569010	F4	61	80	0	0	760	P1-64-9	0	-
1098	143.920573	144.085938	D3	76	80	0	0	761	P1-64-17	0	-
1099	144.091146	144.268229	Eb3	74	80	0	0	762	P1-64-18	0	-
1100	144.101562	144.533854	A4	62	80	0	0	762	P1-64-5	0	-
1101	144.108073	144.549479	C5	73	80	0	0	762	P1-64-6	0	-
1102	144.274740	144.462240	F3	78	80	0	0	763	P1-64-19	0	-
1103	144.486979	145.079427	D5	79	80	0	0	764	P1-64-7	0	-
1104	144.490885	144.631510	Eb3	74	80	0	0	764	P1-64-20	0	-
1105	144.494792	144.968750	Bb4	75	80	0	0	764	P1-64-10	0	-
1106	144.665365	144.886719	D3	71	80	0	0	765	P1-64-21	0	-
1107	144.843750	145.032552	C3	70	80	0	0	766	P1-64-22	0	-
1108	144.864583	145.688802	Ab4	82	80	0	0	766	P1-64-11	0	-
1109	145.045573	145.256510	Bb2	70	80	0	0	767	P1-64-23	0	-
1110	145.240885	145.664062	Eb3	72	80	0	0	768	P1-65-22	0	-
1111	145.445312	146.059896	F4	77	80	0	0	769	P1-65-18	0	-
1112	145.638021	145.842448	G4	77	80	0	0	770	P1-65-19	0	-
1113	145.643229	145.984375	D3	60	80	0	0	770	P1-65-23	0	-
1114	145.815104	145.980469	Ab4	76	80	0	0	771	P1-65-20	0	-
1115	146.003906	147.589844	Eb3	65	80	0	0	772	P1-65-24	0	-
1116	146.005208	147.169271	C5	76	80	0	0	772	P1-65-2	0	-
1117	146.014323	147.199219	G4	70	80	0	0	772	P1-65-21	0	-
1118	146.204427	146.417969	F4	73	80	0	0	773	P1-65-10	0	-
1119	146.388021	146.527344	Eb4	71	80	0	0	774	P1-65-11	0	-
1120	146.571615	146.776042	D4	70	80	0	0	775	P1-65-12	0	-
1121	146.766927	146.945312	Eb4	77	80	0	0	776	P1-65-13	0	-
1122	146.942708	147.149740	D4	76	80	0	0	777	P1-65-14	0	-
1123	147.134115	147.351562	D5	74	80	0	0	778	P1-65-4	0	-
1124	147.141927	147.363281	C4	65	80	0	0	778	P1-65-15	0	-
1125	147.324219	147.595052	Bb3	68	80	0	0	779	P1-65-16	0	-
1126	147.324219	147.593750	Eb5	82	80	0	0	779	P1-65-5	0	-
1127	147.563802	147.792969	Bb4	77	80	0	0	780	P1-66-9	0	-
1128	147.588542	150.188802	F4	68	80	0	0	780	P1-66-5	0	-
1129	147.595052	148.589844	C4	61	80	0	0	780	P1-66-4	0	-
1130	147.772135	149.199219	A4	67	80	0	0	781	P1-66-10	0	-
1131	147.773438	148.083333	Eb3	70	80	0	0	781	P1-66-13	0	-
1132	147.955729	148.117188	F3	78	80	0	0	782	P1-66-14	0	-
1133	148.134115	148.355469	G3	79	80	0	0	783	P1-66-15	0	-
1134	148.330729	148.514323	F3	79	80	0	0	784	P1-66-16	0	-
1135	148.510417	148.679688	Eb3	79	80	0	0	785	P1-66-17	0	-
1136	148.703125	148.888021	D3	74	80	0	0	786	P1-66-18	0	-
1137	148.884115	149.096354	C3	77	80	0	0	787	P1-66-19	0	-
1138	149.084635	149.276042	D3	70	80	0	0	788	P1-66-20	0	-
1139	149.091146	150.009115	Bb4	76	80	0	0	788	P1-66-3	0	-
1140	149.093750	149.729167	Bb3	71	80	0	0	788	P1-66-6	0	-
1141	149.268229	149.477865	C3	72	80	0	0	789	P1-66-21	0	-
1142	149.470052	149.656250	Bb2	79	80	0	0	790	P1-66-22	0	-
1143	149.652344	149.979167	A3	62	80	0	0	791	*	3	-
1144	149.653646	149.863281	A2	70	80	0	0	791	P1-66-23	0	-
1145	149.852865	151.029948	G2	73	80	0	0	792	P1-67-16	0	-
1146	150.048177	150.244792	A4	71	80	0	0	793	P1-67-2	0	-
1147	150.233073	150.454427	Bb4	77	80	0	0	794	P1-67-3	0	-
1148	150.236979	151.399740	D3	59	80	0	0	794	P1-67-14	0	-
1149	150.415365	150.593750	C5	80	80	0	0	795	P1-67-4	0	-
1150	150.602865	150.979167	Bb4	75	80	0	0	796	P1-67-5	0	-
1151	150.605469	151.339844	G3	61	80	0	0	796	P1-67-15	0	-
1152	150.795573	151.024740	A4	71	80	0	0	797	P1-67-6	0	-
1153	150.962240	151.407552	A2	61	80	0	0	798	P1-67-17	0	-
1154	150.972656	151.164062	G4	79	80	0	0	798	P1-67-7	0	-
1155	151.157552	151.404948	F4	69	80	0	0	799	P1-67-8	0	-
1156	151.346354	152.699219	G4	78	80	0	0	800	P1-67-9	0	-
1157	151.350260	153.519531	Bb2	63	80	0	0	800	P1-67-18	0	-
1158	151.351562	152.714844	G3	67	80	0	0	800	*	3	-
1159	151.540365	151.782552	F4	75	80	0	0	801	P1-67-10	0	-
1160	151.734375	151.910156	E4	73	80	0	0	802	P1-67-11	0	-
1161	151.923177	152.114583	D4	75	80	0	0	803	P1-67-12	0	-
1162	152.113281	153.968750	E4	76	80	0	0	804	P1-68-1	0	-
1163	152.295573	152.513021	D4	77	80	0	0	805	P1-68-4	0	-
1164	152.501302	152.714844	C4	76	80	0	0	806	P1-68-5	0	-
1165	152.686198	152.872396	Bb3	73	80	0	0	807	P1-68-6	0	-
1166	152.868490	153.286458	C4	64	80	0	0	808	P1-68-7	0	-
1167	153.054688	153.285156	Bb3	69	80	0	0	809	P1-68-11	0	-
1168	153.253906	154.309896	A3	78	80	0	0	810	P1-68-12	0	-
1169	153.446615	153.640625	G3	74	80	0	0	811	P1-68-13	0	-
1170	153.634115	155.149740	A2	70	80	0	0	812	P1-68-17	0	-
1171	153.643229	155.438802	F4	65	80	0	0	812	P1-68-2	0	-
1172	153.647135	155.229167	C4	63	80	0	0	812	P1-68-14	1	-
1173	153.824219	154.032552	E3	70	80	0	0	813	P1-68-19	0	-
1174	154.018229	154.204427	F3	74	80	0	0	814	P1-68-20	0	-
1175	154.200521	154.386719	G3	77	80	0	0	815	P1-68-21	0	-
1176	154.201823	154.209635	G4	65	80	0	0	-1	*	3	-
1177	154.386719	154.597656	F3	70	80	0	0	816	P1-69-20	0	-
1178	154.576823	154.746094	E3	59	80	0	0	817	P1-69-21	0	-
1179	154.736979	154.953125	D3	75	80	0	0	818	P1-69-22	0	-
1180	154.932292	155.128906	C3	73	80	0	0	819	P1-69-23	0	-
1181	155.123698	157.059896	D3	71	80	0	0	820	P1-69-10	0	-
1182	155.140625	156.459635	Bb3	69	80	0	0	820	P1-69-8	0	-
1183	155.313802	155.489583	C3	65	80	0	0	821	P1-69-13	0	-
1184	155.497396	155.723958	Bb2	72	80	0	0	822	P1-69-14	0	-
1185	155.503906	155.925781	F4	77	80	0	0	822	P1-69-3	0	-
1186	155.710938	155.916667	A2	64	80	0	0	823	P1-69-15	0	-
1187	155.898438	156.101562	Bb2	70	80	0	0	824	P1-69-16	0	-
1188	155.902344	156.291667	G4	81	80	0	0	824	P1-69-4	0	-
1189	156.095052	156.266927	A2	56	80	0	0	825	P1-69-17	0	-
1190	156.097656	156.319010	E4	54	80	0	0	826	*	3	-
1191	156.277344	156.466146	G2	59	80	0	0	826	P1-69-18	0	-
1192	156.281250	156.476562	A4	67	80	0	0	826	P1-69-5	0	-
1193	156.459635	157.489583	Bb4	83	80	0	0	827	P1-69-6	0	-
1194	156.463542	156.664062	F2	70	80	0	0	827	P1-69-19	0	-
1195	156.466146	157.559896	Bb3	69	80	0	0	827	*	3	-
1196	156.666667	156.854167	G2	65	80	0	0	828	P1-70-16	0	-
1197	156.670573	157.279948	E4	72	80	0	0	828	P1-70-1	0	-
1198	156.848958	157.054688	F2	66	80	0	0	829	P1-70-17	0	-
1199	157.067708	157.255208	E2	55	80	0	0	830	P1-70-18	0	-
1200	157.074219	157.506510	F4	81	80	0	0	830	P1-70-2	0	-
1201	157.265625	157.484375	D2	66	80	0	0	831	P1-70-19	0	-
1202	157.473958	157.919271	E2	62	80	0	0	832	P1-70-20	0	-
1203	157.481771	158.239583	G4	78	80	0	0	832	P1-70-3	0	-
1204	157.493490	159.139323	C3	63	80	0	0	832	P1-70-15	0	-
1205	157.683594	157.816406	Bb3	75	80	0	0	833	P1-70-10	0	-
1206	157.867188	158.589844	C2	61	80	0	0	834	P1-70-21	0	-
1207	157.869792	158.063802	A3	71	80	0	0	834	P1-70-11	0	-
1208	158.067708	158.204427	G3	72	80	0	0	835	P1-70-12	0	-
1209	158.292969	159.239583	A3	80	80	0	0	836	P1-70-13	0	-
1210	158.325521	158.829427	F2	51	80	0	0	836	P1-70-22	0	-
1211	158.516927	158.731771	C4	73	80	0	0	837	P1-70-5	0	-
1212	158.714844	158.955729	D4	74	80	0	0	838	P1-70-6	0	-
1213	158.725260	158.889323	E2	51	80	0	0	838	P1-70-23	0	-
1214	158.902344	159.145833	E4	75	80	0	0	839	P1-70-7	0	-
1215	158.903646	159.143229	E2	49	80	0	0	840	*	3	-
1216	159.113281	160.369792	D2	59	80	0	0	840	P1-71-20	0	-
1217	159.113281	160.938802	F4	75	80	0	0	840	P1-71-1	0	-
1218	159.312500	159.503906	A3	74	80	0	0	841	P1-71-6	0	-
1219	159.493490	159.691406	Bb3	73	80	0	0	842	P1-71-7	0	-
1220	159.523438	159.529948	C2	53	80	0	0	842	*	3	-
1221	159.532552	159.919271	C3	55	80	0	0	842	P1-71-17	0	-
1222	159.705729	159.925781	C4	71	80	0	0	843	P1-71-8	0	-
1223	159.924479	160.679688	Bb2	53	80	0	0	844	P1-71-18	0	-
1224	159.928385	160.131510	D4	68	80	0	0	844	P1-71-9	0	-
1225	160.140625	160.415365	C4	61	80	0	0	845	P1-71-10	0	-
1226	160.355469	160.582031	Bb3	69	80	0	0	846	P1-71-11	0	-
1227	160.378906	160.829427	G2	43	80	0	0	846	P1-71-22	0	-
1228	160.565104	160.781250	A3	65	80	0	0	847	P1-71-12	0	-
1229	160.804688	162.339844	G3	67	80	0	0	848	P1-71-13	0	-
1230	160.813802	166.809896	C3	51	80	0	0	848	P1-71-23	0	-
1231	161.035156	161.894531	Bb3	67	80	0	0	849	P1-71-15	0	-
1232	161.273438	161.891927	C2	55	80	0	0	850	P1-71-24	0	-
1233	161.273438	161.484375	F4	61	80	0	0	850	P1-71-3	0	-
1234	161.507812	161.884115	E4	64	80	0	0	851	P1-71-4	0	-
1235	161.817708	167.819010	F2	51	80	0	0	852	P1-72-13	0	-
1236	161.820312	162.239583	F3	54	80	0	0	852	P1-72-7	0	-
1237	161.825521	167.419271	F4	62	80	0	0	852	P1-72-1	0	-
1238	162.075521	162.226562	Bb3	65	80	0	0	853	P1-72-3	0	-
1239	162.313802	162.580729	A3	58	80	0	0	854	P1-72-4	0	-
1240	162.559896	162.838542	G3	53	80	0	0	855	P1-72-5	0	-
1241	162.832031	167.649740	A3	57	80	0	0	856	P1-72-6	0	-
1242	163.104167	163.458333	G3	56	80	0	0	857	P1-72-9	0	-
1243	163.386719	163.813802	F3	55	80	0	0	858	P1-72-10	0	-
1244	163.757812	164.408854	E3	48	80	0	0	859	P1-72-11	0	-
1245	164.332031	167.489583	F3	43	80	0	0	860	P1-72-12	0	-
//Missing 0	P1-1-16
//Missing 28	P1-3-6
//Missing 32	P1-3-8
//Missing 36	P1-4-7
//Missing 108	P1-10-7
//Missing 140	P1-12-2
//Missing 140	P1-12-9
//Missing 144	P1-13-1
//Missing 224	P1-19-8
//Missing 228	P1-20-7
//Missing 300	P1-26-1
//Missing 300	P1-26-7
//Missing 300	P1-26-19
//Missing 308	P1-26-4
//Missing 356	P1-30-2
//Missing 356	P1-30-9
//Missing 360	P1-31-1
//Missing 360	P1-31-2
//Missing 376	P1-32-6
//Missing 412	P1-35-5
//Missing 432	P1-37-7
//Missing 556	P1-47-6
//Missing 588	P1-50-19
//Missing 652	P1-55-14
//Missing 656	P1-55-15
//Missing 656	P1-55-17
//Missing 700	P1-59-6
//Missing 704	P1-59-8
//Missing 708	P1-60-7
//Missing 724	P1-61-24
//Missing 752	P1-63-8
//Missing 780	P1-66-2
//Missing 852	P1-72-14
//Missing 852	P1-72-2
