//Version: ScorePerfmMatch_v170503
// Score: ./musicxml_cleaned_hmm.txt
// Perfm: ./02960_spr.txt
// fmt3x: ./musicxml_cleaned_fmt3x.txt
0	0.833333	1.479167	Bb4	77	80	0	0	0	*	3	0
1	0.833333	1.569010	G4	71	80	0	0	0	*	3	-
2	1.088542	1.321615	Eb4	80	80	0	0	2	P1-1-11	0	-
3	1.294271	1.343750	D4	70	80	0	0	4	P1-1-12	0	-
4	1.511719	1.557292	Eb4	80	80	0	0	6	P1-1-13	0	-
5	1.729167	1.778646	Bb3	69	80	0	0	8	P1-1-14	0	-
6	1.949219	1.993490	G3	62	80	0	0	10	P1-1-15	0	-
7	2.173177	2.217448	Eb3	65	80	0	0	12	P1-1-16	0	-
8	2.393229	2.473958	G4	62	80	0	0	14	P1-1-9	0	-
9	2.602865	2.644531	Eb5	68	80	0	0	16	P1-1-5	0	-
10	2.824219	3.083333	Eb5	72	80	0	0	18	P1-2-9	0	-
11	2.850260	3.059896	F4	60	80	0	0	18	P1-2-7	0	-
12	3.033854	3.180990	Bb3	78	80	0	0	20	P1-2-12	0	-
13	3.035156	3.299479	D5	66	80	0	0	20	P1-2-10	0	-
14	3.242188	3.286458	A3	74	80	0	0	22	P1-2-13	0	-
15	3.463542	3.516927	Bb3	83	80	0	0	24	P1-2-14	0	-
16	3.664062	3.704427	F3	75	80	0	0	26	P1-2-15	0	-
17	3.889323	3.933594	D3	72	80	0	0	28	P1-2-16	0	-
18	4.104167	4.148438	Bb2	76	80	0	0	30	P1-2-17	0	-
19	4.345052	4.385417	F4	79	80	0	0	32	P1-2-5	0	-
20	4.565104	4.606771	G4	65	80	0	0	34	P1-2-6	0	-
21	4.782552	5.279948	Ab4	85	80	0	0	36	P1-3-1	0	-
22	4.783854	4.828125	F3	64	80	0	0	36	P1-3-12	0	-
23	4.786458	4.799479	Bb2	57	80	0	0	36	*	3	-
24	5.002604	5.057292	C4	68	80	0	0	38	P1-3-2	0	-
25	5.225260	5.266927	Eb4	65	80	0	0	40	P1-3-3	0	-
26	5.424479	5.484375	Bb3	74	80	0	0	42	P1-3-15	0	-
27	5.427083	5.725260	D4	82	80	0	0	42	P1-3-10	0	-
28	5.635417	5.700521	F4	69	80	0	0	44	P1-3-5	0	-
29	5.859375	5.903646	Bb4	69	80	0	0	46	P1-3-6	0	-
30	6.079427	6.315104	Bb3	82	80	0	0	48	P1-3-11	0	-
31	6.093750	6.289062	D3	56	80	0	0	48	P1-3-18	1	-
32	6.286458	6.373698	F4	67	80	0	0	50	P1-3-8	0	-
33	6.503906	6.553385	Ab4	83	80	0	0	52	P1-3-9	0	-
34	6.730469	7.009115	Ab4	81	80	0	0	54	P1-4-10	0	-
35	6.748698	7.059896	Bb3	70	80	0	0	54	P1-4-7	0	-
36	6.753906	7.209635	Eb4	72	80	0	0	54	P1-4-8	0	-
37	6.937500	7.125000	Eb3	74	80	0	0	56	P1-4-13	0	-
38	6.944010	7.279948	G4	71	80	0	0	56	P1-4-11	0	-
39	7.164062	7.222656	D3	80	80	0	0	58	P1-4-14	0	-
40	7.373698	7.416667	Eb3	79	80	0	0	60	P1-4-15	0	-
41	7.582031	7.630208	Bb2	70	80	0	0	62	P1-4-16	0	-
42	7.778646	7.825521	G2	74	80	0	0	64	P1-4-17	0	-
43	8.035156	8.273438	Eb2	59	80	0	0	66	P1-4-18	0	-
44	8.260417	8.317708	Eb3	63	80	0	0	68	P1-4-5	0	-
45	8.481771	8.554688	D3	73	80	0	0	70	P1-4-6	0	-
46	8.703125	8.828125	Eb3	72	80	0	0	72	P1-5-1	0	-
47	8.927083	9.032552	G3	79	80	0	0	74	P1-5-2	0	-
48	9.139323	9.216146	F3	81	80	0	0	76	P1-5-3	0	-
49	9.356771	9.444010	G3	85	80	0	0	78	P1-5-4	0	-
50	9.575521	9.635417	Bb3	82	80	0	0	80	P1-5-5	0	-
51	9.786458	9.838542	Ab3	84	80	0	0	82	P1-5-6	0	-
52	9.792969	9.841146	Eb2	66	80	0	0	82	P1-5-16	0	-
53	10.006510	10.243490	Bb3	87	80	0	0	84	P1-5-7	0	-
54	10.026042	10.378906	Eb3	72	80	0	0	84	P1-5-14	0	-
55	10.029948	10.234375	Eb2	63	80	0	0	84	P1-5-17	0	-
56	10.231771	10.291667	Db4	79	80	0	0	86	P1-5-8	0	-
57	10.437500	10.493490	Db3	73	80	0	0	88	P1-5-15	0	-
58	10.438802	10.505208	G3	85	80	0	0	88	P1-5-9	0	-
59	10.442708	10.494792	Eb2	65	80	0	0	88	P1-5-18	0	-
60	10.670573	10.893229	Eb2	65	80	0	0	90	P1-6-16	0	-
61	10.670573	10.886719	Ab3	85	80	0	0	90	P1-6-1	0	-
62	10.671875	10.889323	C3	70	80	0	0	90	P1-6-10	0	-
63	10.894531	10.976562	C4	72	80	0	0	92	P1-6-2	0	-
64	10.897135	11.069010	C3	69	80	0	0	-1	*	3	-
65	11.063802	11.128906	Eb3	67	80	0	0	94	P1-6-11	0	-
66	11.084635	11.141927	Bb3	88	80	0	0	94	P1-6-3	0	-
67	11.097656	11.179688	Eb2	56	80	0	0	-1	*	3	-
68	11.305990	11.563802	C4	81	80	0	0	96	P1-6-4	0	-
69	11.313802	11.509115	Ab2	71	80	0	0	96	P1-6-12	0	-
70	11.516927	11.584635	Eb4	81	80	0	0	98	P1-6-5	0	-
71	11.523438	11.574219	G#2	58	80	0	0	-1	*	3	-
72	11.717448	11.773438	Db4	86	80	0	0	100	P1-6-6	0	-
73	11.723958	11.772135	Bb2	72	80	0	0	100	P1-6-13	0	-
74	11.923177	12.171875	Eb4	90	80	0	0	102	P1-6-7	0	-
75	11.945312	12.149740	Eb2	69	80	0	0	102	P1-6-21	0	-
76	11.946615	12.143229	C3	71	80	0	0	102	P1-6-14	0	-
77	12.145833	12.209635	Ab4	78	80	0	0	104	P1-6-8	0	-
78	12.352865	12.412760	C4	88	80	0	0	106	P1-6-9	0	-
79	12.354167	12.401042	Eb3	73	80	0	0	-1	*	3	-
80	12.354167	12.403646	Ab2	69	80	0	0	106	P1-6-15	0	-
81	12.584635	12.815104	D4	89	80	0	0	108	P1-7-1	0	-
82	12.602865	12.829427	F3	70	80	0	0	108	P1-7-10	0	-
83	12.604167	12.809896	F2	64	80	0	0	-1	*	3	-
84	12.613281	12.819010	Eb3	65	80	0	0	108	P1-7-16	0	-
85	12.786458	12.873698	F4	76	80	0	0	110	P1-7-2	0	-
86	12.884115	12.996094	F3	65	80	0	0	-1	*	3	-
87	13.003906	13.055990	Eb4	84	80	0	0	112	P1-7-3	0	-
88	13.010417	13.063802	Ab3	75	80	0	0	112	P1-7-11	0	-
89	13.217448	13.437500	F4	87	80	0	0	114	P1-7-4	0	-
90	13.220052	13.460938	D3	82	80	0	0	114	P1-7-12	0	-
91	13.419271	13.486979	Ab4	85	80	0	0	116	P1-7-5	0	-
92	13.632812	13.696615	G4	83	80	0	0	118	P1-7-6	0	-
93	13.632812	13.687500	Eb3	67	80	0	0	118	P1-7-13	0	-
94	13.855469	14.035156	Ab4	89	80	0	0	120	P1-7-7	0	-
95	13.858073	14.036458	F3	69	80	0	0	120	P1-7-14	0	-
96	14.062500	14.115885	F5	77	80	0	0	122	P1-7-8	0	-
97	14.252604	14.311198	D3	65	80	0	0	124	P1-7-15	0	-
98	14.261719	14.316406	Eb2	64	80	0	0	124	P1-7-21	0	-
99	14.264323	14.320312	Ab4	68	80	0	0	124	P1-7-9	0	-
100	14.264323	14.320312	Bb2	61	80	0	0	124	P1-7-22	0	-
101	14.496094	14.734375	G4	80	80	0	0	126	P1-8-1	0	-
102	14.503906	14.759115	Eb3	67	80	0	0	126	P1-8-10	0	-
103	14.503906	14.712240	Eb2	64	80	0	0	126	P1-8-16	0	-
104	14.526042	14.714844	Bb2	62	80	0	0	126	P1-8-17	0	-
105	14.714844	14.819010	Bb4	80	80	0	0	128	P1-8-2	0	-
106	14.915365	14.959635	F3	78	80	0	0	130	P1-8-11	0	-
107	14.916667	14.972656	Ab4	88	80	0	0	130	P1-8-3	0	-
108	15.135417	15.363281	Bb4	83	80	0	0	132	P1-8-4	0	-
109	15.143229	15.550781	G3	76	80	0	0	132	P1-8-12	0	-
110	15.347656	15.421875	Eb5	79	80	0	0	134	P1-8-5	0	-
111	15.541667	15.592448	Bb3	74	80	0	0	136	P1-8-13	0	-
112	15.549479	15.591146	D5	88	80	0	0	136	P1-8-6	0	-
113	15.770833	16.009115	Eb5	89	80	0	0	138	P1-8-7	0	-
114	15.773438	15.989583	G3	77	80	0	0	138	P1-8-14	0	-
115	15.973958	16.039062	G5	77	80	0	0	140	P1-8-8	0	-
116	15.998698	16.378906	G3	53	80	0	0	142	*	3	-
117	16.183594	16.231771	F5	88	80	0	0	142	P1-8-9	0	-
118	16.184896	16.225260	D3	60	80	0	0	142	P1-8-15	0	-
119	16.395833	16.604167	G5	88	80	0	0	144	P1-9-1	0	-
120	16.399740	16.658854	Eb3	64	80	0	0	144	P1-9-12	0	-
121	16.609375	16.660156	Eb5	72	80	0	0	146	P1-9-2	0	-
122	16.671875	16.846354	Eb3	48	80	0	0	148	*	3	-
123	16.812500	16.846354	D5	73	80	0	0	148	P1-9-3	0	-
124	16.813802	16.856771	G3	67	80	0	0	148	P1-9-13	0	-
125	17.024740	18.279948	Eb5	82	80	0	0	150	P1-9-4	0	-
126	17.033854	17.148438	C3	73	80	0	0	150	P1-9-14	0	-
127	17.234375	17.334635	C5	73	80	0	0	152	P1-9-6	0	-
128	17.423177	17.563802	Bb4	73	80	0	0	154	P1-9-7	0	-
129	17.425781	17.479167	D3	78	80	0	0	154	P1-9-15	0	-
130	17.614583	17.684896	Eb3	80	80	0	0	156	P1-9-16	0	-
131	17.621094	18.098958	C5	82	80	0	0	156	P1-9-11	0	-
132	17.730469	17.804688	D3	74	80	0	0	157	P1-9-17	0	-
133	17.826823	18.179688	C3	79	80	0	0	158	P1-9-18	0	-
134	17.954427	18.020833	D3	79	80	0	0	159	P1-9-19	0	-
135	18.024740	18.075521	Eb3	83	80	0	0	160	P1-9-20	0	-
136	18.036458	18.108073	G4	85	80	0	0	160	P1-9-10	0	-
137	18.274740	18.658854	F2	71	80	0	0	162	P1-10-9	0	-
138	18.278646	18.819010	A4	87	80	0	0	162	P1-10-7	0	-
139	18.516927	18.742188	F4	86	80	0	0	164	P1-10-10	0	-
140	18.738281	18.898438	Eb4	86	80	0	0	166	P1-10-11	0	-
141	18.955729	18.998698	F4	76	80	0	0	168	P1-10-12	0	-
142	19.174479	19.223958	C4	71	80	0	0	170	P1-10-13	0	-
143	19.382812	19.423177	A3	77	80	0	0	172	P1-10-14	0	-
144	19.613281	19.664062	F3	69	80	0	0	174	P1-10-15	0	-
145	19.834635	20.066406	A4	80	80	0	0	176	P1-10-8	0	-
146	20.059896	20.123698	Eb5	81	80	0	0	178	P1-10-6	0	-
147	20.283854	20.337240	Bb3	68	80	0	0	180	P1-11-11	0	-
148	20.283854	20.449219	D5	82	80	0	0	180	P1-11-1	0	-
149	20.476562	20.571615	Bb4	74	80	0	0	182	P1-11-2	0	-
150	20.709635	20.753906	F4	77	80	0	0	184	P1-11-3	0	-
151	20.937500	21.118490	G4	72	80	0	0	186	P1-11-4	0	-
152	20.942708	20.994792	Eb3	55	80	0	0	186	P1-11-14	0	-
153	21.135417	21.203125	Eb4	76	80	0	0	188	P1-11-5	0	-
154	21.347656	21.393229	D4	75	80	0	0	190	P1-11-6	0	-
155	21.565104	22.039062	C4	81	80	0	0	192	P1-11-10	0	-
156	21.566406	21.614583	F3	63	80	0	0	192	P1-11-17	0	-
157	21.785156	21.855469	Bb4	72	80	0	0	194	P1-11-8	0	-
158	21.994792	22.046875	A4	71	80	0	0	196	P1-11-9	0	-
159	22.214844	22.799479	Bb4	70	80	0	0	198	P1-12-1	0	-
160	22.220052	22.718750	D4	71	80	0	0	198	P1-12-6	0	-
161	22.440104	22.578125	Bb3	80	80	0	0	200	P1-12-9	0	-
162	22.654948	22.703125	A3	68	80	0	0	202	P1-12-10	0	-
163	22.875000	22.920573	Bb3	73	80	0	0	204	P1-12-11	0	-
164	23.072917	23.121094	F3	70	80	0	0	206	P1-12-12	0	-
165	23.294271	23.342448	D3	57	80	0	0	208	P1-12-13	0	-
166	23.540365	23.727865	Bb2	52	80	0	0	210	P1-12-14	0	-
167	23.763021	23.837240	Bb3	61	80	0	0	212	P1-12-4	0	-
168	23.971354	24.052083	A3	66	80	0	0	214	P1-12-5	0	-
169	24.195312	24.292969	Bb3	66	80	0	0	216	P1-13-1	0	-
170	24.425781	24.520833	D4	69	80	0	0	218	P1-13-2	0	-
171	24.432292	24.516927	Bb2	46	80	0	0	218	P1-13-11	0	-
172	24.635417	24.704427	C4	64	80	0	0	220	P1-13-3	0	-
173	24.639323	24.713542	A2	55	80	0	0	220	P1-13-12	0	-
174	24.843750	24.914062	Bb2	56	80	0	0	222	P1-13-13	0	-
175	24.845052	24.923177	D4	81	80	0	0	222	P1-13-4	0	-
176	25.071615	25.118490	F4	72	80	0	0	224	P1-13-5	0	-
177	25.076823	25.114583	D3	46	80	0	0	224	P1-13-14	0	-
178	25.264323	25.313802	C3	58	80	0	0	226	P1-13-15	0	-
179	25.264323	25.324219	Eb4	83	80	0	0	226	P1-13-6	0	-
180	25.265625	25.325521	Bb2	56	80	0	0	226	P1-13-22	0	-
181	25.475260	25.694010	F4	82	80	0	0	228	P1-13-7	0	-
182	25.483073	25.545573	D3	65	80	0	0	228	P1-13-16	0	-
183	25.484375	25.688802	Bb2	63	80	0	0	228	P1-13-23	0	-
184	25.686198	25.743490	Ab4	76	80	0	0	230	P1-13-8	0	-
185	25.686198	25.731771	F3	66	80	0	0	230	P1-13-17	0	-
186	25.898438	25.960938	D4	78	80	0	0	232	P1-13-9	0	-
187	25.902344	25.954427	Ab3	69	80	0	0	232	P1-13-18	0	-
188	25.904948	25.959635	Bb2	58	80	0	0	232	P1-13-24	0	-
189	26.119792	26.294271	Eb4	83	80	0	0	234	P1-14-1	0	-
190	26.126302	26.253906	Bb2	59	80	0	0	234	P1-14-19	0	-
191	26.127604	26.231771	G3	66	80	0	0	234	P1-14-10	0	-
192	26.345052	26.395833	Bb3	80	80	0	0	236	P1-14-11	0	-
193	26.345052	26.404948	G4	74	80	0	0	236	P1-14-2	0	-
194	26.553385	26.626302	F4	77	80	0	0	238	P1-14-3	0	-
195	26.553385	26.609375	Ab3	78	80	0	0	238	P1-14-12	0	-
196	26.774740	26.865885	Bb3	78	80	0	0	240	P1-14-13	0	-
197	26.776042	26.895833	G4	84	80	0	0	240	P1-14-4	0	-
198	26.985677	27.054688	Bb4	80	80	0	0	242	P1-14-5	0	-
199	26.990885	27.041667	G3	66	80	0	0	242	P1-14-14	0	-
200	27.188802	27.253906	Ab4	84	80	0	0	244	P1-14-6	0	-
201	27.191406	27.248698	Bb2	70	80	0	0	244	P1-14-23	0	-
202	27.194010	27.246094	F3	68	80	0	0	244	P1-14-15	0	-
203	27.399740	27.479167	Bb2	70	80	0	0	246	P1-14-24	0	-
204	27.408854	27.652344	Bb4	78	80	0	0	246	P1-14-7	0	-
205	27.414062	27.473958	G3	66	80	0	0	246	P1-14-16	0	-
206	27.623698	27.669271	Bb3	76	80	0	0	248	P1-14-17	0	-
207	27.626302	27.680990	Eb5	77	80	0	0	248	P1-14-8	0	-
208	27.833333	27.889323	Bb3	74	80	0	0	250	P1-14-25	0	-
209	27.833333	27.888021	G4	85	80	0	0	250	P1-14-9	0	-
210	27.837240	27.891927	Eb4	70	80	0	0	250	P1-14-18	1	-
211	28.039062	28.343750	Bb3	81	80	0	0	252	P1-15-19	0	-
212	28.048177	28.246094	A4	84	80	0	0	252	P1-15-1	0	-
213	28.055990	28.296875	C4	75	80	0	0	252	P1-15-10	0	-
214	28.255208	28.324219	Eb4	78	80	0	0	254	P1-15-11	0	-
215	28.256510	28.333333	C5	83	80	0	0	254	P1-15-2	0	-
216	28.462240	28.526042	Bb4	82	80	0	0	256	P1-15-3	0	-
217	28.463542	28.514323	D4	81	80	0	0	256	P1-15-12	0	-
218	28.674479	28.899740	C5	89	80	0	0	258	P1-15-4	0	-
219	28.674479	28.781250	Eb4	84	80	0	0	258	P1-15-13	0	-
220	28.890625	28.954427	Eb5	87	80	0	0	260	P1-15-5	0	-
221	28.904948	28.980469	C4	69	80	0	0	260	P1-15-14	0	-
222	29.095052	29.161458	Bb3	81	80	0	0	262	P1-15-15	0	-
223	29.095052	29.153646	D5	82	80	0	0	262	P1-15-6	0	-
224	29.305990	29.509115	Eb5	89	80	0	0	264	P1-15-7	0	-
225	29.307292	29.498698	C4	71	80	0	0	264	P1-15-16	0	-
226	29.511719	29.578125	C6	71	80	0	0	266	P1-15-8	0	-
227	29.513021	29.562500	Bb3	75	80	0	0	266	P1-15-17	0	-
228	29.721354	29.778646	Eb5	83	80	0	0	268	P1-15-9	0	-
229	29.722656	29.774740	A3	75	80	0	0	268	P1-15-18	0	-
230	29.723958	29.781250	Bb2	75	80	0	0	268	P1-15-24	0	-
231	29.937500	30.019531	F3	68	80	0	0	270	P1-16-20	0	-
232	29.951823	30.079427	D5	88	80	0	0	270	P1-16-1	0	-
233	29.962240	30.175781	Bb3	75	80	0	0	270	P1-16-10	0	-
234	29.964844	30.035156	Bb2	69	80	0	0	270	P1-16-19	0	-
235	30.177083	30.234375	Bb4	74	80	0	0	272	P1-16-2	0	-
236	30.194010	30.269531	D4	69	80	0	0	272	P1-16-11	0	-
237	30.375000	30.458333	A4	84	80	0	0	274	P1-16-3	0	-
238	30.375000	30.427083	C4	73	80	0	0	274	P1-16-12	0	-
239	30.604167	30.772135	Bb4	87	80	0	0	276	P1-16-4	0	-
240	30.604167	30.763021	D4	84	80	0	0	276	P1-16-13	0	-
241	30.815104	30.886719	D5	77	80	0	0	278	P1-16-5	0	-
242	30.815104	30.872396	F4	76	80	0	0	278	P1-16-14	0	-
243	31.018229	31.074219	C5	89	80	0	0	280	P1-16-6	0	-
244	31.029948	31.069010	Eb4	77	80	0	0	280	P1-16-15	0	-
245	31.233073	31.325521	D5	87	80	0	0	282	P1-16-7	0	-
246	31.234375	31.509115	F4	91	80	0	0	282	P1-16-16	0	-
247	31.442708	31.497396	F5	89	80	0	0	284	P1-16-8	0	-
248	31.454427	31.589844	Ab4	68	80	0	0	284	P1-16-17	0	-
249	31.654948	31.713542	Eb5	77	80	0	0	286	P1-16-9	0	-
250	31.654948	31.709635	G4	72	80	0	0	286	P1-16-18	0	-
251	31.878906	32.459635	F5	77	80	0	0	288	P1-17-2	0	-
252	31.886719	32.477865	Ab4	66	80	0	0	288	P1-17-7	0	-
253	31.888021	32.378906	D5	66	80	0	0	288	P1-17-1	0	-
254	32.104167	32.315104	Bb3	89	80	0	0	290	P1-17-13	0	-
255	32.313802	32.364583	A3	79	80	0	0	292	P1-17-14	0	-
256	32.528646	32.575521	Bb3	84	80	0	0	294	P1-17-15	0	-
257	32.721354	32.765625	F3	75	80	0	0	296	P1-17-16	0	-
258	32.925781	32.973958	D3	74	80	0	0	298	P1-17-17	0	-
259	33.164062	33.382812	Bb2	66	80	0	0	300	P1-17-18	0	-
260	33.381510	33.493490	G4	77	80	0	0	302	P1-17-5	0	-
261	33.382812	33.483073	Eb4	70	80	0	0	302	P1-17-10	0	-
262	33.588542	33.697917	F4	82	80	0	0	304	P1-17-6	0	-
263	33.593750	33.679688	Bb2	63	80	0	0	304	*	3	-
264	33.593750	33.666667	D4	69	80	0	0	304	P1-17-11	0	-
265	33.825521	34.364583	G4	79	80	0	0	306	P1-18-1	0	-
266	33.833333	34.354167	Eb4	79	80	0	0	306	P1-18-6	0	-
267	34.045573	34.276042	Bb3	88	80	0	0	308	P1-18-12	0	-
268	34.257812	34.350260	A3	81	80	0	0	310	P1-18-13	1	-
269	34.473958	34.516927	Bb3	86	80	0	0	312	P1-18-14	0	-
270	34.688802	34.736979	G3	79	80	0	0	314	P1-18-15	0	-
271	34.901042	34.947917	Eb3	68	80	0	0	316	P1-18-16	0	-
272	35.118490	35.272135	Bb2	72	80	0	0	318	P1-18-17	0	-
273	35.324219	35.424479	D5	76	80	0	0	320	P1-18-4	0	-
274	35.334635	35.391927	F4	56	80	0	0	320	P1-18-9	0	-
275	35.545573	35.605469	Eb5	79	80	0	0	322	P1-18-5	0	-
276	35.550781	35.595052	G4	65	80	0	0	322	P1-18-10	0	-
277	35.782552	36.688802	F5	81	80	0	0	324	P1-19-1	0	-
278	35.785156	36.669271	Ab4	69	80	0	0	324	P1-19-7	0	-
279	36.002604	36.072917	Bb2	75	80	0	0	326	P1-19-15	0	-
280	36.216146	36.273438	A2	79	80	0	0	328	P1-19-16	0	-
281	36.437500	36.635417	Bb2	82	80	0	0	330	P1-19-17	0	-
282	36.651042	36.708333	D3	75	80	0	0	332	P1-19-18	0	-
283	36.860677	36.904948	F5	84	80	0	0	334	P1-19-4	0	-
284	36.863281	36.938802	C3	82	80	0	0	334	P1-19-19	0	-
285	36.869792	36.906250	Ab4	75	80	0	0	334	P1-19-10	0	-
286	37.084635	37.285156	D3	89	80	0	0	336	P1-19-20	0	-
287	37.093750	37.313802	B4	80	80	0	0	336	P1-19-5	0	-
288	37.093750	37.289062	Ab4	73	80	0	0	336	P1-19-11	0	-
289	37.292969	37.299479	C5	69	80	0	0	336	*	3	-
290	37.295573	37.509115	Ab4	68	80	0	0	336	*	3	-
291	37.296875	37.350260	F3	73	80	0	0	338	P1-19-21	0	-
292	37.494792	37.557292	Eb3	74	80	0	0	340	P1-19-22	0	-
293	37.500000	37.558594	C5	82	80	0	0	340	P1-19-6	0	-
294	37.515625	37.557292	F4	69	80	0	0	340	P1-19-12	0	-
295	37.518229	37.579427	Ab4	61	80	0	0	340	P1-19-13	0	-
296	37.722656	38.072917	B4	84	80	0	0	342	P1-20-1	0	-
297	37.723958	37.845052	F3	81	80	0	0	342	P1-20-10	0	-
298	37.733073	38.026042	D4	78	80	0	0	342	P1-20-8	0	-
299	37.739583	38.044271	Ab4	73	80	0	0	342	P1-20-9	0	-
300	37.930990	37.994792	Ab3	80	80	0	0	344	P1-20-11	0	-
301	38.154948	38.200521	G3	80	80	0	0	346	P1-20-12	0	-
302	38.375000	38.523438	Ab3	81	80	0	0	348	P1-20-13	0	-
303	38.593750	38.654948	B3	81	80	0	0	350	P1-20-3	0	-
304	38.800781	38.848958	D4	83	80	0	0	352	P1-20-4	0	-
305	39.024740	39.500000	F4	85	80	0	0	354	P1-20-5	0	-
306	39.027344	39.078125	B2	62	80	0	0	354	P1-20-16	0	-
307	39.233073	39.291667	Eb4	77	80	0	0	356	P1-20-6	0	-
308	39.445312	39.484375	D4	85	80	0	0	358	P1-20-7	0	-
309	39.664062	39.804688	Eb4	87	80	0	0	360	P1-21-1	0	-
310	39.664062	39.709635	C3	56	80	0	0	360	P1-21-10	0	-
311	39.881510	39.949219	G4	83	80	0	0	362	P1-21-2	0	-
312	40.083333	40.125000	C5	77	80	0	0	364	P1-21-3	0	-
313	40.308594	40.477865	Eb5	81	80	0	0	366	P1-21-4	0	-
314	40.320312	40.419271	C4	57	80	0	0	366	P1-21-13	0	-
315	40.501302	40.552083	D5	78	80	0	0	368	P1-21-5	0	-
316	40.707031	40.755208	C5	78	80	0	0	370	P1-21-6	0	-
317	40.932292	40.979167	Bb3	80	80	0	0	372	P1-21-16	0	-
318	40.933594	41.039062	Bb4	67	80	0	0	372	*	3	-
319	41.149740	41.192708	Eb4	77	80	0	0	374	P1-21-8	0	-
320	41.343750	41.395833	C5	82	80	0	0	376	P1-21-9	0	-
321	41.562500	41.889323	F4	84	80	0	0	378	P1-22-1	0	-
322	41.563802	41.625000	Ab3	71	80	0	0	378	P1-22-10	0	-
323	41.756510	41.825521	Ab4	82	80	0	0	380	P1-22-2	0	-
324	41.964844	42.005208	C5	79	80	0	0	382	P1-22-3	0	-
325	42.186198	42.234375	Ab2	61	80	0	0	384	P1-22-13	0	-
326	42.186198	42.438802	Eb5	80	80	0	0	384	P1-22-4	0	-
327	42.395833	42.454427	D5	77	80	0	0	386	P1-22-5	0	-
328	42.605469	42.649740	C5	74	80	0	0	388	P1-22-6	0	-
329	42.825521	42.871094	Eb3	55	80	0	0	390	P1-22-16	0	-
330	43.033854	43.082031	G4	66	80	0	0	392	P1-22-8	0	-
331	43.231771	43.274740	C5	75	80	0	0	394	P1-22-9	0	-
332	43.440104	43.587240	Ab4	77	80	0	0	396	P1-23-1	0	-
333	43.460938	43.507812	F3	48	80	0	0	396	P1-23-10	0	-
334	43.645833	43.718750	B4	81	80	0	0	398	P1-23-2	0	-
335	43.845052	43.894531	C5	83	80	0	0	400	P1-23-3	0	-
336	44.065104	44.105469	F#3	68	80	0	0	402	P1-23-13	0	-
337	44.066406	44.289062	Eb5	76	80	0	0	402	P1-23-4	0	-
338	44.264323	44.307292	D5	73	80	0	0	404	P1-23-5	0	-
339	44.473958	44.514323	C5	71	80	0	0	406	P1-23-6	0	-
340	44.687500	44.750000	G3	66	80	0	0	408	P1-23-16	0	-
341	44.893229	44.933594	F4	75	80	0	0	410	P1-23-8	0	-
342	45.092448	45.135417	B4	71	80	0	0	412	P1-23-9	0	-
343	45.315104	45.574219	C5	69	80	0	0	414	P1-24-1	0	-
344	45.359375	46.195312	C3	53	80	0	0	414	P1-24-8	0	-
345	45.536458	45.592448	G4	76	80	0	0	416	P1-24-2	0	-
346	45.747396	45.794271	Eb4	75	80	0	0	418	P1-24-3	0	-
347	45.968750	46.438802	C4	74	80	0	0	420	P1-24-4	0	-
348	46.174479	46.223958	Eb3	65	80	0	0	422	P1-24-10	0	-
349	46.397135	46.444010	G3	69	80	0	0	424	P1-24-11	0	-
350	46.613281	46.656250	Bb3	70	80	0	0	426	P1-24-12	0	-
351	46.816406	46.864583	A3	69	80	0	0	428	P1-24-13	0	-
352	47.027344	47.074219	G3	66	80	0	0	430	P1-24-14	0	-
353	47.279948	47.554688	A3	54	80	0	0	432	P1-25-10	0	-
354	47.480469	47.735677	Eb5	59	80	0	0	434	P1-25-2	0	-
355	47.697917	47.748698	D5	57	80	0	0	436	P1-25-3	0	-
356	47.914062	47.963542	Eb5	71	80	0	0	438	P1-25-4	0	-
357	48.111979	48.158854	C5	71	80	0	0	440	P1-25-5	0	-
358	48.316406	48.355469	A4	60	80	0	0	442	P1-25-6	0	-
359	48.520833	48.563802	F4	75	80	0	0	444	P1-25-7	0	-
360	48.742188	48.787760	C4	61	80	0	0	446	P1-25-15	0	-
361	48.953125	48.994792	F3	63	80	0	0	448	P1-25-16	0	-
362	49.195312	49.703125	Bb3	54	80	0	0	450	P1-26-17	0	-
363	49.402344	49.680990	F4	62	80	0	0	452	P1-26-2	0	-
364	49.623698	49.798177	Eb4	68	80	0	0	454	P1-26-3	0	-
365	49.848958	51.209635	F4	63	80	0	0	456	P1-26-10	0	-
366	50.048177	50.598958	Bb4	61	80	0	0	458	P1-26-15	0	-
367	50.266927	50.559896	C5	64	80	0	0	460	P1-26-6	0	-
368	50.488281	50.820312	Db5	58	80	0	0	462	P1-26-7	0	-
369	50.720052	50.884115	Ab3	57	80	0	0	464	P1-26-22	0	-
370	50.927083	51.158854	F3	59	80	0	0	466	P1-26-23	0	-
371	51.157552	51.342448	G3	63	80	0	0	468	P1-27-10	0	-
372	51.367188	51.550781	Db5	72	80	0	0	470	P1-27-2	0	-
373	51.566406	51.643229	C5	73	80	0	0	472	P1-27-3	0	-
374	51.779948	51.822917	Db5	71	80	0	0	474	P1-27-4	0	-
375	51.977865	52.015625	Bb4	79	80	0	0	476	P1-27-5	0	-
376	52.187500	52.226562	G4	71	80	0	0	478	P1-27-6	0	-
377	52.402344	52.453125	Eb4	73	80	0	0	480	P1-27-7	0	-
378	52.601562	52.643229	Bb3	67	80	0	0	482	P1-27-15	0	-
379	52.809896	52.854167	Eb3	64	80	0	0	484	P1-27-16	0	-
380	53.059896	53.550781	Ab3	62	80	0	0	486	P1-28-17	0	-
381	53.285156	53.544271	Eb4	71	80	0	0	488	P1-28-2	0	-
382	53.496094	53.565104	Db4	71	80	0	0	490	P1-28-3	0	-
383	53.709635	55.149740	Eb4	82	80	0	0	492	P1-28-10	0	-
384	53.927083	54.433594	Ab4	84	80	0	0	494	P1-28-15	0	-
385	54.144531	54.425781	Bb4	66	80	0	0	496	P1-28-6	0	-
386	54.368490	54.761719	C5	73	80	0	0	498	P1-28-7	0	-
387	54.605469	54.691406	G3	66	80	0	0	500	P1-28-22	0	-
388	54.791667	55.018229	Eb3	66	80	0	0	502	P1-28-23	0	-
389	55.013021	55.226562	F3	78	80	0	0	504	P1-29-10	0	-
390	55.210938	55.406250	D4	86	80	0	0	506	P1-29-2	0	-
391	55.420573	55.494792	Ab4	79	80	0	0	508	P1-29-3	0	-
392	55.625000	55.671875	C5	80	80	0	0	510	P1-29-4	0	-
393	55.835938	55.881510	Bb4	81	80	0	0	512	P1-29-5	0	-
394	56.041667	56.096354	Ab4	76	80	0	0	514	P1-29-6	0	-
395	56.255208	56.302083	G3	77	80	0	0	516	P1-29-14	0	-
396	56.485677	56.703125	Db4	84	80	0	0	518	P1-29-8	0	-
397	56.714844	56.808594	Bb4	68	80	0	0	520	P1-29-9	0	-
398	56.937500	57.171875	E3	70	80	0	0	522	P1-30-10	0	-
399	57.144531	57.303385	C4	78	80	0	0	524	P1-30-2	0	-
400	57.346354	57.417969	G4	76	80	0	0	526	P1-30-3	0	-
401	57.567708	57.649740	Bb4	72	80	0	0	528	P1-30-4	0	-
402	57.766927	57.815104	Ab4	72	80	0	0	530	P1-30-5	0	-
403	57.976562	58.039062	G4	61	80	0	0	532	P1-30-6	0	-
404	58.177083	58.223958	F3	69	80	0	0	534	P1-30-14	0	-
405	58.406250	58.600260	C4	73	80	0	0	536	P1-30-8	0	-
406	58.632812	58.683594	Ab4	61	80	0	0	538	P1-30-9	0	-
407	58.841146	58.881510	D3	60	80	0	0	540	P1-31-10	0	-
408	59.058594	59.276042	Bb3	84	80	0	0	542	P1-31-2	0	-
409	59.274740	59.319010	Ab4	73	80	0	0	544	P1-31-3	0	-
410	59.483073	59.526042	Eb3	67	80	0	0	546	P1-31-13	0	-
411	59.696615	59.934896	Ab4	71	80	0	0	548	P1-31-5	0	-
412	59.907552	59.972656	G4	70	80	0	0	550	P1-31-6	0	-
413	60.115885	60.192708	A2	58	80	0	0	552	P1-31-16	0	-
414	60.322917	60.554688	C5	73	80	0	0	554	P1-31-8	0	-
415	60.562500	60.615885	Eb4	61	80	0	0	556	P1-31-9	0	-
416	60.802083	61.063802	Bb2	47	80	0	0	558	P1-32-10	0	-
417	61.035156	61.313802	D4	63	80	0	0	560	P1-32-2	0	-
418	61.250000	61.399740	C4	58	80	0	0	562	P1-32-3	0	-
419	61.483073	61.528646	D4	59	80	0	0	564	P1-32-4	0	-
420	61.701823	61.845052	Bb3	63	80	0	0	566	P1-32-5	0	-
421	61.703125	61.805990	D3	53	80	0	0	566	P1-32-14	0	-
422	61.903646	61.994792	A3	66	80	0	0	568	P1-32-6	0	-
423	61.906250	61.986979	C3	55	80	0	0	568	P1-32-15	0	-
424	62.104167	62.209635	Bb3	72	80	0	0	570	P1-32-7	0	-
425	62.105469	62.154948	D3	57	80	0	0	570	P1-32-16	0	-
426	62.315104	62.365885	F3	62	80	0	0	572	P1-32-17	0	-
427	62.317708	62.364583	D4	75	80	0	0	572	P1-32-8	0	-
428	62.528646	62.609375	F4	73	80	0	0	574	P1-32-9	0	-
429	62.535156	62.575521	Ab3	63	80	0	0	574	P1-32-18	0	-
430	62.735677	62.789062	Ab4	82	80	0	0	576	P1-33-1	0	-
431	62.736979	62.791667	Bb2	64	80	0	0	576	P1-33-10	0	-
432	62.957031	63.369792	F4	74	80	0	0	578	P1-33-2	0	-
433	62.972656	63.057292	D3	61	80	0	0	578	P1-33-11	0	-
434	63.162760	63.243490	C3	60	80	0	0	580	P1-33-12	0	-
435	63.164062	63.315104	Eb4	70	80	0	0	580	P1-33-3	0	-
436	63.378906	63.423177	D3	64	80	0	0	582	P1-33-13	0	-
437	63.382812	63.479167	F4	76	80	0	0	582	P1-33-4	0	-
438	63.593750	63.816406	D4	87	80	0	0	584	P1-33-5	0	-
439	63.593750	63.660156	F3	64	80	0	0	584	P1-33-14	0	-
440	63.800781	63.854167	Eb3	62	80	0	0	586	P1-33-15	0	-
441	63.803385	63.864583	C4	69	80	0	0	586	P1-33-6	0	-
442	64.003906	64.053385	F3	69	80	0	0	588	P1-33-16	0	-
443	64.005208	64.091146	D4	82	80	0	0	588	P1-33-7	0	-
444	64.216146	64.255208	F4	80	80	0	0	590	P1-33-8	0	-
445	64.216146	64.255208	D3	65	80	0	0	590	P1-33-17	0	-
446	64.417969	64.471354	Ab4	80	80	0	0	592	P1-33-9	0	-
447	64.436198	64.496094	Bb2	62	80	0	0	592	P1-33-18	0	-
448	64.632812	64.667969	C5	89	80	0	0	594	P1-34-1	0	-
449	64.850260	65.027344	Eb4	85	80	0	0	596	P1-34-2	0	-
450	65.065104	65.197917	F3	69	80	0	0	598	P1-34-12	0	-
451	65.066406	65.204427	D4	71	80	0	0	598	P1-34-3	0	-
452	65.269531	65.315104	Bb4	71	80	0	0	600	P1-34-4	0	-
453	65.276042	65.713542	G2	66	80	0	0	600	P1-34-13	0	-
454	65.503906	65.678385	Db4	74	80	0	0	602	P1-34-5	0	-
455	65.712240	65.851562	C4	71	80	0	0	604	P1-34-6	0	-
456	65.721354	65.852865	Eb3	56	80	0	0	604	P1-34-14	0	-
457	65.919271	66.069010	Ab4	70	80	0	0	606	P1-34-7	0	-
458	65.930990	66.549479	F2	62	80	0	0	606	P1-34-15	0	-
459	66.135417	66.343750	Cb4	75	80	0	0	608	P1-34-8	0	-
460	66.333333	66.476562	Bb3	71	80	0	0	610	P1-34-9	0	-
461	66.354167	66.462240	D3	60	80	0	0	610	P1-34-16	0	-
462	66.565104	66.876302	Eb2	61	80	0	0	612	P1-35-10	0	-
463	66.782552	67.044271	G4	80	80	0	0	614	P1-35-2	0	-
464	66.992188	67.123698	F4	74	80	0	0	616	P1-35-3	0	-
465	67.207031	67.255208	G4	77	80	0	0	618	P1-35-4	0	-
466	67.424479	67.618490	Eb4	83	80	0	0	620	P1-35-5	0	-
467	67.424479	67.514323	G3	77	80	0	0	620	P1-35-14	0	-
468	67.625000	67.734375	D4	72	80	0	0	622	P1-35-6	0	-
469	67.625000	67.713542	F3	68	80	0	0	622	P1-35-15	0	-
470	67.829427	67.875000	Eb4	78	80	0	0	624	P1-35-7	0	-
471	67.829427	67.880208	G3	71	80	0	0	624	P1-35-16	0	-
472	68.029948	68.085938	Bb3	74	80	0	0	626	P1-35-17	0	-
473	68.032552	68.092448	G4	82	80	0	0	626	P1-35-8	0	-
474	68.238281	68.285156	Bb4	71	80	0	0	628	P1-35-9	0	-
475	68.240885	68.289062	Db4	66	80	0	0	628	P1-35-18	0	-
476	68.444010	68.485677	Db5	73	80	0	0	630	P1-36-1	0	-
477	68.445312	68.493490	Eb3	57	80	0	0	630	P1-36-10	0	-
478	68.649740	68.843750	Bb4	81	80	0	0	632	P1-36-2	0	-
479	68.664062	68.787760	G3	76	80	0	0	632	P1-36-11	0	-
480	68.845052	69.239583	Ab4	83	80	0	0	634	P1-36-3	0	-
481	68.856771	68.968750	F3	69	80	0	0	634	P1-36-12	0	-
482	69.062500	69.135417	Bb4	80	80	0	0	636	P1-36-4	0	-
483	69.063802	69.110677	G3	73	80	0	0	636	P1-36-13	0	-
484	69.283854	69.407552	Bb3	87	80	0	0	638	P1-36-14	0	-
485	69.283854	69.484375	G4	88	80	0	0	638	P1-36-5	0	-
486	69.475260	69.554688	F4	74	80	0	0	640	P1-36-6	0	-
487	69.475260	69.540365	Ab3	73	80	0	0	640	P1-36-15	0	-
488	69.684896	69.743490	Bb3	80	80	0	0	642	P1-36-16	0	-
489	69.688802	69.752604	G4	75	80	0	0	642	P1-36-7	0	-
490	69.895833	69.953125	Bb4	85	80	0	0	644	P1-36-8	0	-
491	69.895833	69.937500	G3	72	80	0	0	644	P1-36-17	0	-
492	70.095052	70.141927	Db5	77	80	0	0	646	P1-36-9	0	-
493	70.096354	70.143229	Eb3	67	80	0	0	646	P1-36-18	0	-
494	70.315104	70.354167	F5	87	80	0	0	648	P1-37-1	0	-
495	70.528646	70.691406	Ab4	74	80	0	0	650	P1-37-2	0	-
496	70.723958	70.873698	Bb3	73	80	0	0	652	P1-37-12	0	-
497	70.725260	70.869792	G4	67	80	0	0	652	P1-37-3	0	-
498	70.944010	71.368490	C3	67	80	0	0	654	P1-37-13	0	-
499	70.944010	70.986979	Eb5	79	80	0	0	654	P1-37-4	0	-
500	71.153646	71.364583	Gb4	74	80	0	0	656	P1-37-5	0	-
501	71.361979	71.565104	F4	76	80	0	0	658	P1-37-6	0	-
502	71.363281	71.526042	Ab3	67	80	0	0	658	P1-37-14	0	-
503	71.575521	71.613281	Db5	70	80	0	0	660	P1-37-7	0	-
504	71.579427	72.003906	Bb2	61	80	0	0	660	P1-37-15	0	-
505	71.792969	72.179688	Fb4	73	80	0	0	662	P1-37-8	0	-
506	71.993490	72.033854	Eb4	72	80	0	0	664	P1-37-9	0	-
507	71.994792	72.079427	G3	57	80	0	0	664	P1-37-16	0	-
508	72.222656	72.502604	Ab2	63	80	0	0	666	P1-38-10	0	-
509	72.430990	72.703125	C5	77	80	0	0	668	P1-38-2	0	-
510	72.651042	72.813802	Bb4	71	80	0	0	670	P1-38-3	0	-
511	72.856771	72.914062	C5	79	80	0	0	672	P1-38-4	0	-
512	73.067708	73.175781	Ab4	87	80	0	0	674	P1-38-5	0	-
513	73.072917	73.141927	C4	69	80	0	0	674	P1-38-13	0	-
514	73.264323	73.334635	Bb3	77	80	0	0	676	P1-38-14	0	-
515	73.264323	73.376302	G4	69	80	0	0	676	P1-38-6	0	-
516	73.468750	73.523438	Ab4	82	80	0	0	678	P1-38-7	0	-
517	73.493490	73.589844	C4	73	80	0	0	678	P1-38-15	0	-
518	73.688802	73.734375	C5	84	80	0	0	680	P1-38-8	0	-
519	73.884115	73.933594	Eb5	83	80	0	0	682	P1-38-9	0	-
520	74.109375	74.153646	G5	76	80	0	0	684	P1-39-1	0	-
521	74.321615	74.503906	Bb4	73	80	0	0	686	P1-39-2	0	-
522	74.520833	74.750000	A4	76	80	0	0	688	P1-39-3	0	-
523	74.527344	74.582031	C3	67	80	0	0	688	P1-39-12	0	-
524	74.734375	75.153646	D4	83	80	0	0	690	P1-39-13	0	-
525	74.734375	74.774740	F5	81	80	0	0	690	P1-39-4	0	-
526	74.954427	75.135417	Ab4	75	80	0	0	692	P1-39-5	0	-
527	75.134115	75.194010	Bb2	74	80	0	0	694	P1-39-14	0	-
528	75.135417	75.303385	G4	69	80	0	0	694	P1-39-6	0	-
529	75.355469	75.398438	Eb5	79	80	0	0	696	P1-39-7	0	-
530	75.356771	75.580729	C4	70	80	0	0	696	P1-39-15	0	-
531	75.572917	75.735677	Gb4	82	80	0	0	698	P1-39-8	0	-
532	75.785156	75.834635	F4	74	80	0	0	700	P1-39-9	0	-
533	75.790365	75.891927	A2	69	80	0	0	700	P1-39-16	0	-
534	76.005208	76.350260	Bb2	79	80	0	0	702	P1-40-10	0	-
535	76.233073	76.490885	D5	88	80	0	0	704	P1-40-2	0	-
536	76.442708	76.578125	C5	82	80	0	0	706	P1-40-3	0	-
537	76.652344	76.714844	D5	85	80	0	0	708	P1-40-4	0	-
538	76.867188	77.088542	Bb4	84	80	0	0	710	P1-40-5	0	-
539	76.882812	76.923177	D4	78	80	0	0	710	P1-40-13	0	-
540	77.071615	77.174479	A4	77	80	0	0	712	P1-40-6	0	-
541	77.071615	77.141927	C4	77	80	0	0	712	P1-40-14	0	-
542	77.283854	77.330729	Bb4	84	80	0	0	714	P1-40-7	0	-
543	77.286458	77.326823	D4	79	80	0	0	714	P1-40-15	0	-
544	77.488281	77.545573	D5	88	80	0	0	716	P1-40-8	0	-
545	77.695312	77.744792	F5	91	80	0	0	718	P1-40-9	0	-
546	77.901042	77.954427	Ab5	87	80	0	0	720	P1-41-1	0	-
547	78.121094	78.278646	C5	84	80	0	0	722	P1-41-2	0	-
548	78.313802	78.355469	D3	70	80	0	0	724	P1-41-12	0	-
549	78.316406	78.488281	B4	77	80	0	0	724	P1-41-3	0	-
550	78.532552	78.574219	G5	78	80	0	0	726	P1-41-4	0	-
551	78.539062	79.049479	Eb4	77	80	0	0	726	P1-41-13	0	-
552	78.751302	78.989583	Bb4	75	80	0	0	728	P1-41-5	0	-
553	78.945312	78.997396	C3	67	80	0	0	730	P1-41-14	0	-
554	78.945312	79.091146	A4	74	80	0	0	730	P1-41-6	0	-
555	79.151042	79.479167	F5	77	80	0	0	732	P1-41-7	0	-
556	79.174479	79.494792	D4	77	80	0	0	732	P1-41-15	0	-
557	79.377604	79.529948	Ab4	74	80	0	0	734	P1-41-8	0	-
558	79.574219	79.683594	B2	66	80	0	0	736	P1-41-16	0	-
559	79.575521	79.652344	G4	66	80	0	0	736	P1-41-9	0	-
560	79.794271	80.053385	C3	70	80	0	0	738	P1-42-10	0	-
561	80.039062	80.264323	Eb5	82	80	0	0	740	P1-42-2	0	-
562	80.231771	80.415365	D5	76	80	0	0	742	P1-42-3	0	-
563	80.442708	80.533854	Eb5	74	80	0	0	744	P1-42-4	0	-
564	80.665365	80.863281	C5	85	80	0	0	746	P1-42-5	0	-
565	80.669271	80.733073	Eb4	69	80	0	0	746	P1-42-13	0	-
566	80.867188	80.958333	B4	81	80	0	0	748	P1-42-6	0	-
567	80.872396	80.933594	D4	64	80	0	0	748	P1-42-14	0	-
568	81.074219	81.136719	C5	79	80	0	0	750	P1-42-7	0	-
569	81.074219	81.132812	Eb4	69	80	0	0	750	P1-42-15	0	-
570	81.283854	81.322917	Eb5	85	80	0	0	752	P1-42-8	0	-
571	81.493490	81.535156	G5	85	80	0	0	754	P1-42-9	0	-
572	81.714844	82.179688	C6	79	80	0	0	756	P1-43-1	0	-
573	81.930990	82.085938	Ab4	81	80	0	0	758	P1-43-10	0	-
574	82.132812	82.345052	B5	81	80	0	0	760	P1-43-2	0	-
575	82.140625	82.214844	G4	66	80	0	0	760	P1-43-11	0	-
576	82.341146	82.438802	C6	76	80	0	0	762	P1-43-3	0	-
577	82.342448	82.468750	Ab4	69	80	0	0	762	P1-43-12	0	-
578	82.536458	82.601562	G5	84	80	0	0	764	P1-43-4	0	-
579	82.541667	82.651042	Eb4	62	80	0	0	764	P1-43-13	0	-
580	82.740885	82.785156	Ab5	80	80	0	0	766	P1-43-5	0	-
581	82.742188	82.800781	C4	57	80	0	0	766	P1-43-14	0	-
582	82.944010	83.019531	G4	64	80	0	0	768	P1-43-15	0	-
583	83.149740	83.213542	F#5	82	80	0	0	770	P1-43-7	0	-
584	83.151042	83.214844	D4	62	80	0	0	770	P1-43-16	0	-
585	83.345052	83.412760	Bb3	69	80	0	0	772	P1-43-17	0	-
586	83.345052	83.406250	G5	78	80	0	0	772	P1-43-8	0	-
587	83.579427	84.000000	C6	73	80	0	0	774	P1-44-1	0	-
588	83.587240	83.925781	F#4	63	80	0	0	774	P1-44-9	0	-
589	83.789062	83.959635	C4	60	80	0	0	776	P1-44-10	0	-
590	83.972656	84.036458	A3	63	80	0	0	778	P1-44-11	0	-
591	83.973958	84.027344	F#5	88	80	0	0	778	P1-44-2	0	-
592	84.183594	84.240885	G5	78	80	0	0	780	P1-44-3	0	-
593	84.192708	84.425781	Eb4	61	80	0	0	780	P1-44-12	0	-
594	84.380208	84.516927	Bb3	66	80	0	0	782	P1-44-13	0	-
595	84.384115	84.444010	D5	74	80	0	0	782	P1-44-4	0	-
596	84.561198	84.657552	G3	69	80	0	0	784	P1-44-14	0	-
597	84.583333	84.625000	Eb5	79	80	0	0	784	P1-44-5	0	-
598	84.787760	84.799479	D5	60	80	0	0	786	*	3	-
599	84.795573	84.872396	D4	60	80	0	0	786	P1-44-15	0	-
600	84.990885	85.188802	A3	56	80	0	0	788	P1-44-16	0	-
601	84.996094	85.123698	C#5	75	80	0	0	788	P1-44-7	0	-
602	85.204427	85.279948	F#3	63	80	0	0	790	P1-44-17	0	-
603	85.204427	85.315104	D5	72	80	0	0	790	P1-44-8	0	-
604	85.411458	85.496094	Bb5	82	80	0	0	792	P1-45-1	0	-
605	85.436198	85.481771	G3	61	80	0	0	792	P1-45-10	0	-
606	85.617188	85.654948	G5	80	80	0	0	794	P1-45-2	0	-
607	85.826823	85.865885	D5	73	80	0	0	796	P1-45-3	0	-
608	86.035156	86.084635	C3	56	80	0	0	798	P1-45-13	0	-
609	86.036458	86.084635	Eb5	73	80	0	0	798	P1-45-4	0	-
610	86.233073	86.277344	G5	70	80	0	0	800	P1-45-5	0	-
611	86.445312	86.479167	C6	53	80	0	0	802	P1-45-6	0	-
612	86.653646	86.697917	Bb5	73	80	0	0	804	P1-45-7	0	-
613	86.653646	86.704427	C#3	57	80	0	0	804	P1-45-16	0	-
614	86.843750	86.893229	A5	76	80	0	0	806	P1-45-8	0	-
615	87.045573	87.087240	G5	74	80	0	0	808	P1-45-9	0	-
616	87.264323	87.404948	F#5	79	80	0	0	810	P1-46-1	0	-
617	87.286458	87.535156	D3	52	80	0	0	810	P1-46-11	0	-
618	87.289062	87.299479	A4	51	80	0	0	810	*	3	-
619	87.381510	87.475260	G5	82	80	0	0	811	P1-46-2	0	-
620	87.451823	87.526042	A5	78	80	0	0	812	P1-46-3	0	-
621	87.664062	87.704427	D5	72	80	0	0	814	P1-46-4	0	-
622	87.884115	88.104167	Eb5	81	80	0	0	816	P1-46-5	0	-
623	88.071615	88.119792	D5	67	80	0	0	818	P1-46-6	0	-
624	88.287760	88.334635	C5	68	80	0	0	820	P1-46-7	0	-
625	88.294271	88.342448	D2	57	80	0	0	820	P1-46-16	0	-
626	88.494792	88.683594	Bb4	75	80	0	0	822	P1-46-8	0	-
627	88.520833	88.606771	E2	56	80	0	0	822	P1-46-17	0	-
628	88.694010	88.743490	C5	63	80	0	0	824	P1-46-9	0	-
629	88.903646	88.963542	F#2	59	80	0	0	826	P1-46-18	0	-
630	88.904948	88.963542	A4	58	80	0	0	826	P1-46-10	0	-
631	89.114583	89.162760	G2	61	80	0	0	828	P1-47-10	0	-
632	89.117188	89.282552	Bb4	74	80	0	0	828	P1-47-1	0	-
633	89.333333	89.397135	D5	80	80	0	0	830	P1-47-2	0	-
634	89.542969	89.592448	G5	75	80	0	0	832	P1-47-3	0	-
635	89.772135	90.009115	Bb5	82	80	0	0	834	P1-47-4	0	-
636	89.785156	89.848958	G3	58	80	0	0	834	P1-47-13	0	-
637	89.975260	90.053385	A5	77	80	0	0	836	P1-47-5	0	-
638	90.183594	90.229167	G5	75	80	0	0	838	P1-47-6	0	-
639	90.406250	90.454427	F3	61	80	0	0	840	P1-47-16	0	-
640	90.621094	90.687500	Bb4	75	80	0	0	842	P1-47-8	0	-
641	90.822917	90.897135	G5	76	80	0	0	844	P1-47-9	0	-
642	91.044271	91.235677	C5	80	80	0	0	846	P1-48-1	0	-
643	91.046875	91.104167	Eb3	63	80	0	0	846	P1-48-10	0	-
644	91.244792	91.316406	Eb5	78	80	0	0	848	P1-48-2	0	-
645	91.446615	91.485677	G5	76	80	0	0	850	P1-48-3	0	-
646	91.667969	91.713542	Eb2	61	80	0	0	852	P1-48-13	0	-
647	91.674479	91.803385	Bb5	77	80	0	0	852	P1-48-4	0	-
648	91.867188	91.973958	A5	80	80	0	0	854	P1-48-5	0	-
649	92.082031	92.126302	G5	74	80	0	0	856	P1-48-6	0	-
650	92.292969	92.342448	Bb2	75	80	0	0	858	P1-48-16	0	-
651	92.505208	92.545573	D5	81	80	0	0	860	P1-48-8	0	-
652	92.709635	92.753906	G5	85	80	0	0	862	P1-48-9	0	-
653	92.923177	93.199219	Eb5	79	80	0	0	864	P1-49-1	0	-
654	92.925781	92.981771	C3	59	80	0	0	864	P1-49-10	0	-
655	93.143229	93.214844	F#5	74	80	0	0	866	P1-49-2	0	-
656	93.360677	93.404948	G5	77	80	0	0	868	P1-49-3	0	-
657	93.571615	93.774740	Bb4	76	80	0	0	870	P1-49-4	0	-
658	93.572917	93.628906	C#3	65	80	0	0	870	P1-49-13	0	-
659	93.777344	93.842448	A4	74	80	0	0	872	P1-49-5	0	-
660	93.989583	94.035156	G4	77	80	0	0	874	P1-49-6	0	-
661	94.197917	94.243490	D3	67	80	0	0	876	P1-49-16	0	-
662	94.415365	94.455729	C5	75	80	0	0	878	P1-49-8	0	-
663	94.618490	94.660156	F#4	73	80	0	0	880	P1-49-9	0	-
664	94.843750	94.903646	G4	61	80	0	0	882	P1-50-1	0	-
665	94.845052	95.602865	G2	56	80	0	0	882	P1-50-8	0	-
666	95.046875	95.093750	Bb4	71	80	0	0	884	P1-50-2	0	-
667	95.264323	95.295573	D5	82	80	0	0	886	P1-50-3	0	-
668	95.473958	95.515625	G5	75	80	0	0	888	P1-50-4	0	-
669	95.683594	95.820312	Bb2	66	80	0	0	890	P1-50-10	0	-
670	95.882812	95.925781	D3	67	80	0	0	892	P1-50-11	0	-
671	96.071615	96.113281	Bb4	68	80	0	0	894	P1-50-7	0	-
672	96.125000	96.173177	F3	67	80	0	0	894	P1-50-12	0	-
673	96.134115	96.204427	A4	68	80	0	0	894	*	3	-
674	96.223958	96.997396	Bb4	70	80	0	0	894	*	3	-
675	96.300781	96.335938	E3	64	80	0	0	896	P1-50-13	0	-
676	96.502604	96.545573	D3	56	80	0	0	898	P1-50-14	0	-
677	96.729167	96.789062	E3	60	80	0	0	900	P1-51-9	0	-
678	96.963542	97.135417	Db5	70	80	0	0	902	P1-51-2	0	-
679	97.162760	97.266927	C5	68	80	0	0	904	P1-51-3	0	-
680	97.388021	97.432292	Db5	70	80	0	0	906	P1-51-4	0	-
681	97.598958	97.644531	Bb4	68	80	0	0	908	P1-51-5	0	-
682	97.807292	97.845052	G4	63	80	0	0	910	P1-51-6	0	-
683	98.014323	98.054688	E4	69	80	0	0	912	P1-51-7	0	-
684	98.223958	98.265625	G3	58	80	0	0	914	P1-51-14	0	-
685	98.424479	99.139323	Bb4	55	80	0	0	916	P1-51-8	0	-
686	98.447917	98.658854	C3	42	80	0	0	916	P1-51-15	0	-
687	98.692708	99.346354	F3	49	80	0	0	918	P1-52-15	0	-
688	98.897135	99.114583	Ab4	65	80	0	0	920	P1-52-2	0	-
689	99.108073	99.199219	G4	64	80	0	0	922	P1-52-3	0	-
690	99.322917	100.309896	Ab4	80	80	0	0	924	P1-52-9	0	-
691	99.523438	99.989583	C5	70	80	0	0	926	P1-52-14	0	-
692	99.746094	100.119792	F5	72	80	0	0	928	P1-52-6	0	-
693	99.958333	100.519531	Ab5	77	80	0	0	930	P1-52-7	0	-
694	100.161458	100.404948	C3	68	80	0	0	932	P1-52-19	0	-
695	100.373698	100.591146	Eb3	69	80	0	0	934	P1-52-20	0	-
696	100.592448	100.803385	D3	73	80	0	0	936	P1-53-9	0	-
697	100.809896	101.001302	Ab5	88	80	0	0	938	P1-53-2	0	-
698	101.010417	101.085938	G5	76	80	0	0	940	P1-53-3	0	-
699	101.214844	101.299479	Ab5	82	80	0	0	942	P1-53-4	0	-
700	101.425781	101.467448	F5	83	80	0	0	944	P1-53-5	0	-
701	101.634115	101.677083	D5	74	80	0	0	946	P1-53-6	0	-
702	101.837240	101.898438	Bb4	77	80	0	0	948	P1-53-7	0	-
703	102.058594	102.096354	D4	57	80	0	0	950	P1-53-14	0	-
704	102.286458	102.789062	Ab5	73	80	0	0	952	P1-53-8	0	-
705	102.292969	102.350260	Bb3	57	80	0	0	952	P1-53-15	0	-
706	102.533854	102.794271	Eb4	62	80	0	0	954	P1-54-10	0	-
707	102.756510	102.994792	G5	79	80	0	0	956	P1-54-2	0	-
708	102.963542	103.222656	F5	76	80	0	0	958	P1-54-3	0	-
709	103.175781	103.324219	G5	77	80	0	0	960	P1-54-4	0	-
710	103.394531	103.473958	Eb5	75	80	0	0	962	P1-54-5	0	-
711	103.585938	103.635417	Bb4	67	80	0	0	964	P1-54-6	0	-
712	103.796875	103.854167	G4	71	80	0	0	966	P1-54-7	0	-
713	103.997396	104.044271	D5	59	80	0	0	968	*	3	-
714	104.003906	104.045573	G3	60	80	0	0	968	P1-54-14	0	-
715	104.005208	104.052083	Bb4	60	80	0	0	968	P1-54-8	0	-
716	104.229167	104.523438	Db5	72	80	0	0	970	P1-54-9	0	-
717	104.231771	104.285156	Eb3	55	80	0	0	970	P1-54-15	0	-
718	104.434896	104.503906	Ab3	58	80	0	0	972	P1-55-10	0	-
719	104.638021	104.716146	C5	76	80	0	0	974	P1-55-2	0	-
720	104.644531	104.714844	Eb3	63	80	0	0	974	P1-55-11	0	-
721	104.843750	104.953125	Bb4	73	80	0	0	976	P1-55-3	0	-
722	104.846354	104.904948	Db3	61	80	0	0	976	P1-55-12	0	-
723	105.045573	105.123698	Ab4	82	80	0	0	978	P1-55-4	0	-
724	105.046875	105.095052	C3	60	80	0	0	978	P1-55-13	0	-
725	105.247396	105.449219	G4	80	80	0	0	980	P1-55-5	0	-
726	105.263021	105.328125	Bb2	65	80	0	0	980	P1-55-14	0	-
727	105.472656	105.942708	F4	83	80	0	0	982	P1-55-6	0	-
728	105.472656	105.533854	Ab2	69	80	0	0	982	P1-55-15	0	-
729	105.662760	105.714844	G2	78	80	0	0	984	P1-55-16	0	-
730	105.875000	105.953125	Eb4	79	80	0	0	986	P1-55-8	0	-
731	105.876302	105.938802	C3	71	80	0	0	986	P1-55-17	0	-
732	106.097656	106.153646	Bb2	74	80	0	0	988	P1-55-18	0	-
733	106.100260	106.565104	Gb4	85	80	0	0	988	P1-55-9	0	-
734	106.290365	106.351562	A2	82	80	0	0	990	P1-56-11	0	-
735	106.515625	106.740885	F4	74	80	0	0	992	P1-56-2	0	-
736	106.515625	106.611979	Bb2	78	80	0	0	992	P1-56-12	0	-
737	106.634115	106.729167	A2	72	80	0	0	993	P1-56-13	0	-
738	106.718750	106.854167	G2	78	80	0	0	994	P1-56-14	0	-
739	106.721354	106.868490	Eb4	79	80	0	0	994	P1-56-3	0	-
740	106.847656	106.942708	A2	72	80	0	0	995	P1-56-15	0	-
741	106.945312	107.075521	D4	84	80	0	0	996	P1-56-4	0	-
742	106.947917	107.143229	Bb2	71	80	0	0	996	P1-56-16	0	-
743	107.156250	107.213542	C4	76	80	0	0	998	P1-56-5	0	-
744	107.364583	107.399740	Bb3	79	80	0	0	1000	P1-56-6	0	-
745	107.567708	107.627604	Ab3	78	80	0	0	1002	P1-56-7	0	-
746	107.778646	107.822917	G3	77	80	0	0	1004	P1-56-8	0	-
747	107.984375	108.032552	F3	74	80	0	0	1006	P1-56-9	0	-
748	108.212240	108.583333	G3	74	80	0	0	1008	P1-57-8	0	-
749	108.223958	108.571615	Bb2	56	80	0	0	1008	P1-57-15	0	-
750	108.437500	108.583333	Eb4	75	80	0	0	1010	P1-57-2	0	-
751	108.634115	108.708333	D4	76	80	0	0	1012	P1-57-3	0	-
752	108.855469	108.912760	Eb4	80	80	0	0	1014	P1-57-4	0	-
753	109.054688	109.098958	Bb3	87	80	0	0	1016	P1-57-5	0	-
754	109.269531	109.319010	Ab3	75	80	0	0	1018	P1-57-6	0	-
755	109.472656	109.515625	G3	85	80	0	0	1020	P1-57-12	0	-
756	109.684896	109.723958	F3	81	80	0	0	1022	P1-57-13	0	-
757	109.688802	109.699219	Bb2	64	80	0	0	1022	*	3	-
758	109.891927	109.933594	Eb3	81	80	0	0	1024	P1-57-14	0	-
759	110.119792	110.493490	D3	83	80	0	0	1026	P1-58-8	0	-
760	110.132812	110.494792	Bb2	65	80	0	0	1026	P1-58-15	0	-
761	110.346354	110.563802	F4	83	80	0	0	1028	P1-58-2	0	-
762	110.557292	110.656250	Eb4	88	80	0	0	1030	P1-58-3	0	-
763	110.769531	110.835938	F4	83	80	0	0	1032	P1-58-4	0	-
764	110.975260	111.015625	D4	86	80	0	0	1034	P1-58-5	0	-
765	111.182292	111.239583	Bb3	86	80	0	0	1036	P1-58-6	0	-
766	111.384115	111.453125	Ab3	87	80	0	0	1038	P1-58-12	0	-
767	111.606771	111.665365	G3	88	80	0	0	1040	P1-58-13	0	-
768	111.830729	111.873698	F3	79	80	0	0	1042	P1-58-14	0	-
769	112.053385	112.519531	Eb3	80	80	0	0	1044	P1-59-8	0	-
770	112.053385	112.510417	Bb2	74	80	0	0	1044	P1-59-15	0	-
771	112.291667	112.544271	G4	88	80	0	0	1046	P1-59-2	0	-
772	112.494792	112.593750	F4	83	80	0	0	1048	P1-59-3	0	-
773	112.714844	112.769531	G4	90	80	0	0	1050	P1-59-4	0	-
774	112.923177	112.981771	Eb4	89	80	0	0	1052	P1-59-5	0	-
775	113.126302	113.188802	C4	80	80	0	0	1054	P1-59-6	0	-
776	113.345052	113.416667	Bb3	92	80	0	0	1056	P1-59-12	0	-
777	113.552083	113.604167	Ab3	82	80	0	0	1058	P1-59-13	0	-
778	113.778646	113.842448	G3	89	80	0	0	1060	P1-59-14	0	-
779	114.018229	114.542969	F3	82	80	0	0	1062	P1-60-8	0	-
780	114.022135	114.542969	D3	82	80	0	0	1062	P1-60-16	0	-
781	114.023438	114.541667	Bb2	80	80	0	0	1062	P1-60-15	0	-
782	114.246094	114.397135	Ab4	86	80	0	0	1064	P1-60-2	0	-
783	114.459635	114.528646	G4	85	80	0	0	1066	P1-60-3	0	-
784	114.682292	114.765625	Ab4	91	80	0	0	1068	P1-60-4	0	-
785	114.891927	114.979167	F4	83	80	0	0	1070	P1-60-5	0	-
786	115.093750	115.147135	D4	84	80	0	0	1072	P1-60-6	0	-
787	115.303385	115.361979	C4	77	80	0	0	1074	P1-60-12	0	-
788	115.523438	115.566406	Bb3	82	80	0	0	1076	P1-60-13	0	-
789	115.722656	115.785156	Ab3	82	80	0	0	1078	P1-60-14	0	-
790	115.950521	116.011719	G3	87	80	0	0	1080	P1-61-11	0	-
791	115.963542	116.779948	Bb4	79	80	0	0	1080	P1-61-1	0	-
792	115.967448	116.598958	Eb4	79	80	0	0	1080	P1-61-6	0	-
793	116.214844	116.453125	Bb3	96	80	0	0	1082	P1-61-12	0	-
794	116.423177	116.554688	Ab3	81	80	0	0	1084	P1-61-13	0	-
795	116.638021	116.722656	Bb3	93	80	0	0	1086	P1-61-14	0	-
796	116.851562	116.901042	G3	83	80	0	0	1088	P1-61-15	0	-
797	117.065104	117.104167	Eb3	70	80	0	0	1090	P1-61-16	0	-
798	117.309896	117.488281	Bb2	77	80	0	0	1092	P1-61-17	0	-
799	117.513021	117.694010	G4	81	80	0	0	1094	P1-61-10	0	-
800	117.731771	117.802083	Eb5	76	80	0	0	1096	P1-61-5	0	-
801	117.942708	118.218750	Eb5	83	80	0	0	1098	P1-62-9	0	-
802	117.964844	118.329427	F4	70	80	0	0	1098	P1-62-7	0	-
803	118.161458	118.509115	D5	78	80	0	0	1100	P1-62-10	0	-
804	118.164062	118.289062	Bb3	80	80	0	0	1100	P1-62-12	0	-
805	118.373698	118.459635	A3	78	80	0	0	1102	P1-62-13	0	-
806	118.597656	118.648438	Bb3	85	80	0	0	1104	P1-62-14	0	-
807	118.794271	118.838542	F3	77	80	0	0	1106	P1-62-15	0	-
808	119.022135	119.059896	D3	78	80	0	0	1108	P1-62-16	0	-
809	119.263021	119.407552	Bb2	69	80	0	0	1110	P1-62-17	0	-
810	119.485677	119.532552	F4	72	80	0	0	1112	P1-62-5	0	-
811	119.691406	119.738281	G4	74	80	0	0	1114	P1-62-6	0	-
812	119.895833	119.963542	Ab4	78	80	0	0	1116	P1-63-1	0	-
813	120.115885	120.173177	C4	73	80	0	0	1118	P1-63-2	0	-
814	120.319010	120.363281	Eb4	79	80	0	0	1120	P1-63-3	0	-
815	120.335938	120.399740	G3	57	80	0	0	1120	P1-63-12	0	-
816	120.539062	120.768229	D4	81	80	0	0	1122	P1-63-4	0	-
817	120.571615	120.902344	F3	54	80	0	0	1122	P1-63-13	0	-
818	120.748698	120.796875	F4	64	80	0	0	1124	P1-63-5	0	-
819	120.976562	121.023438	Bb4	64	80	0	0	1126	P1-63-6	0	-
820	120.979167	121.016927	Eb3	61	80	0	0	1126	P1-63-14	0	-
821	121.205729	121.415365	Bb3	74	80	0	0	1128	P1-63-7	0	-
822	121.210938	121.455729	D3	61	80	0	0	1128	P1-63-15	0	-
823	121.407552	121.493490	F4	62	80	0	0	1130	P1-63-8	0	-
824	121.615885	121.662760	Ab4	81	80	0	0	1132	P1-63-9	0	-
825	121.623698	121.677083	Bb2	67	80	0	0	1132	P1-63-16	0	-
826	121.845052	122.088542	G4	82	80	0	0	1134	P1-64-1	0	-
827	121.876302	122.098958	Eb2	59	80	0	0	1134	P1-64-10	0	-
828	121.876302	122.059896	Bb3	57	80	0	0	1136	*	3	-
829	122.070312	122.145833	Bb3	73	80	0	0	1136	P1-64-2	0	-
830	122.273438	122.320312	Db4	79	80	0	0	1138	P1-64-3	0	-
831	122.287760	122.328125	F3	71	80	0	0	1138	P1-64-11	0	-
832	122.303385	122.342448	F4	65	80	0	0	1138	*	3	-
833	122.505208	122.899740	C4	76	80	0	0	1140	P1-64-4	0	-
834	122.515625	122.709635	Eb3	59	80	0	0	1140	P1-64-12	0	-
835	122.713542	122.776042	Eb4	73	80	0	0	1142	P1-64-5	0	-
836	122.722656	122.904948	Eb3	58	80	0	0	1142	*	3	-
837	122.924479	122.966146	Ab4	77	80	0	0	1144	P1-64-6	0	-
838	122.933594	122.964844	Db3	67	80	0	0	1144	P1-64-13	0	-
839	122.937500	122.989583	C4	61	80	0	0	1144	*	3	-
840	123.147135	123.285156	Ab3	84	80	0	0	1146	P1-64-7	0	-
841	123.153646	123.509115	C3	66	80	0	0	1146	P1-64-14	0	-
842	123.365885	123.462240	Eb4	75	80	0	0	1148	P1-64-8	0	-
843	123.593750	123.636719	G4	83	80	0	0	1150	P1-64-9	0	-
844	123.602865	123.649740	Ab2	65	80	0	0	1150	P1-64-15	0	-
845	123.817708	124.459635	F4	87	80	0	0	1152	P1-65-1	0	-
846	123.837240	124.059896	D3	64	80	0	0	1152	*	3	-
847	123.838542	124.119792	D2	67	80	0	0	1152	P1-65-10	0	-
848	124.028646	124.154948	Ab3	73	80	0	0	1154	P1-65-2	0	-
849	124.240885	124.291667	C4	78	80	0	0	1156	P1-65-3	0	-
850	124.242188	124.294271	Eb3	69	80	0	0	1156	P1-65-11	0	-
851	124.473958	124.739583	Bb3	88	80	0	0	1158	P1-65-4	0	-
852	124.475260	124.735677	D3	80	80	0	0	1158	P1-65-12	0	-
853	124.694010	124.755208	D4	77	80	0	0	1160	P1-65-5	0	-
854	124.903646	124.964844	G4	79	80	0	0	1162	P1-65-6	0	-
855	124.927083	125.009115	C3	70	80	0	0	1162	P1-65-13	0	-
856	125.127604	125.514323	Bb2	76	80	0	0	1164	P1-65-14	0	-
857	125.130208	125.242188	G3	90	80	0	0	1164	P1-65-7	0	-
858	125.328125	125.414062	D4	80	80	0	0	1166	P1-65-8	0	-
859	125.545573	125.587240	G2	67	80	0	0	1168	P1-65-15	0	-
860	125.550781	125.597656	F4	82	80	0	0	1168	P1-65-9	0	-
861	125.773438	126.084635	Eb4	91	80	0	0	1170	P1-66-1	0	-
862	125.773438	126.139323	C2	71	80	0	0	1170	P1-66-10	0	-
863	125.994792	126.087240	G3	79	80	0	0	1172	P1-66-2	0	-
864	126.204427	126.266927	Bb3	88	80	0	0	1174	P1-66-3	0	-
865	126.213542	126.264323	D3	78	80	0	0	1174	P1-66-11	1	-
866	126.436198	126.545573	Ab3	86	80	0	0	1176	P1-66-4	0	-
867	126.436198	126.908854	C3	88	80	0	0	1176	P1-66-12	0	-
868	126.656250	126.755208	C4	71	80	0	0	1178	P1-66-5	0	-
869	126.865885	126.923177	F4	80	80	0	0	1180	P1-66-6	0	-
870	126.873698	126.937500	Bb2	80	80	0	0	1180	P1-66-13	0	-
871	127.092448	127.184896	F3	87	80	0	0	1182	P1-66-7	0	-
872	127.093750	127.371094	Ab2	83	80	0	0	1182	P1-66-14	0	-
873	127.294271	127.372396	C4	77	80	0	0	1184	P1-66-8	0	-
874	127.511719	127.555990	Eb4	88	80	0	0	1186	P1-66-9	0	-
875	127.520833	127.561198	G2	67	80	0	0	1186	P1-66-15	0	-
876	127.755208	128.199219	D4	85	80	0	0	1188	P1-67-2	0	-
877	127.766927	128.269531	Bb3	85	80	0	0	1188	P1-67-1	0	-
878	127.772135	128.309896	F3	73	80	0	0	1188	P1-67-15	0	-
879	127.782552	128.279948	Ab2	78	80	0	0	1188	P1-67-24	0	-
880	128.815104	128.856771	Ab5	83	80	0	0	1198	P1-67-6	0	-
881	128.820312	128.860677	D3	83	80	0	0	1198	P1-67-18	0	-
882	128.824219	128.889323	Bb4	76	80	0	0	1198	P1-67-12	0	-
883	129.050781	130.009115	G5	85	80	0	0	1200	P1-67-8	0	-
884	129.057292	129.378906	Eb3	77	80	0	0	1200	P1-67-19	0	-
885	129.059896	129.539062	Eb5	71	80	0	0	1200	P1-67-7	0	-
886	129.063802	129.859375	Bb4	71	80	0	0	1200	P1-67-13	0	-
887	129.335938	129.455729	F3	82	80	0	0	1202	P1-67-20	0	-
888	129.459635	129.522135	G3	79	80	0	0	1203	P1-67-21	0	-
889	129.576823	129.752604	Ab3	82	80	0	0	1204	P1-67-22	0	-
890	129.678385	129.835938	Bb3	87	80	0	0	1205	P1-67-23	0	-
891	129.803385	129.875000	C4	79	80	0	0	1206	P1-68-14	0	-
892	129.911458	130.002604	D4	78	80	0	0	1207	P1-68-15	0	-
893	129.996094	130.082031	Eb4	91	80	0	0	1208	P1-68-16	0	-
894	130.238281	130.283854	F5	81	80	0	0	1210	P1-68-4	0	-
895	130.242188	130.285156	Ab3	80	80	0	0	1210	P1-68-17	0	-
896	130.257812	130.289062	C5	62	80	0	0	1210	P1-68-3	0	-
897	130.513021	131.024740	Eb5	90	80	0	0	1212	P1-68-5	0	-
898	130.513021	131.389323	Bb4	85	80	0	0	1212	P1-68-13	0	-
899	130.516927	131.059896	G4	83	80	0	0	1212	P1-68-11	0	-
900	130.535156	132.549479	Bb3	85	80	0	0	1212	P1-68-18	0	-
901	131.322917	131.411458	Eb5	78	80	0	0	1218	*	3	-
902	131.351562	132.520833	Bb2	70	80	0	0	1218	P1-68-19	0	-
903	131.436198	131.514323	D5	74	80	0	0	1218	P1-68-6	0	-
904	131.533854	131.644531	Eb5	75	80	0	0	1218	P1-68-6	0	-
905	131.643229	132.239583	D5	83	80	0	0	1218	*	3	-
906	132.203125	132.389323	Eb5	85	80	0	0	1222	P1-68-7	0	-
907	132.539062	132.859375	Eb5	78	80	0	0	1224	P1-69-1	0	-
908	132.546875	133.114583	Eb3	65	80	0	0	1224	P1-69-10	0	-
909	132.550781	132.690104	G4	68	80	0	0	1224	*	3	-
910	132.787760	132.880208	Bb4	78	80	0	0	1226	P1-69-2	0	-
911	132.989583	133.072917	Ab4	88	80	0	0	1228	P1-69-3	0	-
912	133.214844	133.388021	Bb4	83	80	0	0	1230	P1-69-4	0	-
913	133.441406	133.519531	G4	85	80	0	0	1232	P1-69-5	0	-
914	133.664062	133.750000	F4	85	80	0	0	1234	P1-69-6	0	-
915	133.875000	133.992188	G4	88	80	0	0	1236	P1-69-7	0	-
916	134.084635	134.162760	Eb4	86	80	0	0	1238	P1-69-8	0	-
917	134.295573	134.386719	D4	86	80	0	0	1240	P1-69-9	0	-
918	134.511719	134.634115	Eb4	90	80	0	0	1242	P1-70-1	0	-
919	134.734375	134.817708	Bb3	90	80	0	0	1244	P1-70-2	0	-
920	134.953125	135.033854	Ab3	86	80	0	0	1246	P1-70-3	0	-
921	135.165365	135.266927	Bb3	93	80	0	0	1248	P1-70-4	0	-
922	135.375000	135.455729	G3	91	80	0	0	1250	P1-70-5	0	-
923	135.596354	135.671875	F3	87	80	0	0	1252	P1-70-6	0	-
924	135.800781	135.885417	G3	90	80	0	0	1254	P1-70-7	0	-
925	136.026042	136.097656	Eb3	87	80	0	0	1256	P1-70-8	0	-
926	136.257812	136.324219	D3	87	80	0	0	1258	P1-70-9	0	-
927	136.503906	136.592448	Eb3	84	80	0	0	1260	P1-71-2	0	-
928	136.585938	136.674479	D3	88	80	0	0	1260	*	3	-
929	136.658854	136.901042	Eb3	82	80	0	0	1260	*	3	-
930	137.485677	138.059896	Eb2	73	80	0	0	1266	P1-71-3	0	-
//Missing 0	P1-1-1
//Missing 0	P1-1-6
//Missing 18	P1-2-2
//Missing 54	P1-4-2
//Missing 106	P1-6-22
//Missing 158	P1-9-9
//Missing 268	P1-15-25
//Missing 1080	P1-61-7
//Missing 1098	P1-62-2
//Missing 1198	P1-67-5
//Missing 1210	P1-68-10
//Missing 1218	P1-68-12
//Missing 100	P1-6-20
