//Version: ScorePerfmMatch_v170503
// Score: ./musicxml_cleaned_hmm.txt
// Perfm: ./07100_spr.txt
// fmt3x: ./musicxml_cleaned_fmt3x.txt
0	0.233073	3.468750	F2	29	80	0	0	0	*	3	0
1	0.235677	3.919271	F1	32	80	0	0	0	*	3	-
2	1.542969	2.500000	C3	35	80	0	0	4	P1-1-2	0	-
3	2.513021	3.619792	C3	38	80	0	0	7	P1-1-3	0	-
4	2.833333	4.459635	A3	54	80	0	0	8	P1-1-4	0	-
5	4.162760	7.500000	F2	37	80	0	0	12	P1-1-12	0	-
6	4.164062	7.500000	F1	38	80	0	0	12	P1-1-11	0	-
7	5.433594	5.989583	A3	41	80	0	0	16	P1-1-6	0	-
8	6.476562	7.789062	A3	32	80	0	0	19	P1-1-7	0	-
9	6.875000	7.979167	D#4	47	80	0	0	20	P1-1-8	0	-
10	9.808594	10.598958	E4	42	80	0	0	28	P1-2-3	0	-
11	9.841146	10.688802	G#3	30	80	0	0	32	P1-2-4	0	-
12	9.855469	10.339844	B3	32	80	0	0	32	P1-2-5	0	-
13	9.869792	11.688802	E2	28	80	0	0	28	P1-2-12	0	-
14	11.058594	11.669271	E4	36	80	0	0	32	P1-2-6	0	-
15	11.076823	11.589844	B3	37	80	0	0	32	P1-2-5	0	-
16	11.085938	11.658854	G#3	33	80	0	0	32	P1-2-4	0	-
17	11.097656	11.569010	E3	26	80	0	0	32	P1-2-15	0	-
18	12.372396	15.000000	E4	45	80	0	0	36	P1-2-9	0	-
19	12.381510	15.199219	B3	46	80	0	0	36	P1-2-8	0	-
20	12.386719	15.209635	G#3	40	80	0	0	36	P1-2-7	0	-
21	12.395833	15.209635	E3	31	80	0	0	36	P1-2-17	0	-
22	12.398438	15.209635	E2	28	80	0	0	36	P1-2-16	0	-
23	16.514323	19.589844	E2	34	80	0	0	48	P1-3-9	0	-
24	17.803385	18.549479	B3	48	80	0	0	52	P1-3-2	0	-
25	18.804688	20.759115	B3	43	80	0	0	55	P1-3-3	0	-
26	19.100260	22.479167	G4	54	80	0	0	56	P1-3-4	0	-
27	20.434896	22.299479	E3	29	80	0	0	60	P1-3-12	0	-
28	20.460938	22.089844	E2	24	80	0	0	60	P1-3-11	0	-
29	21.787760	22.218750	C#4	34	80	0	0	64	P1-3-6	0	-
30	22.783854	23.519531	C#4	28	80	0	0	67	P1-3-7	0	-
31	23.164062	23.869792	A#4	44	80	0	0	68	P1-3-8	0	-
32	25.878906	26.389323	B4	43	80	0	0	76	P1-4-4	0	-
33	25.885417	26.339844	B3	34	80	0	0	76	P1-4-2	0	-
34	25.898438	26.319010	F#4	33	80	0	0	76	P1-4-3	0	-
35	25.903646	26.369792	D#3	33	80	0	0	76	P1-4-15	0	-
36	25.903646	26.259115	D#2	31	80	0	0	76	P1-4-13	0	-
37	25.903646	26.339844	B2	29	80	0	0	76	P1-4-14	0	-
38	27.164062	27.750000	B4	43	80	0	0	80	P1-4-7	0	-
39	27.187500	27.848958	B3	33	80	0	0	80	P1-4-5	0	-
40	27.192708	27.729167	F#4	32	80	0	0	80	P1-4-6	0	-
41	27.196615	28.589844	B2	32	80	0	0	80	P1-4-17	0	-
42	27.201823	28.098958	D#3	33	80	0	0	80	P1-4-18	0	-
43	27.205729	28.119792	D#2	29	80	0	0	80	P1-4-16	0	-
44	28.583333	31.699219	B4	43	80	0	0	84	P1-4-10	0	-
45	28.595052	30.789062	B3	35	80	0	0	84	P1-4-8	0	-
46	28.597656	31.098958	B2	30	80	0	0	84	P1-4-20	0	-
47	28.601562	31.069010	D#3	32	80	0	0	84	P1-4-21	0	-
48	28.605469	30.968750	D#2	29	80	0	0	84	P1-4-19	0	-
49	32.473958	36.359375	D3	32	80	0	0	96	P1-5-10	0	-
50	32.477865	36.399740	D2	32	80	0	0	96	P1-5-9	0	-
51	33.773438	34.348958	F4	46	80	0	0	100	P1-5-2	0	-
52	34.725260	35.438802	F4	55	80	0	0	103	P1-5-3	0	-
53	35.039062	37.500000	B4	63	80	0	0	104	P1-5-4	0	-
54	36.325521	40.139323	Db3	62	80	0	0	108	P1-5-12	0	-
55	36.325521	40.000000	Db2	59	80	0	0	108	P1-5-11	0	-
56	37.635417	38.289062	B4	68	80	0	0	112	P1-5-6	0	-
57	38.561198	39.049479	B4	74	80	0	0	115	P1-5-7	0	-
58	38.945312	41.389323	F5	79	80	0	0	116	P1-5-8	0	-
59	40.091146	41.188802	C3	70	80	0	0	120	P1-6-8	0	-
60	40.149740	41.179688	C2	59	80	0	0	120	P1-6-7	0	-
61	41.265625	42.598958	E5	75	80	0	0	124	P1-6-2	0	-
62	41.316406	42.299479	C3	45	80	0	0	124	P1-6-10	0	-
63	41.319010	42.289062	C2	43	80	0	0	124	P1-6-9	0	-
64	42.364583	43.859375	G5	90	80	0	0	128	P1-6-3	0	-
65	42.437500	43.279948	C2	40	80	0	0	128	P1-6-11	0	-
66	42.438802	44.468750	C3	45	80	0	0	128	P1-6-12	0	-
67	43.660156	46.229167	Bb4	63	80	0	0	132	P1-6-5	0	-
68	43.661458	44.489583	E4	43	80	0	0	132	P1-6-4	0	-
69	43.704427	46.509115	C2	27	80	0	0	132	P1-6-13	0	-
70	48.832031	49.968750	A4	57	80	0	0	148	P1-7-3	0	-
71	48.865885	51.059896	F4	28	80	0	0	148	P1-7-2	0	-
72	48.873698	49.449219	D3	25	80	0	0	148	P1-7-11	0	-
73	49.968750	52.489583	F5	75	80	0	0	152	P1-7-5	0	-
74	50.022135	51.188802	A4	45	80	0	0	152	P1-7-4	0	-
75	50.033854	50.989583	D3	32	80	0	0	152	P1-7-13	0	-
76	50.036458	50.979167	D2	26	80	0	0	152	P1-7-12	0	-
77	51.484375	53.479167	A4	49	80	0	0	156	P1-7-7	0	-
78	51.514323	52.429688	F4	33	80	0	0	156	P1-7-6	0	-
79	51.514323	53.459635	D3	31	80	0	0	156	P1-7-15	0	-
80	51.516927	53.559896	D2	28	80	0	0	156	P1-7-14	0	-
81	54.812500	56.569010	Bb2	32	80	0	0	168	P1-8-12	0	-
82	54.815104	56.389323	Bb1	32	80	0	0	168	P1-8-11	0	-
83	55.876302	56.938802	G4	42	80	0	0	172	P1-8-4	0	-
84	55.877604	56.649740	Bb3	41	80	0	0	172	P1-8-2	0	-
85	55.880208	56.739583	D4	42	80	0	0	172	P1-8-3	0	-
86	58.162760	60.419271	C3	36	80	0	0	180	P1-8-16	0	-
87	58.162760	60.509115	C2	38	80	0	0	180	P1-8-15	0	-
88	59.592448	61.019531	E4	38	80	0	0	184	P1-8-9	0	-
89	59.609375	61.309896	Bb3	34	80	0	0	184	P1-8-8	0	-
90	59.614583	60.799479	G3	29	80	0	0	184	P1-8-7	0	-
91	62.135417	62.789062	F2	28	80	0	0	192	P1-9-13	0	-
92	62.141927	63.309896	F1	33	80	0	0	192	P1-9-12	0	-
93	63.354167	65.429688	F4	40	80	0	0	196	P1-9-4	0	-
94	63.382812	63.878906	F3	26	80	0	0	196	*	3	-
95	63.391927	63.779948	C4	26	80	0	0	196	P1-9-3	0	-
96	63.393229	64.218750	F2	23	80	0	0	196	P1-9-15	0	-
97	63.406250	64.669271	F1	26	80	0	0	196	P1-9-14	0	-
98	63.421875	63.929688	A3	28	80	0	0	196	P1-9-2	0	-
99	64.720052	66.348958	A4	55	80	0	0	200	P1-9-7	0	-
100	64.783854	65.449219	A3	32	80	0	0	200	P1-9-5	0	-
101	64.792969	65.199219	C4	27	80	0	0	200	P1-9-6	0	-
102	64.799479	67.949219	F1	27	80	0	0	200	P1-9-16	0	-
103	64.802083	68.029948	F2	27	80	0	0	200	P1-9-17	0	-
104	66.651042	68.489583	F4	39	80	0	0	204	P1-9-10	0	-
105	66.710938	68.429688	A3	27	80	0	0	204	P1-9-8	0	-
106	66.713542	68.279948	C4	23	80	0	0	204	P1-9-9	0	-
107	69.044271	69.769531	C3	59	80	0	0	212	P1-9-20	0	-
108	70.049479	70.162760	C3	57	80	0	0	215	P1-9-21	0	-
109	70.339844	72.139323	C3	52	80	0	0	216	P1-10-12	0	-
110	70.394531	71.839844	F2	41	80	0	0	216	P1-10-11	0	-
111	70.695312	71.919271	A3	62	80	0	0	216	P1-10-1	0	-
112	72.082031	72.718750	G3	61	80	0	0	222	P1-10-2	0	-
113	72.145833	72.679688	C3	47	80	0	0	222	P1-10-14	0	-
114	72.147135	72.759115	E2	45	80	0	0	222	P1-10-13	0	-
115	72.678385	73.309896	A3	70	80	0	0	224	P1-10-3	0	-
116	72.686198	74.718750	C3	52	80	0	0	224	P1-10-16	0	-
117	72.687500	73.309896	F2	47	80	0	0	224	P1-10-15	0	-
118	73.277344	73.938802	Bb3	81	80	0	0	226	P1-10-4	0	-
119	73.294271	73.949219	G2	47	80	0	0	226	P1-10-17	0	-
120	73.881510	74.718750	B3	80	80	0	0	228	P1-10-5	0	-
121	73.904948	74.799479	G#2	46	80	0	0	228	P1-10-19	0	-
122	73.906250	73.919271	Eb3	40	80	0	0	228	P1-10-20	1	-
123	73.910156	73.919271	G#3	56	80	0	0	228	*	3	-
124	74.701823	75.869792	C4	85	80	0	0	230	P1-10-6	0	-
125	74.721354	76.250000	A2	67	80	0	0	230	P1-10-21	0	-
126	74.723958	74.968750	A3	74	80	0	0	230	*	3	-
127	74.723958	75.789062	C3	63	80	0	0	230	P1-10-22	0	-
128	76.156250	77.750000	D4	72	80	0	0	234	P1-10-7	0	-
129	76.175781	77.239583	C3	64	80	0	0	234	P1-10-24	0	-
130	76.175781	77.669271	Bb2	60	80	0	0	234	P1-10-23	0	-
131	77.747396	78.054688	Bb3	50	80	0	0	238	P1-10-8	0	-
132	77.753906	78.039062	C3	43	80	0	0	238	P1-10-27	0	-
133	77.753906	78.041667	G2	43	80	0	0	238	P1-10-25	0	-
134	78.053385	78.449219	C3	47	80	0	0	239	*	3	-
135	78.053385	78.395833	A3	48	80	0	0	239	P1-10-9	0	-
136	78.053385	78.398438	F2	47	80	0	0	239	P1-10-26	0	-
137	78.415365	78.759115	G3	39	80	0	0	240	P1-11-1	0	-
138	78.460938	79.239583	C3	33	80	0	0	240	P1-11-14	0	-
139	78.462240	78.919271	E2	35	80	0	0	240	P1-11-13	0	-
140	79.213542	79.723958	F#4	48	80	0	0	242	P1-11-2	0	-
141	79.785156	80.419271	G4	45	80	0	0	244	P1-11-3	0	-
142	80.373698	81.035156	A4	57	80	0	0	246	P1-11-4	0	-
143	80.411458	80.799479	C4	29	80	0	0	246	P1-11-16	0	-
144	80.412760	80.979167	F#3	29	80	0	0	246	P1-11-15	0	-
145	81.006510	81.264323	Bb4	48	80	0	0	248	P1-11-5	0	-
146	81.015625	81.679688	G3	40	80	0	0	248	P1-11-17	0	-
147	81.015625	81.339844	C4	36	80	0	0	248	P1-11-18	0	-
148	81.648438	82.319010	F#5	52	80	0	0	250	P1-11-6	0	-
149	81.656250	82.019531	C4	35	80	0	0	250	P1-11-20	0	-
150	81.677083	81.688802	A4	36	80	0	0	250	*	3	-
151	81.688802	82.309896	A3	36	80	0	0	250	P1-11-19	0	-
152	82.274740	83.000000	G5	52	80	0	0	252	P1-11-7	0	-
153	82.302083	82.511719	C4	37	80	0	0	252	P1-11-22	0	-
154	82.305990	82.523438	Bb3	37	80	0	0	252	P1-11-21	0	-
155	82.981771	83.709635	A5	54	80	0	0	254	P1-11-8	0	-
156	82.988281	83.639323	F#2	34	80	0	0	254	P1-11-23	0	-
157	83.630208	84.750000	Bb5	54	80	0	0	256	P1-11-9	0	-
158	83.644531	84.378906	G2	35	80	0	0	256	P1-11-24	0	-
159	84.337240	84.869792	A2	58	80	0	0	258	P1-11-25	0	-
160	85.154948	86.389323	C3	74	80	0	0	260	P1-11-11	0	-
161	85.235677	86.019531	Bb2	41	80	0	0	260	P1-11-26	0	-
162	85.979167	86.878906	G2	51	80	0	0	262	P1-11-27	0	-
163	86.611979	86.919271	C3	73	80	0	0	263	P1-11-12	0	-
164	86.903646	88.279948	E2	60	80	0	0	264	P1-12-13	0	-
165	87.003906	87.669271	C3	67	80	0	0	264	P1-12-12	0	-
166	87.481771	87.679688	Bb3	83	80	0	0	264	P1-12-1	0	-
167	87.813802	87.819010	G3	54	80	0	0	266	*	3	-
168	87.816406	89.339844	C3	54	80	0	0	266	P1-12-15	0	-
169	87.817708	89.329427	G2	52	80	0	0	266	P1-12-14	0	-
170	87.820312	89.329427	Bb3	54	80	0	0	266	*	3	-
171	89.278646	89.968750	A3	69	80	0	0	270	P1-12-2	0	-
172	89.313802	89.759115	F#2	45	80	0	0	270	P1-12-16	0	-
173	89.338542	89.519531	Bb3	49	80	0	0	270	*	3	-
174	89.348958	89.929688	C3	39	80	0	0	270	P1-12-17	0	-
175	89.912760	90.619792	Bb3	76	80	0	0	272	P1-12-3	0	-
176	89.934896	90.679688	G2	45	80	0	0	272	P1-12-18	0	-
177	89.936198	95.169271	C3	43	80	0	0	272	P1-12-19	0	-
178	90.535156	91.289062	C4	76	80	0	0	274	P1-12-4	0	-
179	90.561198	90.809896	A3	61	80	0	0	274	P1-12-21	1	-
180	90.563802	91.339844	A2	51	80	0	0	274	P1-12-20	0	-
181	91.223958	91.408854	C#4	64	80	0	0	276	P1-12-5	0	-
182	91.231771	93.929688	Bb2	62	80	0	0	276	P1-12-22	0	-
183	92.244792	94.000000	D4	85	80	0	0	278	P1-12-6	0	-
184	93.833333	96.188802	C4	73	80	0	0	282	P1-12-7	0	-
185	93.864583	96.169271	G3	57	80	0	0	282	P1-12-10	0	-
186	93.895833	95.959635	E2	42	80	0	0	282	P1-12-26	0	-
187	95.824219	96.229167	D4	39	80	0	0	286	P1-12-8	0	-
188	95.884115	96.598958	C2	34	80	0	0	286	P1-12-28	0	-
189	95.889323	96.369792	E3	32	80	0	0	286	P1-12-11	0	-
190	96.161458	96.579427	Bb3	49	80	0	0	287	P1-12-9	0	-
191	96.533854	96.979167	A3	42	80	0	0	288	P1-13-2	0	-
192	96.593750	97.408854	C3	23	80	0	0	288	P1-13-14	0	-
193	96.604167	97.359375	F2	23	80	0	0	288	P1-13-13	0	-
194	97.309896	97.989583	G#4	42	80	0	0	290	P1-13-3	0	-
195	97.908854	98.545573	A4	57	80	0	0	292	P1-13-4	0	-
196	98.532552	99.139323	B4	43	80	0	0	294	P1-13-5	0	-
197	98.535156	99.169271	G#3	38	80	0	0	294	P1-13-15	0	-
198	99.125000	99.509115	C5	46	80	0	0	296	P1-13-6	0	-
199	99.143229	99.809896	A3	38	80	0	0	296	P1-13-16	0	-
200	99.761719	100.364583	G#5	51	80	0	0	298	P1-13-7	0	-
201	99.786458	100.382812	B3	39	80	0	0	298	P1-13-17	0	-
202	100.322917	101.000000	A5	51	80	0	0	300	P1-13-8	0	-
203	100.378906	100.596354	C4	23	80	0	0	300	P1-13-18	0	-
204	100.962240	101.644531	B5	49	80	0	0	302	P1-13-9	0	-
205	101.009115	101.628906	G#2	25	80	0	0	302	P1-13-19	0	-
206	101.593750	102.279948	C6	43	80	0	0	304	P1-13-10	0	-
207	101.608073	102.259115	A2	34	80	0	0	304	P1-13-20	0	-
208	102.252604	103.019531	B2	42	80	0	0	306	P1-13-21	0	-
209	102.933594	104.079427	C5	74	80	0	0	308	P1-13-11	0	-
210	103.003906	103.009115	C4	28	80	0	0	308	*	3	-
211	103.011719	103.908854	C3	27	80	0	0	308	P1-13-22	0	-
212	103.673177	104.259115	Bb2	49	80	0	0	310	P1-13-23	0	-
213	104.295573	104.799479	C5	71	80	0	0	311	P1-13-12	0	-
214	104.598958	107.029948	F4	68	80	0	0	312	P1-14-13	0	-
215	104.654948	105.500000	A2	40	80	0	0	312	P1-14-24	0	-
216	105.882812	106.769531	F5	79	80	0	0	316	P1-14-2	0	-
217	105.914062	106.968750	C4	43	80	0	0	316	P1-14-19	0	-
218	105.936198	107.069010	A3	43	80	0	0	316	P1-14-25	0	-
219	106.782552	107.169271	F5	85	80	0	0	319	P1-14-3	0	-
220	107.055990	108.509115	E5	75	80	0	0	320	P1-14-4	0	-
221	107.089844	109.000000	C4	43	80	0	0	320	P1-14-20	0	-
222	107.093750	109.688802	G4	56	80	0	0	320	P1-14-14	0	-
223	107.098958	108.109375	Bb3	58	80	0	0	320	P1-14-26	0	-
224	108.256510	108.938802	G5	71	80	0	0	324	P1-14-5	0	-
225	108.287760	110.949219	E3	38	80	0	0	324	P1-14-27	0	-
226	108.291667	109.169271	Bb3	40	80	0	0	324	*	3	-
227	109.542969	110.289062	Bb4	65	80	0	0	328	P1-14-6	0	-
228	109.576823	111.009115	E4	54	80	0	0	328	P1-14-16	0	-
229	109.604167	110.989583	C4	27	80	0	0	328	*	3	-
230	109.618490	110.989583	G3	21	80	0	0	328	P1-14-22	0	-
231	109.625000	112.500000	C3	23	80	0	0	328	P1-14-28	0	-
232	110.542969	110.662760	Bb4	63	80	0	0	331	P1-14-7	0	-
233	110.854167	110.960938	Bb4	51	80	0	0	332	P1-14-8	0	-
234	110.946615	111.304688	A4	59	80	0	0	332	P1-14-9	0	-
235	110.954427	111.908854	F4	44	80	0	0	332	P1-14-17	0	-
236	110.986979	112.500000	A3	31	80	0	0	332	P1-14-23	0	-
237	110.986979	112.739583	F3	34	80	0	0	332	P1-14-29	0	-
238	111.294271	111.598958	G#4	60	80	0	0	333	P1-14-10	0	-
239	111.550781	111.868490	A4	64	80	0	0	334	P1-14-11	0	-
240	111.826823	113.089844	C5	67	80	0	0	335	P1-14-12	0	-
241	112.234375	114.339844	F4	54	80	0	0	336	P1-15-9	0	-
242	113.377604	114.209635	F5	77	80	0	0	340	P1-15-2	0	-
243	113.402344	114.408854	C4	44	80	0	0	340	P1-15-15	0	-
244	113.457031	114.489583	A3	34	80	0	0	340	P1-15-20	0	-
245	114.325521	114.769531	F5	93	80	0	0	343	P1-15-3	0	-
246	114.610677	116.209635	E5	79	80	0	0	344	P1-15-4	0	-
247	114.647135	117.348958	G4	56	80	0	0	344	P1-15-10	0	-
248	114.647135	116.589844	C4	48	80	0	0	344	P1-15-16	0	-
249	114.653646	116.658854	Bb3	57	80	0	0	344	P1-15-21	0	-
250	115.914062	116.639323	G5	74	80	0	0	348	P1-15-5	0	-
251	115.923177	118.729167	E3	50	80	0	0	348	P1-15-22	0	-
252	117.180990	118.250000	Bb4	68	80	0	0	352	P1-15-6	0	-
253	117.225260	118.718750	E4	46	80	0	0	352	P1-15-12	0	-
254	117.243490	118.289062	C4	33	80	0	0	352	*	3	-
255	117.244792	118.658854	G3	30	80	0	0	352	P1-15-18	0	-
256	118.255208	118.739583	Bb4	63	80	0	0	355	P1-15-7	0	-
257	118.678385	120.049479	A4	53	80	0	0	356	P1-15-8	0	-
258	118.694010	120.378906	F4	45	80	0	0	356	P1-15-13	0	-
259	118.714844	119.419271	F3	32	80	0	0	356	P1-15-19	0	-
260	118.721354	119.429688	D3	32	80	0	0	356	P1-15-24	0	-
261	120.037760	121.949219	Bb1	48	80	0	0	360	P1-16-11	0	-
262	120.042969	122.339844	Bb2	49	80	0	0	360	P1-16-12	0	-
263	121.377604	122.449219	G4	42	80	0	0	364	P1-16-4	0	-
264	121.382812	122.218750	D4	38	80	0	0	364	P1-16-3	0	-
265	121.382812	122.449219	Bb3	43	80	0	0	364	P1-16-2	0	-
266	124.115885	125.669271	C3	19	80	0	0	372	P1-16-16	0	-
267	124.128906	126.859375	C2	20	80	0	0	372	P1-16-15	0	-
268	125.494792	126.709635	E4	30	80	0	0	376	P1-16-9	0	-
269	125.503906	127.049479	Bb3	28	80	0	0	376	P1-16-8	0	-
270	125.511719	126.438802	G3	25	80	0	0	376	P1-16-7	0	-
271	128.553385	131.569010	F2	24	80	0	0	384	P1-17-10	0	-
272	128.582031	131.539062	F1	23	80	0	0	384	P1-17-9	0	-
273	129.917969	130.688802	C3	27	80	0	0	388	P1-17-2	0	-
274	130.985677	131.869792	C3	30	80	0	0	391	P1-17-3	0	-
275	131.328125	132.500000	A3	45	80	0	0	392	P1-17-4	0	-
276	132.755208	136.259115	F2	34	80	0	0	396	P1-17-12	0	-
277	132.757812	135.718750	F1	40	80	0	0	396	P1-17-11	0	-
278	134.074219	134.889323	A3	51	80	0	0	400	P1-17-6	0	-
279	135.164062	136.158854	A3	44	80	0	0	403	P1-17-7	0	-
280	135.574219	137.162760	D#4	52	80	0	0	404	P1-17-8	0	-
281	135.903646	136.223958	A2	37	80	0	0	405	P1-17-14	0	-
282	136.244792	136.704427	C3	34	80	0	0	406	P1-17-15	0	-
283	136.626302	137.170573	A2	35	80	0	0	407	P1-17-16	0	-
284	137.095052	138.169271	E4	48	80	0	0	408	P1-18-1	0	-
285	137.144531	138.359375	E2	39	80	0	0	408	P1-18-13	0	-
286	138.358073	139.188802	E4	34	80	0	0	412	P1-18-4	0	-
287	138.363281	138.979167	E3	29	80	0	0	412	P1-18-15	0	-
288	138.363281	139.098958	G#3	30	80	0	0	412	P1-18-2	0	-
289	138.364583	138.869792	B3	34	80	0	0	412	P1-18-3	0	-
290	138.373698	139.079427	E2	27	80	0	0	412	P1-18-14	0	-
291	139.618490	140.549479	E3	29	80	0	0	416	P1-18-17	0	-
292	139.625000	140.369792	E4	35	80	0	0	416	P1-18-7	0	-
293	139.625000	140.209635	B3	32	80	0	0	416	P1-18-6	0	-
294	139.631510	141.019531	E2	27	80	0	0	416	P1-18-16	0	-
295	139.634115	140.468750	G#3	31	80	0	0	416	P1-18-5	0	-
296	141.001302	143.929688	E4	43	80	0	0	420	P1-18-10	0	-
297	141.003906	142.279948	G#3	44	80	0	0	420	P1-18-8	0	-
298	141.005208	142.869792	B3	43	80	0	0	420	P1-18-9	0	-
299	141.019531	143.729167	E3	32	80	0	0	420	P1-18-19	0	-
300	141.024740	144.619792	E2	26	80	0	0	420	P1-18-18	0	-
301	142.381510	143.359375	G3	57	80	0	0	424	P1-18-11	0	-
302	143.723958	145.299479	G3	69	80	0	0	428	P1-18-12	0	-
303	145.597656	151.598958	G3	33	80	0	0	432	P1-19-9	0	-
304	145.645833	148.739583	E2	35	80	0	0	432	P1-19-17	0	-
305	146.928385	147.438802	B3	41	80	0	0	436	P1-19-2	0	-
306	147.897135	148.688802	B3	44	80	0	0	439	P1-19-3	0	-
307	148.234375	152.500000	G4	50	80	0	0	440	P1-19-4	0	-
308	149.500000	151.500000	E3	32	80	0	0	444	P1-19-11	0	-
309	149.522135	150.968750	E2	33	80	0	0	444	P1-19-10	0	-
310	149.524740	150.128906	B3	32	80	0	0	444	*	3	-
311	150.772135	151.369792	C#4	36	80	0	0	448	P1-19-6	0	-
312	151.730469	152.500000	C#4	31	80	0	0	451	P1-19-7	0	-
313	152.117188	153.759115	A#4	45	80	0	0	452	P1-19-8	0	-
314	152.445312	152.819010	E3	36	80	0	0	453	P1-19-14	0	-
315	152.785156	153.229167	G3	34	80	0	0	454	P1-19-15	0	-
316	153.114583	153.739583	E3	34	80	0	0	455	P1-19-16	0	-
317	153.662760	154.500000	B4	48	80	0	0	456	P1-20-1	0	-
318	153.723958	154.438802	D#3	24	80	0	0	456	P1-20-13	0	-
319	154.941406	155.688802	B4	41	80	0	0	460	P1-20-4	0	-
320	154.984375	155.679688	D#3	34	80	0	0	460	P1-20-16	0	-
321	154.988281	155.619792	B3	41	80	0	0	460	P1-20-2	0	-
322	155.002604	155.609375	B2	35	80	0	0	460	P1-20-15	0	-
323	155.003906	155.609375	D#2	33	80	0	0	460	P1-20-14	0	-
324	155.006510	155.019531	F#4	31	80	0	0	460	P1-20-3	0	-
325	156.256510	157.218750	B4	47	80	0	0	464	P1-20-7	0	-
326	156.281250	157.179688	B3	31	80	0	0	464	P1-20-5	0	-
327	156.285156	157.209635	D#3	29	80	0	0	464	P1-20-19	0	-
328	156.286458	156.449219	Eb4	28	80	0	0	464	*	3	-
329	156.286458	157.079427	F#4	28	80	0	0	464	P1-20-6	0	-
330	156.291667	157.149740	B2	26	80	0	0	464	P1-20-18	0	-
331	156.292969	157.089844	D#2	29	80	0	0	464	P1-20-17	0	-
332	157.903646	159.549479	B4	39	80	0	0	468	P1-20-10	0	-
333	157.924479	158.679688	F#4	32	80	0	0	468	P1-20-9	0	-
334	157.932292	159.289062	B3	39	80	0	0	468	P1-20-8	0	-
335	157.937500	158.979167	D#3	34	80	0	0	468	P1-20-22	0	-
336	157.941406	159.158854	B2	35	80	0	0	468	P1-20-21	0	-
337	157.944010	158.619792	D#2	32	80	0	0	468	P1-20-20	0	-
338	159.317708	160.679688	A4	51	80	0	0	472	*	3	-
339	159.324219	160.169271	D3	49	80	0	0	472	P1-20-23	0	-
340	159.324219	160.279948	F3	44	80	0	0	472	P1-20-11	0	-
341	160.523438	161.519531	F3	58	80	0	0	476	P1-20-12	0	-
342	160.523438	161.408854	D3	61	80	0	0	476	P1-20-24	0	-
343	162.207031	164.729167	F3	34	80	0	0	480	P1-21-1	0	-
344	162.208333	165.809896	D3	38	80	0	0	480	P1-21-9	0	-
345	163.485677	164.049479	F4	47	80	0	0	484	P1-21-2	0	-
346	164.416667	165.759115	F4	43	80	0	0	487	P1-21-3	0	-
347	164.763021	167.000000	B4	58	80	0	0	488	P1-21-4	0	-
348	165.097656	165.529948	F3	44	80	0	0	489	P1-21-11	0	-
349	165.412760	166.049479	Ab3	46	80	0	0	490	P1-21-12	0	-
350	165.714844	168.149740	F3	49	80	0	0	491	P1-21-13	0	-
351	166.037760	169.289062	Db3	59	80	0	0	492	P1-21-14	0	-
352	167.144531	167.559896	B4	53	80	0	0	496	P1-21-6	0	-
353	168.035156	169.098958	B4	58	80	0	0	499	P1-21-7	0	-
354	168.371094	170.459635	F5	67	80	0	0	500	P1-21-8	0	-
355	168.641927	169.029948	F3	40	80	0	0	501	P1-21-16	0	-
356	168.944010	170.759115	Ab3	50	80	0	0	502	P1-21-17	0	-
357	169.213542	171.559896	F3	54	80	0	0	503	P1-21-18	0	-
358	169.544271	172.809896	C3	62	80	0	0	504	P1-22-9	0	-
359	170.713542	171.539062	F5	66	80	0	0	508	P1-22-2	0	-
360	171.544271	172.509115	F5	74	80	0	0	511	P1-22-3	0	-
361	171.877604	174.559896	Ab5	68	80	0	0	512	P1-22-4	0	-
362	172.138021	172.500000	F3	54	80	0	0	513	P1-22-11	0	-
363	172.404948	174.598958	Ab3	64	80	0	0	514	P1-22-12	0	-
364	172.674479	174.799479	F3	65	80	0	0	515	P1-22-13	0	-
365	173.026042	176.329427	B2	71	80	0	0	516	P1-22-14	0	-
366	174.218750	175.089844	F5	82	80	0	0	520	P1-22-6	0	-
367	175.102865	176.449219	F5	75	80	0	0	523	P1-22-7	0	-
368	175.428385	178.019531	D6	73	80	0	0	524	P1-22-8	0	-
369	175.696615	176.079427	F3	64	80	0	0	525	P1-22-16	0	-
370	175.990885	176.359375	Ab3	78	80	0	0	526	P1-22-17	0	-
371	176.273438	177.169271	F3	66	80	0	0	527	P1-22-18	0	-
372	176.704427	179.789062	Ab2	88	80	0	0	528	P1-23-9	0	-
373	177.928385	178.809896	F5	77	80	0	0	532	P1-23-2	0	-
374	178.816406	179.609375	F5	81	80	0	0	535	P1-23-3	0	-
375	179.132812	182.500000	F6	73	80	0	0	536	P1-23-4	0	-
376	179.458333	179.819010	F3	58	80	0	0	537	P1-23-11	0	-
377	179.748698	180.119792	B3	68	80	0	0	538	P1-23-12	0	-
378	180.033854	181.389323	F3	66	80	0	0	539	P1-23-13	0	-
379	180.390625	183.149740	G2	64	80	0	0	540	P1-23-14	0	-
380	181.622396	182.299479	F5	67	80	0	0	544	P1-23-6	0	-
381	182.471354	183.908854	F5	82	80	0	0	547	P1-23-7	0	-
382	182.790365	185.069010	F6	71	80	0	0	548	P1-23-8	0	-
383	183.066406	183.459635	F3	65	80	0	0	549	P1-23-16	0	-
384	183.347656	183.878906	B3	78	80	0	0	550	P1-23-17	0	-
385	183.643229	185.339844	F3	62	80	0	0	551	P1-23-18	0	-
386	184.029948	187.199219	Ab2	89	80	0	0	552	P1-24-15	0	-
387	185.302083	186.109375	F5	88	80	0	0	556	P1-24-2	0	-
388	186.223958	188.179688	F5	84	80	0	0	559	P1-24-3	0	-
389	186.625000	189.089844	F6	78	80	0	0	560	P1-24-4	0	-
390	186.940104	187.319010	F3	71	80	0	0	561	P1-24-17	0	-
391	187.276042	187.688802	B3	82	80	0	0	562	P1-24-18	0	-
392	187.596354	187.848958	F3	71	80	0	0	563	P1-24-19	0	-
393	187.917969	188.359375	Ab2	80	80	0	0	564	P1-24-20	0	-
394	188.285156	188.688802	F3	66	80	0	0	565	P1-24-21	0	-
395	188.627604	189.119792	B3	70	80	0	0	566	P1-24-22	0	-
396	188.973958	189.319010	F5	88	80	0	0	567	P1-24-6	0	-
397	188.997396	189.449219	F3	46	80	0	0	567	P1-24-23	0	-
398	189.319010	190.269531	F6	71	80	0	0	568	P1-24-7	0	-
399	189.333333	191.019531	F5	61	80	0	0	568	*	3	-
400	189.346354	189.750000	Ab2	46	80	0	0	568	P1-24-24	0	-
401	189.725260	190.019531	F3	48	80	0	0	569	P1-24-25	0	-
402	190.093750	190.579427	B3	46	80	0	0	570	P1-24-26	0	-
403	190.412760	191.269531	D5	70	80	0	0	571	P1-24-10	0	-
404	190.445312	190.968750	F3	37	80	0	0	571	P1-24-27	0	-
405	190.773438	191.479167	D6	65	80	0	0	572	P1-24-11	0	-
406	190.799479	191.009115	Eb4	36	80	0	0	573	*	3	-
407	191.162760	192.029948	F3	53	80	0	0	573	P1-24-29	0	-
408	191.496094	191.769531	B3	47	80	0	0	574	P1-24-30	0	-
409	191.877604	193.179688	B4	61	80	0	0	575	P1-24-14	0	-
410	192.380208	193.309896	B5	57	80	0	0	576	P1-25-1	0	-
411	192.406250	192.907552	G2	48	80	0	0	576	P1-25-25	0	-
412	192.945312	193.359375	F3	39	80	0	0	577	P1-25-26	0	-
413	193.304688	193.709635	B3	41	80	0	0	578	P1-25-27	0	-
414	193.652344	194.779948	F4	48	80	0	0	579	P1-25-4	0	-
415	193.680990	194.059896	F3	35	80	0	0	579	P1-25-28	0	-
416	194.054688	194.968750	F5	61	80	0	0	580	P1-25-5	0	-
417	194.078125	194.489583	B4	43	80	0	0	580	*	3	-
418	194.083333	194.359375	D4	36	80	0	0	580	*	3	-
419	194.084635	194.759115	G2	41	80	0	0	580	P1-25-29	0	-
420	194.084635	194.359375	G3	42	80	0	0	580	*	3	-
421	194.444010	194.889323	D3	41	80	0	0	581	P1-25-30	0	-
422	194.826823	195.179688	F3	39	80	0	0	582	P1-25-31	0	-
423	195.173177	195.569010	D4	47	80	0	0	583	P1-25-8	0	-
424	195.195312	195.569010	D3	42	80	0	0	583	P1-25-32	0	-
425	195.576823	196.019531	D5	51	80	0	0	584	P1-25-9	0	-
426	195.582031	196.529948	G2	37	80	0	0	584	P1-25-33	0	-
427	195.582031	195.938802	D4	38	80	0	0	584	*	3	-
428	195.960938	197.098958	B2	41	80	0	0	585	P1-25-34	0	-
429	196.341146	196.718750	D3	53	80	0	0	586	P1-25-35	0	-
430	196.710938	197.000000	B3	53	80	0	0	587	P1-25-12	0	-
431	196.734375	196.979167	D3	30	80	0	0	587	P1-25-36	1	-
432	197.122396	197.569010	B3	43	80	0	0	-1	*	3	-
433	197.123698	197.399740	B4	54	80	0	0	588	P1-25-13	0	-
434	197.123698	197.399740	D3	38	80	0	0	-1	*	3	-
435	197.127604	198.289062	G2	34	80	0	0	588	P1-25-37	0	-
436	197.127604	197.299479	D4	35	80	0	0	-1	*	3	-
437	197.523438	197.729167	D3	34	80	0	0	-1	*	3	-
438	197.524740	197.848958	B2	35	80	0	0	589	P1-25-38	0	-
439	197.921875	198.079427	B2	32	80	0	0	-1	*	3	-
440	197.921875	198.329427	D3	35	80	0	0	590	P1-25-39	0	-
441	198.329427	198.619792	F3	43	80	0	0	591	P1-25-16	0	-
442	198.342448	199.309896	D3	41	80	0	0	-1	*	3	-
443	198.346354	198.959635	B2	39	80	0	0	591	P1-25-40	0	-
444	198.351562	198.519531	G2	33	80	0	0	-1	*	3	-
445	198.735677	199.250000	F4	52	80	0	0	592	P1-25-17	0	-
446	198.755208	199.218750	B3	39	80	0	0	-1	*	3	-
447	198.765625	200.799479	G2	34	80	0	0	592	P1-25-41	0	-
448	198.773438	199.989583	F3	36	80	0	0	-1	*	3	-
449	199.177083	199.739583	B2	28	80	0	0	593	P1-25-42	0	-
450	199.554688	199.739583	D3	39	80	0	0	594	P1-25-43	0	-
451	200.015625	200.239583	D3	47	80	0	0	595	P1-25-20	0	-
452	200.022135	200.569010	B2	41	80	0	0	595	P1-25-44	0	-
453	200.453125	200.628906	B3	44	80	0	0	596	*	3	-
454	200.455729	200.889323	D4	50	80	0	0	596	P1-25-21	0	-
455	200.455729	200.750000	D3	35	80	0	0	596	P1-25-45	1	-
456	200.865885	201.029948	D2	39	80	0	0	597	P1-25-46	0	-
457	201.324219	202.209635	B1	46	80	0	0	598	P1-25-47	0	-
458	201.851562	202.369792	B2	40	80	0	0	599	P1-25-24	0	-
459	201.864583	202.049479	B3	43	80	0	0	599	*	3	-
460	201.875000	202.218750	D2	42	80	0	0	599	P1-25-48	0	-
461	201.876302	202.098958	D3	39	80	0	0	599	*	3	-
462	202.652344	204.929688	B3	50	80	0	0	600	P1-26-1	0	-
463	202.704427	203.919271	G1	46	80	0	0	600	P1-26-12	0	-
464	204.113281	204.799479	F3	41	80	0	0	604	P1-26-4	0	-
465	204.127604	205.059896	D3	40	80	0	0	604	P1-26-3	0	-
466	204.132812	205.339844	G1	39	80	0	0	604	P1-26-13	0	-
467	204.136719	204.819010	G2	39	80	0	0	604	P1-26-14	0	-
468	205.588542	206.699219	F3	42	80	0	0	608	P1-26-7	0	-
469	205.600260	207.019531	D3	39	80	0	0	608	P1-26-6	0	-
470	205.602865	207.468750	G1	34	80	0	0	608	P1-26-15	0	-
471	205.602865	206.989583	G2	35	80	0	0	608	P1-26-16	0	-
472	205.604167	209.089844	B2	38	80	0	0	608	P1-26-5	0	-
473	207.639323	208.369792	F3	34	80	0	0	612	P1-26-10	0	-
474	207.644531	209.688802	G#2	37	80	0	0	612	P1-26-18	0	-
475	207.645833	208.289062	D3	36	80	0	0	612	P1-26-9	0	-
476	207.651042	210.319010	G#1	37	80	0	0	612	P1-26-17	0	-
477	210.191406	211.518229	F5	81	80	0	0	620	P1-26-11	0	-
478	211.483073	212.179688	E5	47	80	0	0	624	P1-27-1	0	-
479	212.726562	213.559896	E3	31	80	0	0	628	P1-27-3	0	-
480	212.738281	213.549479	A1	34	80	0	0	628	P1-27-10	0	-
481	212.744792	213.269531	A2	34	80	0	0	628	P1-27-11	0	-
482	213.941406	214.579427	E3	35	80	0	0	632	P1-27-5	0	-
483	213.954427	215.169271	C3	42	80	0	0	632	P1-27-4	0	-
484	213.958333	214.149740	A2	43	80	0	0	632	P1-27-13	0	-
485	213.962240	215.389323	A1	44	80	0	0	632	P1-27-12	0	-
486	215.365885	217.059896	E3	34	80	0	0	636	P1-27-7	0	-
487	215.373698	216.779948	C3	33	80	0	0	636	P1-27-6	0	-
488	215.393229	216.559896	A2	32	80	0	0	636	P1-27-15	0	-
489	215.394531	217.229167	A1	31	80	0	0	636	P1-27-14	0	-
490	217.852865	219.239583	E5	72	80	0	0	644	P1-27-8	0	-
491	219.143229	220.750000	D5	53	80	0	0	648	P1-28-1	0	-
492	219.164062	219.829427	F2	30	80	0	0	648	P1-28-12	0	-
493	219.167969	219.628906	F1	32	80	0	0	648	P1-28-11	0	-
494	220.304688	221.359375	A3	38	80	0	0	652	P1-28-4	0	-
495	220.308594	221.209635	F3	33	80	0	0	652	P1-28-3	0	-
496	220.320312	221.899740	D3	33	80	0	0	652	P1-28-2	0	-
497	221.460938	222.598958	D5	53	80	0	0	656	P1-28-5	0	-
498	223.115885	225.269531	G5	45	80	0	0	660	P1-28-6	0	-
499	223.162760	223.169271	G2	31	80	0	0	660	P1-28-16	0	-
500	223.174479	223.968750	G1	35	80	0	0	660	P1-28-15	0	-
501	224.625000	225.339844	D3	29	80	0	0	664	P1-28-8	0	-
502	224.628906	226.929688	B2	32	80	0	0	664	P1-28-7	0	-
503	224.628906	224.949219	G3	28	80	0	0	664	P1-28-9	0	-
504	224.632812	225.289062	G2	28	80	0	0	664	*	3	-
505	226.686198	228.938802	G5	61	80	0	0	668	P1-28-10	0	-
//Missing 0	P1-1-9
//Missing 0	P1-1-10
//Missing 28	P1-2-2
//Missing 28	P1-2-13
//Missing 48	P1-3-10
//Missing 84	P1-4-9
//Missing 132	P1-6-14
//Missing 148	P1-7-10
//Missing 204	P1-9-18
//Missing 204	P1-9-19
//Missing 226	P1-10-18
//Missing 276	P1-12-23
//Missing 278	P1-12-24
//Missing 282	P1-12-27
//Missing 286	P1-12-29
//Missing 288	P1-13-1
//Missing 352	P1-15-23
//Missing 432	P1-19-18
//Missing 572	P1-24-28
//Missing 575	P1-24-31
//Missing 604	P1-26-2
//Missing 612	P1-26-8
//Missing 628	P1-27-2
//Missing 32	P1-2-14
