//Version: ScorePerfmMatch_v170503
// Score: ./musicxml_cleaned_hmm.txt
// Perfm: ./07110_spr.txt
// fmt3x: ./musicxml_cleaned_fmt3x.txt
0	0.934896	4.598958	F2	26	80	0	0	0	*	3	0
1	0.934896	4.869792	F1	29	80	0	0	0	*	3	-
2	2.117188	3.209635	C3	37	80	0	0	4	P1-1-2	0	-
3	3.214844	4.509115	C3	42	80	0	0	7	P1-1-3	0	-
4	3.587240	5.169271	A3	43	80	0	0	8	P1-1-4	0	-
5	4.878906	9.799479	F2	35	80	0	0	12	P1-1-12	0	-
6	4.881510	9.699219	F1	37	80	0	0	12	P1-1-11	0	-
7	6.197917	7.229167	A3	47	80	0	0	16	P1-1-6	0	-
8	7.415365	9.479167	A3	47	80	0	0	19	P1-1-7	0	-
9	8.027344	10.169271	D#4	50	80	0	0	20	P1-1-8	0	-
10	10.945312	11.399740	E4	31	80	0	0	28	P1-2-3	0	-
11	10.953125	11.408854	B3	35	80	0	0	28	*	3	-
12	10.964844	11.569010	E3	29	80	0	0	28	P1-2-13	0	-
13	10.966146	11.489583	G#3	29	80	0	0	28	P1-2-2	0	-
14	10.971354	11.839844	E2	30	80	0	0	28	P1-2-12	0	-
15	12.078125	12.628906	E4	38	80	0	0	32	P1-2-6	0	-
16	12.085938	12.559896	B3	33	80	0	0	32	P1-2-5	0	-
17	12.085938	12.639323	G#3	33	80	0	0	32	P1-2-4	0	-
18	12.110677	12.639323	E3	33	80	0	0	32	P1-2-15	0	-
19	12.111979	12.729167	E2	32	80	0	0	32	P1-2-14	0	-
20	13.343750	14.959635	E4	27	80	0	0	36	P1-2-9	0	-
21	13.345052	15.688802	B3	26	80	0	0	36	P1-2-8	0	-
22	13.352865	16.000000	G#3	27	80	0	0	36	P1-2-7	0	-
23	13.358073	15.848958	E2	26	80	0	0	36	P1-2-16	0	-
24	13.361979	15.759115	E3	27	80	0	0	36	P1-2-17	0	-
25	17.175781	19.688802	E2	34	80	0	0	48	P1-3-9	0	-
26	17.179688	20.559896	E3	33	80	0	0	48	P1-3-10	0	-
27	18.285156	18.968750	B3	50	80	0	0	52	P1-3-2	0	-
28	19.291667	20.908854	B3	49	80	0	0	55	P1-3-3	0	-
29	19.686198	22.500000	G4	47	80	0	0	56	P1-3-4	0	-
30	20.884115	25.519531	E3	42	80	0	0	60	P1-3-12	0	-
31	20.893229	25.669271	E2	40	80	0	0	60	P1-3-11	0	-
32	22.141927	23.188802	C#4	56	80	0	0	64	P1-3-6	0	-
33	23.200521	25.369792	C#4	63	80	0	0	67	P1-3-7	0	-
34	23.746094	25.908854	A#4	47	80	0	0	68	P1-3-8	0	-
35	26.876302	28.059896	B4	51	80	0	0	76	P1-4-4	0	-
36	26.884115	27.658854	F#4	44	80	0	0	76	P1-4-3	0	-
37	26.886719	27.619792	B3	46	80	0	0	76	P1-4-2	0	-
38	26.917969	27.669271	D#3	34	80	0	0	76	P1-4-15	0	-
39	26.924479	27.799479	D#2	36	80	0	0	76	P1-4-13	0	-
40	28.065104	29.188802	B4	40	80	0	0	80	P1-4-7	0	-
41	28.076823	28.539062	F#4	29	80	0	0	80	P1-4-6	0	-
42	28.085938	28.449219	B2	33	80	0	0	80	P1-4-17	0	-
43	28.087240	28.529948	B3	36	80	0	0	80	P1-4-5	0	-
44	28.093750	28.609375	D#2	29	80	0	0	80	P1-4-16	0	-
45	28.095052	28.688802	D#3	31	80	0	0	80	P1-4-18	0	-
46	29.192708	32.500000	F#4	29	80	0	0	84	P1-4-9	0	-
47	29.195312	32.500000	B4	32	80	0	0	84	P1-4-10	0	-
48	29.204427	31.609375	B3	24	80	0	0	84	P1-4-8	0	-
49	29.247396	32.029948	D#2	24	80	0	0	84	P1-4-19	0	-
50	33.171875	37.000000	D2	33	80	0	0	96	P1-5-9	0	-
51	33.196615	36.809896	D3	36	80	0	0	96	P1-5-10	0	-
52	34.250000	34.889323	F4	41	80	0	0	100	P1-5-2	0	-
53	35.153646	36.438802	F4	46	80	0	0	103	P1-5-3	0	-
54	35.509115	37.750000	B4	55	80	0	0	104	P1-5-4	0	-
55	36.781250	40.509115	Db2	46	80	0	0	108	P1-5-11	0	-
56	37.984375	38.769531	B4	62	80	0	0	112	P1-5-6	0	-
57	39.063802	39.609375	B4	63	80	0	0	115	P1-5-7	0	-
58	39.514323	42.000000	F5	63	80	0	0	116	P1-5-8	0	-
59	40.675781	41.899740	C2	47	80	0	0	120	P1-6-7	0	-
60	41.835938	43.559896	E5	70	80	0	0	124	P1-6-2	0	-
61	41.912760	43.229167	C2	32	80	0	0	124	P1-6-9	0	-
62	43.264323	44.209635	G5	89	80	0	0	128	P1-6-3	0	-
63	43.324219	44.848958	C2	37	80	0	0	128	P1-6-11	0	-
64	44.932292	46.579427	Bb4	62	80	0	0	132	P1-6-5	0	-
65	44.968750	47.309896	C2	34	80	0	0	132	P1-6-13	0	-
66	44.971354	46.250000	E4	38	80	0	0	132	P1-6-4	0	-
67	49.484375	50.399740	A4	44	80	0	0	148	P1-7-3	0	-
68	49.497396	50.359375	F4	39	80	0	0	148	P1-7-2	0	-
69	49.498698	50.009115	D3	31	80	0	0	148	P1-7-11	0	-
70	49.505208	50.259115	D2	32	80	0	0	148	P1-7-10	0	-
71	50.640625	53.799479	F5	67	80	0	0	152	P1-7-5	0	-
72	50.684896	51.769531	A4	39	80	0	0	152	P1-7-4	0	-
73	50.694010	51.239583	D2	34	80	0	0	152	P1-7-12	0	-
74	52.022135	54.408854	D2	31	80	0	0	156	P1-7-14	0	-
75	52.023438	54.759115	A4	37	80	0	0	156	P1-7-7	0	-
76	52.031250	54.039062	F4	35	80	0	0	156	P1-7-6	0	-
77	55.656250	56.789062	Bb1	41	80	0	0	168	P1-8-11	0	-
78	55.664062	56.408854	Bb2	37	80	0	0	168	P1-8-12	0	-
79	56.822917	58.649740	G4	48	80	0	0	172	P1-8-4	0	-
80	56.838542	57.750000	Bb3	32	80	0	0	172	P1-8-2	0	-
81	56.845052	57.729167	D4	40	80	0	0	172	P1-8-3	0	-
82	56.846354	57.319010	Bb1	28	80	0	0	172	*	3	-
83	56.847656	57.649740	Bb2	27	80	0	0	172	*	3	-
84	59.419271	60.628906	C2	36	80	0	0	180	P1-8-15	0	-
85	59.428385	59.869792	C3	33	80	0	0	180	P1-8-16	0	-
86	60.602865	62.649740	E4	39	80	0	0	184	P1-8-9	0	-
87	60.632812	62.699219	Bb3	33	80	0	0	184	P1-8-8	0	-
88	60.640625	62.500000	C2	28	80	0	0	184	*	3	-
89	60.643229	62.500000	G3	29	80	0	0	184	P1-8-7	0	-
90	63.442708	64.098958	F2	25	80	0	0	192	P1-9-13	0	-
91	63.444010	64.589844	F1	30	80	0	0	192	P1-9-12	0	-
92	64.571615	66.339844	F4	40	80	0	0	196	P1-9-4	0	-
93	64.596354	65.348958	F2	32	80	0	0	196	P1-9-15	0	-
94	64.601562	65.709635	A3	32	80	0	0	196	P1-9-2	0	-
95	64.602865	65.679688	F1	32	80	0	0	196	P1-9-14	0	-
96	64.604167	65.500000	C4	34	80	0	0	196	P1-9-3	0	-
97	65.694010	66.829427	F1	28	80	0	0	200	P1-9-16	0	-
98	65.708333	66.259115	F2	27	80	0	0	200	P1-9-17	0	-
99	65.712240	65.718750	A4	31	80	0	0	200	P1-9-7	0	-
100	65.721354	66.229167	C4	29	80	0	0	200	P1-9-6	0	-
101	65.723958	66.209635	A3	29	80	0	0	200	P1-9-5	0	-
102	66.869792	69.139323	F4	34	80	0	0	204	P1-9-10	0	-
103	66.888021	70.378906	F2	28	80	0	0	204	P1-9-19	0	-
104	66.893229	68.750000	F1	28	80	0	0	204	P1-9-18	0	-
105	66.894531	68.348958	A3	28	80	0	0	204	P1-9-8	0	-
106	66.899740	68.479167	C4	31	80	0	0	204	P1-9-9	0	-
107	69.122396	70.039062	C3	62	80	0	0	212	P1-9-20	0	-
108	70.214844	70.729167	C3	67	80	0	0	215	P1-9-21	0	-
109	70.565104	72.500000	F2	38	80	0	0	216	P1-10-11	0	-
110	70.744792	72.509115	C3	55	80	0	0	216	P1-10-12	0	-
111	71.135417	72.539062	A3	78	80	0	0	216	P1-10-1	0	-
112	72.457031	73.158854	E2	42	80	0	0	222	P1-10-13	0	-
113	72.483073	73.169271	G3	57	80	0	0	222	P1-10-2	0	-
114	72.516927	72.979167	C3	48	80	0	0	222	P1-10-14	0	-
115	73.105469	73.709635	A3	75	80	0	0	224	P1-10-3	0	-
116	73.122396	73.539062	C3	53	80	0	0	224	P1-10-16	0	-
117	73.127604	73.139323	F1	52	80	0	0	224	*	3	-
118	73.136719	73.729167	F2	49	80	0	0	224	P1-10-15	0	-
119	73.674479	74.250000	Bb3	81	80	0	0	226	P1-10-4	0	-
120	73.690104	74.158854	C3	63	80	0	0	226	P1-10-18	0	-
121	73.692708	73.968750	C2	53	80	0	0	226	*	3	-
122	73.694010	74.348958	G2	57	80	0	0	226	P1-10-17	0	-
123	74.256510	75.059896	B3	85	80	0	0	228	P1-10-5	0	-
124	74.265625	74.878906	C3	63	80	0	0	228	P1-10-20	0	-
125	74.269531	75.019531	G#2	62	80	0	0	228	P1-10-19	0	-
126	75.015625	76.179688	C4	79	80	0	0	230	P1-10-6	0	-
127	75.044271	75.908854	C3	73	80	0	0	230	P1-10-22	0	-
128	75.045573	75.579427	A3	69	80	0	0	230	*	3	-
129	75.045573	76.619792	A2	70	80	0	0	230	P1-10-21	0	-
130	76.423177	78.449219	D4	81	80	0	0	234	P1-10-7	0	-
131	76.436198	79.209635	C3	66	80	0	0	234	P1-10-24	0	-
132	76.442708	78.098958	Bb2	60	80	0	0	234	P1-10-23	0	-
133	76.445312	76.759115	Bb3	57	80	0	0	234	*	3	-
134	78.058594	78.416667	Bb3	46	80	0	0	238	P1-10-8	0	-
135	78.067708	78.411458	G2	34	80	0	0	238	P1-10-25	0	-
136	78.403646	78.750000	A3	39	80	0	0	239	P1-10-9	0	-
137	78.407552	78.725260	F2	39	80	0	0	239	P1-10-26	0	-
138	78.733073	79.679688	E2	33	80	0	0	240	P1-11-13	0	-
139	78.735677	79.139323	G3	42	80	0	0	240	P1-11-1	0	-
140	79.605469	80.250000	F#4	42	80	0	0	242	P1-11-2	0	-
141	80.217448	80.819010	G4	56	80	0	0	244	P1-11-3	0	-
142	80.743490	81.348958	A4	54	80	0	0	246	P1-11-4	0	-
143	80.774740	81.339844	F#3	27	80	0	0	246	P1-11-15	0	-
144	80.777344	81.089844	C4	28	80	0	0	246	P1-11-16	0	-
145	81.294271	81.718750	Bb4	59	80	0	0	248	P1-11-5	0	-
146	81.326823	81.609375	C4	37	80	0	0	248	P1-11-18	0	-
147	81.333333	82.000000	G3	40	80	0	0	248	P1-11-17	0	-
148	81.843750	82.619792	F#5	68	80	0	0	250	P1-11-6	0	-
149	81.885417	82.229167	C4	35	80	0	0	250	P1-11-20	0	-
150	81.890625	82.209635	A3	41	80	0	0	250	P1-11-19	0	-
151	82.424479	83.098958	G5	66	80	0	0	252	P1-11-7	0	-
152	82.458333	82.739583	C4	41	80	0	0	252	P1-11-22	0	-
153	82.459635	82.718750	Bb3	45	80	0	0	252	P1-11-21	0	-
154	83.024740	83.500000	A5	68	80	0	0	254	P1-11-8	0	-
155	83.028646	83.639323	F#2	52	80	0	0	254	P1-11-23	0	-
156	83.029948	83.329427	F#3	54	80	0	0	254	*	3	-
157	83.625000	85.089844	G2	52	80	0	0	256	P1-11-24	0	-
158	83.632812	84.579427	Bb5	66	80	0	0	256	P1-11-9	0	-
159	84.191406	84.779948	A2	62	80	0	0	258	P1-11-25	0	-
160	84.701823	86.479167	Bb2	59	80	0	0	260	P1-11-26	0	-
161	84.842448	85.699219	C3	87	80	0	0	260	P1-11-11	0	-
162	85.518229	86.699219	G2	54	80	0	0	262	P1-11-27	0	-
163	85.520833	85.529948	G1	49	80	0	0	262	*	3	-
164	85.821615	86.218750	C3	68	80	0	0	263	P1-11-12	0	-
165	86.061198	86.869792	E2	48	80	0	0	264	P1-12-13	0	-
166	86.229167	87.139323	C3	60	80	0	0	264	P1-12-12	0	-
167	86.699219	87.218750	Bb3	84	80	0	0	264	P1-12-1	0	-
168	87.231771	88.589844	G2	48	80	0	0	266	P1-12-14	0	-
169	87.233073	88.169271	C3	53	80	0	0	266	P1-12-15	0	-
170	87.234375	87.239583	C4	46	80	0	0	266	*	3	-
171	87.234375	88.529948	Bb3	49	80	0	0	266	*	3	-
172	88.484375	89.229167	A3	75	80	0	0	270	P1-12-2	0	-
173	88.532552	89.119792	F#2	47	80	0	0	270	P1-12-16	0	-
174	88.532552	89.119792	C3	47	80	0	0	270	P1-12-17	0	-
175	89.119792	89.839844	Bb3	81	80	0	0	272	P1-12-3	0	-
176	89.127604	89.699219	C3	59	80	0	0	272	P1-12-19	0	-
177	89.131510	90.069010	G2	56	80	0	0	272	P1-12-18	0	-
178	89.701823	90.529948	C4	69	80	0	0	274	P1-12-4	0	-
179	89.704427	90.429688	A2	58	80	0	0	274	P1-12-20	0	-
180	89.705729	91.799479	C3	67	80	0	0	274	P1-12-21	0	-
181	90.364583	91.279948	C#4	82	80	0	0	276	P1-12-5	0	-
182	90.375000	91.989583	Bb2	62	80	0	0	276	P1-12-22	0	-
183	91.213542	92.869792	D4	87	80	0	0	278	P1-12-6	0	-
184	92.694010	94.859375	C4	68	80	0	0	282	P1-12-7	0	-
185	92.704427	94.899740	G3	56	80	0	0	282	P1-12-10	0	-
186	92.721354	94.408854	C3	55	80	0	0	282	P1-12-27	0	-
187	92.742188	94.279948	E2	43	80	0	0	282	P1-12-26	0	-
188	92.744792	92.759115	E1	46	80	0	0	282	*	3	-
189	94.273438	95.149740	C2	37	80	0	0	286	P1-12-28	0	-
190	94.384115	94.799479	D4	52	80	0	0	286	P1-12-8	0	-
191	94.414062	95.128906	E3	42	80	0	0	286	P1-12-11	0	-
192	94.416667	97.299479	C3	43	80	0	0	286	P1-12-29	0	-
193	94.795573	95.209635	Bb3	59	80	0	0	287	P1-12-9	0	-
194	95.144531	97.279948	A3	37	80	0	0	288	P1-13-2	0	-
195	95.148438	97.500000	F2	37	80	0	0	288	P1-13-13	0	-
196	95.149740	95.158854	F1	37	80	0	0	288	*	3	-
197	96.045573	96.742188	G#4	45	80	0	0	290	P1-13-3	0	-
198	96.671875	97.449219	A4	60	80	0	0	292	P1-13-4	0	-
199	97.223958	97.867188	B4	56	80	0	0	294	P1-13-5	0	-
200	97.226562	97.854167	G#3	47	80	0	0	294	P1-13-15	0	-
201	97.785156	98.468750	C5	63	80	0	0	296	P1-13-6	0	-
202	97.795573	98.449219	A3	47	80	0	0	296	P1-13-16	0	-
203	98.382812	98.968750	G#5	69	80	0	0	298	P1-13-7	0	-
204	98.399740	98.878906	B3	38	80	0	0	298	P1-13-17	0	-
205	98.950521	99.578125	A5	71	80	0	0	300	P1-13-8	0	-
206	98.993490	99.199219	C4	33	80	0	0	300	P1-13-18	0	-
207	99.562500	100.279948	B5	62	80	0	0	302	P1-13-9	0	-
208	99.584635	100.289062	G#2	33	80	0	0	302	P1-13-19	0	-
209	100.157552	100.809896	A2	47	80	0	0	304	P1-13-20	0	-
210	100.171875	101.529948	C6	46	80	0	0	304	P1-13-10	0	-
211	100.792969	101.559896	B2	56	80	0	0	306	P1-13-21	0	-
212	101.494792	102.549479	C5	52	80	0	0	308	P1-13-11	0	-
213	101.496094	102.339844	C3	52	80	0	0	308	P1-13-22	0	-
214	102.304688	103.079427	Bb2	38	80	0	0	310	P1-13-23	0	-
215	102.713542	103.419271	C5	47	80	0	0	311	P1-13-12	0	-
216	103.093750	104.209635	F4	53	80	0	0	312	P1-14-13	0	-
217	103.106771	103.639323	A2	30	80	0	0	312	P1-14-24	0	-
218	104.264323	105.128906	F5	75	80	0	0	316	P1-14-2	0	-
219	104.322917	105.169271	C4	36	80	0	0	316	P1-14-19	0	-
220	104.324219	105.128906	A3	36	80	0	0	316	P1-14-25	0	-
221	105.144531	105.549479	F5	78	80	0	0	319	P1-14-3	0	-
222	105.463542	107.069010	E5	75	80	0	0	320	P1-14-4	0	-
223	105.477865	108.149740	G4	56	80	0	0	320	P1-14-14	0	-
224	105.483073	105.489583	Bb4	61	80	0	0	320	*	3	-
225	105.484375	107.329427	Bb3	58	80	0	0	320	P1-14-26	0	-
226	105.485677	107.429688	C4	51	80	0	0	320	P1-14-20	0	-
227	106.885417	107.449219	G5	63	80	0	0	324	P1-14-5	0	-
228	106.970052	107.729167	E3	33	80	0	0	324	P1-14-27	0	-
229	108.247396	109.179688	Bb4	53	80	0	0	328	P1-14-6	0	-
230	108.287760	109.559896	E4	32	80	0	0	328	P1-14-16	0	-
231	108.295573	110.559896	C3	38	80	0	0	328	P1-14-28	0	-
232	108.299479	109.639323	G3	32	80	0	0	328	P1-14-22	0	-
233	109.192708	109.290365	Bb4	59	80	0	0	331	P1-14-7	0	-
234	109.501302	109.658854	Bb4	56	80	0	0	332	P1-14-8	0	-
235	109.558594	110.029948	A4	48	80	0	0	332	P1-14-9	0	-
236	109.606771	110.337240	F4	48	80	0	0	332	P1-14-17	0	-
237	109.636719	110.468750	F3	31	80	0	0	332	P1-14-29	0	-
238	109.643229	110.337240	A3	34	80	0	0	332	P1-14-23	0	-
239	110.024740	110.272135	G#4	48	80	0	0	333	P1-14-10	0	-
240	110.289062	110.484375	A4	46	80	0	0	334	P1-14-11	0	-
241	110.502604	110.748698	C5	52	80	0	0	335	P1-14-12	0	-
242	110.803385	112.889323	F4	48	80	0	0	336	P1-15-9	0	-
243	111.903646	112.779948	F5	68	80	0	0	340	P1-15-2	0	-
244	111.945312	112.989583	C4	49	80	0	0	340	P1-15-15	0	-
245	111.947917	113.209635	A3	51	80	0	0	340	P1-15-20	0	-
246	112.794271	113.209635	F5	72	80	0	0	343	P1-15-3	0	-
247	113.121094	114.669271	E5	72	80	0	0	344	P1-15-4	0	-
248	113.144531	115.250000	G4	64	80	0	0	344	P1-15-10	0	-
249	113.156250	114.929688	Bb3	68	80	0	0	344	P1-15-21	0	-
250	113.158854	114.949219	C4	60	80	0	0	344	P1-15-16	0	-
251	114.444010	114.968750	G5	76	80	0	0	348	P1-15-5	0	-
252	114.484375	115.429688	E3	39	80	0	0	348	P1-15-22	0	-
253	115.704427	116.479167	Bb4	62	80	0	0	352	P1-15-6	0	-
254	115.713542	117.029948	E4	47	80	0	0	352	P1-15-12	0	-
255	115.722656	116.979167	G3	43	80	0	0	352	P1-15-18	0	-
256	115.723958	117.169271	C3	44	80	0	0	352	P1-15-23	0	-
257	116.701823	117.179688	Bb4	65	80	0	0	355	P1-15-7	0	-
258	117.074219	118.579427	A4	52	80	0	0	356	P1-15-8	0	-
259	117.105469	118.839844	F4	41	80	0	0	356	P1-15-13	0	-
260	117.113281	117.878906	F3	42	80	0	0	356	P1-15-19	0	-
261	117.113281	117.718750	D3	46	80	0	0	356	P1-15-24	0	-
262	118.582031	119.919271	Bb2	47	80	0	0	360	P1-16-12	0	-
263	118.584635	120.688802	Bb1	48	80	0	0	360	P1-16-11	0	-
264	119.878906	121.679688	G4	55	80	0	0	364	P1-16-4	0	-
265	119.923177	121.000000	D4	42	80	0	0	364	P1-16-3	0	-
266	119.925781	120.779948	Bb3	32	80	0	0	364	P1-16-2	0	-
267	119.928385	120.949219	Bb2	29	80	0	0	364	*	3	-
268	122.481771	123.979167	C3	38	80	0	0	372	P1-16-16	0	-
269	122.481771	126.049479	C2	40	80	0	0	372	P1-16-15	0	-
270	123.822917	125.878906	E4	44	80	0	0	376	P1-16-9	0	-
271	123.826823	125.839844	Bb3	39	80	0	0	376	P1-16-8	0	-
272	123.834635	125.718750	G3	37	80	0	0	376	P1-16-7	0	-
273	127.095052	130.669271	F2	25	80	0	0	384	P1-17-10	0	-
274	127.100260	131.229167	F1	28	80	0	0	384	P1-17-9	0	-
275	128.404948	129.089844	C3	32	80	0	0	388	P1-17-2	0	-
276	129.437500	131.229167	C3	39	80	0	0	391	P1-17-3	0	-
277	129.911458	131.839844	A3	38	80	0	0	392	P1-17-4	0	-
278	131.234375	135.769531	F2	30	80	0	0	396	P1-17-12	0	-
279	131.235677	134.459635	F1	34	80	0	0	396	P1-17-11	0	-
280	132.520833	133.489583	A3	43	80	0	0	400	P1-17-6	0	-
281	133.678385	135.109375	A3	37	80	0	0	403	P1-17-7	0	-
282	134.252604	135.750000	D#4	49	80	0	0	404	P1-17-8	0	-
283	134.683594	135.128906	A2	41	80	0	0	405	P1-17-14	0	-
284	135.044271	135.718750	C3	45	80	0	0	406	P1-17-15	0	-
285	135.316406	135.799479	A2	29	80	0	0	407	P1-17-16	0	-
286	135.718750	136.429688	E4	39	80	0	0	408	P1-18-1	0	-
287	135.735677	136.769531	E2	23	80	0	0	408	P1-18-13	0	-
288	136.955729	137.799479	G#3	38	80	0	0	412	P1-18-2	0	-
289	136.960938	137.489583	E4	37	80	0	0	412	P1-18-4	0	-
290	136.967448	137.619792	B3	35	80	0	0	412	P1-18-3	0	-
291	136.980469	137.809896	E2	33	80	0	0	412	P1-18-14	0	-
292	138.132812	138.759115	E4	34	80	0	0	416	P1-18-7	0	-
293	138.135417	138.688802	B3	36	80	0	0	416	P1-18-6	0	-
294	138.145833	138.839844	G#3	33	80	0	0	416	P1-18-5	0	-
295	138.160156	138.809896	E2	31	80	0	0	416	P1-18-16	0	-
296	139.325521	140.009115	B3	35	80	0	0	420	P1-18-9	0	-
297	139.335938	139.750000	E4	28	80	0	0	420	P1-18-10	0	-
298	139.335938	140.419271	G#3	29	80	0	0	420	P1-18-8	0	-
299	139.350260	141.329427	E2	28	80	0	0	420	P1-18-18	0	-
300	140.591146	141.339844	G3	54	80	0	0	424	P1-18-11	0	-
301	141.833333	142.329427	G3	67	80	0	0	428	P1-18-12	0	-
302	143.855469	149.859375	G3	29	80	0	0	432	P1-19-9	0	-
303	143.872396	147.500000	E3	27	80	0	0	432	P1-19-18	0	-
304	143.885417	147.500000	E2	27	80	0	0	432	P1-19-17	0	-
305	145.274740	145.699219	B3	50	80	0	0	436	P1-19-2	0	-
306	146.305990	147.179688	B3	40	80	0	0	439	P1-19-3	0	-
307	146.744792	151.269531	G4	38	80	0	0	440	P1-19-4	0	-
308	148.053385	151.128906	E3	41	80	0	0	444	P1-19-11	0	-
309	148.080729	150.049479	E2	36	80	0	0	444	P1-19-10	0	-
310	149.352865	150.378906	C#4	52	80	0	0	448	P1-19-6	0	-
311	150.596354	152.188802	C#4	53	80	0	0	451	P1-19-7	0	-
312	151.118490	152.688802	A#4	60	80	0	0	452	P1-19-8	0	-
313	151.565104	152.039062	E3	50	80	0	0	453	P1-19-14	0	-
314	151.924479	152.598958	G3	55	80	0	0	454	P1-19-15	0	-
315	152.214844	152.649740	E3	56	80	0	0	455	P1-19-16	0	-
316	152.593750	153.359375	D#3	41	80	0	0	456	P1-20-13	0	-
317	152.593750	153.369792	B4	46	80	0	0	456	P1-20-1	0	-
318	153.932292	154.789062	F#4	43	80	0	0	460	P1-20-3	0	-
319	153.941406	154.509115	B3	45	80	0	0	460	P1-20-2	0	-
320	153.945312	154.598958	B4	47	80	0	0	460	P1-20-4	0	-
321	153.947917	154.639323	B2	40	80	0	0	460	P1-20-15	0	-
322	153.954427	154.619792	D#3	38	80	0	0	460	P1-20-16	0	-
323	153.955729	154.438802	D#2	37	80	0	0	460	P1-20-14	0	-
324	155.157552	155.829427	F#4	39	80	0	0	464	P1-20-6	0	-
325	155.170573	155.829427	D#3	36	80	0	0	464	P1-20-19	0	-
326	155.171875	155.819010	B2	37	80	0	0	464	P1-20-18	0	-
327	155.173177	155.829427	B4	48	80	0	0	464	P1-20-7	0	-
328	155.177083	155.729167	D#2	36	80	0	0	464	P1-20-17	0	-
329	155.179688	155.799479	B3	43	80	0	0	464	P1-20-5	0	-
330	156.381510	157.869792	B4	50	80	0	0	468	P1-20-10	0	-
331	156.395833	157.158854	F#4	33	80	0	0	468	P1-20-9	0	-
332	156.406250	157.089844	B3	38	80	0	0	468	P1-20-8	0	-
333	156.419271	157.289062	D#2	34	80	0	0	468	P1-20-20	0	-
334	156.423177	157.878906	B2	36	80	0	0	468	P1-20-21	0	-
335	156.425781	157.408854	D#3	33	80	0	0	468	P1-20-22	0	-
336	157.770833	158.529948	F3	58	80	0	0	472	P1-20-11	0	-
337	157.776042	158.429688	D3	61	80	0	0	472	P1-20-23	0	-
338	159.075521	159.489583	F3	68	80	0	0	476	P1-20-12	0	-
339	159.082031	159.519531	D3	68	80	0	0	476	P1-20-24	0	-
340	161.186198	163.848958	F3	32	80	0	0	480	P1-21-1	0	-
341	161.186198	164.859375	D3	34	80	0	0	480	P1-21-9	0	-
342	162.382812	163.229167	F4	34	80	0	0	484	P1-21-2	0	-
343	163.373698	164.158854	F4	46	80	0	0	487	P1-21-3	0	-
344	163.804688	166.239583	B4	53	80	0	0	488	P1-21-4	0	-
345	164.153646	164.468750	F3	20	80	0	0	489	P1-21-11	0	-
346	164.463542	165.139323	Ab3	24	80	0	0	490	P1-21-12	0	-
347	164.726562	165.259115	F3	37	80	0	0	491	P1-21-13	0	-
348	165.082031	168.739583	Db3	41	80	0	0	492	P1-21-14	0	-
349	166.253906	166.959635	B4	54	80	0	0	496	P1-21-6	0	-
350	167.315104	167.839844	B4	53	80	0	0	499	P1-21-7	0	-
351	167.746094	169.729167	F5	59	80	0	0	500	P1-21-8	0	-
352	168.082031	168.399740	F3	37	80	0	0	501	P1-21-16	0	-
353	168.382812	169.139323	Ab3	41	80	0	0	502	P1-21-17	0	-
354	168.634115	169.079427	F3	50	80	0	0	503	P1-21-18	0	-
355	168.945312	172.408854	C3	56	80	0	0	504	P1-22-9	0	-
356	170.052083	170.809896	F5	68	80	0	0	508	P1-22-2	0	-
357	170.985677	171.799479	F5	65	80	0	0	511	P1-22-3	0	-
358	171.415365	173.669271	Ab5	82	80	0	0	512	P1-22-4	0	-
359	171.800781	172.199219	F3	49	80	0	0	513	P1-22-11	0	-
360	172.091146	174.529948	Ab3	59	80	0	0	514	P1-22-12	0	-
361	172.343750	173.149740	F3	69	80	0	0	515	P1-22-13	0	-
362	172.627604	176.039062	B2	67	80	0	0	516	P1-22-14	0	-
363	173.684896	174.309896	F5	71	80	0	0	520	P1-22-6	0	-
364	174.622396	175.209635	F5	70	80	0	0	523	P1-22-7	0	-
365	175.069010	179.889323	D6	82	80	0	0	524	P1-22-8	0	-
366	175.408854	175.769531	F3	68	80	0	0	525	P1-22-16	0	-
367	175.684896	176.049479	Ab3	73	80	0	0	526	P1-22-17	0	-
368	175.938802	176.468750	F3	61	80	0	0	527	P1-22-18	0	-
369	176.375000	179.369792	Ab2	78	80	0	0	528	P1-23-9	0	-
370	177.458333	178.459635	F5	77	80	0	0	532	P1-23-2	0	-
371	178.472656	179.889323	F5	69	80	0	0	535	P1-23-3	0	-
372	178.966146	182.500000	F6	87	80	0	0	536	P1-23-4	0	-
373	179.433594	179.769531	F3	45	80	0	0	537	P1-23-11	0	-
374	179.752604	180.049479	B3	42	80	0	0	538	P1-23-12	0	-
375	180.026042	180.878906	F3	31	80	0	0	539	P1-23-13	0	-
376	180.529948	184.348958	G2	36	80	0	0	540	P1-23-14	0	-
377	181.944010	182.429688	F5	48	80	0	0	544	P1-23-6	0	-
378	182.945312	183.519531	F5	47	80	0	0	547	P1-23-7	0	-
379	183.315104	186.369792	F6	65	80	0	0	548	P1-23-8	0	-
380	183.588542	184.009115	F3	46	80	0	0	549	P1-23-16	0	-
381	183.907552	184.218750	B3	54	80	0	0	550	P1-23-17	0	-
382	184.191406	184.750000	F3	54	80	0	0	551	P1-23-18	0	-
383	184.673177	187.500000	Ab2	77	80	0	0	552	P1-24-15	0	-
384	185.923177	187.000000	F5	69	80	0	0	556	P1-24-2	0	-
385	187.006510	188.519531	F5	71	80	0	0	559	P1-24-3	0	-
386	187.539062	190.158854	F6	83	80	0	0	560	P1-24-4	0	-
387	187.993490	188.408854	F3	52	80	0	0	561	P1-24-17	0	-
388	188.320312	188.589844	B3	52	80	0	0	562	P1-24-18	0	-
389	188.623698	188.848958	F3	52	80	0	0	563	P1-24-19	0	-
390	188.902344	189.250000	Ab2	44	80	0	0	564	P1-24-20	0	-
391	189.209635	189.529948	F3	48	80	0	0	565	P1-24-21	0	-
392	189.494792	189.859375	B3	54	80	0	0	566	P1-24-22	0	-
393	189.805990	191.848958	F5	69	80	0	0	567	P1-24-6	0	-
394	189.807292	190.339844	F3	39	80	0	0	567	P1-24-23	0	-
395	190.203125	190.709635	Ab2	39	80	0	0	568	P1-24-24	0	-
396	190.350260	190.968750	F6	71	80	0	0	568	P1-24-7	0	-
397	190.701823	191.019531	F3	34	80	0	0	569	P1-24-25	0	-
398	191.002604	191.250000	B3	32	80	0	0	570	P1-24-26	0	-
399	191.283854	192.079427	D5	66	80	0	0	571	P1-24-10	0	-
400	191.283854	191.658854	F3	33	80	0	0	571	P1-24-27	0	-
401	191.632812	192.348958	D6	59	80	0	0	572	P1-24-11	0	-
402	191.636719	192.158854	Ab2	35	80	0	0	572	P1-24-28	0	-
403	191.919271	192.239583	F3	39	80	0	0	573	P1-24-29	0	-
404	192.213542	192.389323	B3	33	80	0	0	574	P1-24-30	0	-
405	192.440104	193.199219	F3	33	80	0	0	575	P1-24-31	0	-
406	192.535156	193.209635	B4	57	80	0	0	575	P1-24-14	0	-
407	192.815104	193.739583	G2	36	80	0	0	576	P1-25-25	0	-
408	193.003906	193.389323	B5	61	80	0	0	576	P1-25-1	0	-
409	193.320312	193.609375	F3	48	80	0	0	577	P1-25-26	0	-
410	193.621094	193.678385	B3	40	80	0	0	578	P1-25-27	0	-
411	193.854167	193.934896	F3	47	80	0	0	579	P1-25-28	0	-
412	193.854167	194.389323	F4	58	80	0	0	579	P1-25-4	0	-
413	194.182292	194.408854	G2	41	80	0	0	580	P1-25-29	0	-
414	194.188802	194.438802	F3	38	80	0	0	580	*	3	-
415	194.194010	195.489583	F5	55	80	0	0	580	P1-25-5	0	-
416	194.446615	194.639323	D3	39	80	0	0	581	P1-25-30	0	-
417	194.725260	194.889323	F3	35	80	0	0	582	P1-25-31	0	-
418	194.993490	195.250000	D4	49	80	0	0	583	P1-25-8	0	-
419	194.993490	195.239583	D3	46	80	0	0	583	P1-25-32	0	-
420	195.294271	195.688802	G2	33	80	0	0	584	P1-25-33	0	-
421	195.299479	195.609375	D5	51	80	0	0	584	P1-25-9	0	-
422	195.575521	195.878906	B2	34	80	0	0	585	P1-25-34	0	-
423	195.834635	195.989583	D3	34	80	0	0	586	P1-25-35	0	-
424	196.098958	196.299479	B3	50	80	0	0	587	P1-25-12	0	-
425	196.127604	196.419271	B2	37	80	0	0	587	P1-25-36	0	-
426	196.434896	196.759115	B4	50	80	0	0	588	P1-25-13	0	-
427	196.434896	197.509115	G2	31	80	0	0	588	P1-25-37	0	-
428	196.442708	196.750000	B3	38	80	0	0	588	*	3	-
429	196.709635	196.959635	B2	34	80	0	0	589	P1-25-38	0	-
430	196.951823	197.449219	D3	38	80	0	0	590	P1-25-39	0	-
431	197.192708	197.449219	F3	50	80	0	0	591	P1-25-16	0	-
432	197.220052	197.460938	B2	38	80	0	0	591	P1-25-40	0	-
433	197.496094	197.919271	F4	42	80	0	0	592	P1-25-17	0	-
434	197.520833	198.500000	G2	28	80	0	0	592	P1-25-41	0	-
435	197.809896	198.899740	B2	34	80	0	0	593	P1-25-42	0	-
436	198.046875	198.118490	D3	38	80	0	0	594	P1-25-43	0	-
437	198.341146	198.500000	D3	44	80	0	0	595	P1-25-20	0	-
438	198.684896	199.529948	D4	46	80	0	0	596	P1-25-21	0	-
439	198.694010	199.250000	G1	31	80	0	0	-1	*	3	-
440	198.695312	198.989583	G2	29	80	0	0	596	P1-25-45	0	-
441	198.954427	199.339844	D2	38	80	0	0	597	P1-25-46	0	-
442	199.208333	199.549479	B1	40	80	0	0	598	P1-25-47	0	-
443	199.212240	199.429688	G2	33	80	0	0	-1	*	3	-
444	199.558594	200.128906	D2	38	80	0	0	599	P1-25-48	0	-
445	199.562500	200.059896	B2	41	80	0	0	599	P1-25-24	0	-
446	199.562500	200.169271	B1	39	80	0	0	-1	*	3	-
447	200.045573	200.339844	G2	30	80	0	0	-1	*	3	-
448	200.050781	200.799479	B3	34	80	0	0	600	P1-26-1	0	-
449	200.052083	200.709635	G1	32	80	0	0	600	P1-26-12	0	-
450	201.208333	202.369792	F3	35	80	0	0	604	P1-26-4	0	-
451	201.234375	202.239583	G1	37	80	0	0	604	P1-26-13	0	-
452	201.235677	201.989583	G2	35	80	0	0	604	P1-26-14	0	-
453	201.240885	201.250000	B1	35	80	0	0	604	*	3	-
454	201.242188	202.269531	B2	32	80	0	0	604	P1-26-2	0	-
455	202.365885	203.569010	G1	35	80	0	0	608	P1-26-15	0	-
456	202.369792	203.139323	G2	34	80	0	0	608	P1-26-16	0	-
457	202.376302	203.299479	F3	35	80	0	0	608	P1-26-7	0	-
458	202.376302	203.769531	B2	34	80	0	0	608	P1-26-5	0	-
459	203.947917	205.769531	F3	36	80	0	0	612	P1-26-10	0	-
460	203.951823	205.628906	D3	38	80	0	0	612	P1-26-9	0	-
461	203.955729	206.139323	G#2	37	80	0	0	612	P1-26-18	0	-
462	203.962240	206.109375	B2	35	80	0	0	612	P1-26-8	0	-
463	203.996094	206.739583	G#1	32	80	0	0	612	P1-26-17	0	-
464	206.703125	208.479167	F5	60	80	0	0	620	P1-26-11	0	-
465	208.227865	208.625000	E5	43	80	0	0	624	P1-27-1	0	-
466	209.653646	210.709635	C3	31	80	0	0	628	P1-27-2	0	-
467	209.661458	210.699219	E3	30	80	0	0	628	P1-27-3	0	-
468	209.694010	210.299479	A2	32	80	0	0	628	P1-27-11	0	-
469	210.709635	211.459635	E3	30	80	0	0	632	P1-27-5	0	-
470	210.714844	211.809896	A1	32	80	0	0	632	P1-27-12	0	-
471	210.718750	211.209635	A2	28	80	0	0	632	P1-27-13	0	-
472	210.720052	211.729167	C3	31	80	0	0	632	P1-27-4	0	-
473	211.837240	213.069010	E3	29	80	0	0	636	P1-27-7	0	-
474	211.863281	212.750000	C3	25	80	0	0	636	P1-27-6	0	-
475	211.864583	212.709635	A1	29	80	0	0	636	P1-27-14	0	-
476	211.872396	212.829427	A2	24	80	0	0	636	P1-27-15	0	-
477	214.652344	216.389323	E5	62	80	0	0	644	P1-27-8	0	-
478	216.313802	217.259115	D5	43	80	0	0	648	P1-28-1	0	-
479	216.335938	216.949219	F2	24	80	0	0	648	P1-28-12	0	-
480	216.338542	219.598958	F1	28	80	0	0	648	P1-28-11	0	-
481	217.734375	219.269531	F3	33	80	0	0	652	P1-28-3	0	-
482	217.742188	218.500000	A3	28	80	0	0	652	P1-28-4	0	-
483	217.765625	219.459635	D3	33	80	0	0	652	P1-28-2	0	-
484	219.292969	221.549479	D5	60	80	0	0	656	P1-28-5	0	-
485	221.242188	223.289062	G5	45	80	0	0	660	P1-28-6	0	-
486	221.264323	221.769531	G2	22	80	0	0	660	P1-28-16	0	-
487	221.272135	221.848958	G1	26	80	0	0	660	P1-28-15	0	-
488	222.712240	223.459635	G3	30	80	0	0	664	P1-28-9	0	-
489	222.713542	224.429688	G2	30	80	0	0	664	*	3	-
490	222.714844	225.408854	B2	32	80	0	0	664	P1-28-7	0	-
491	222.717448	223.309896	D3	33	80	0	0	664	P1-28-8	0	-
492	224.928385	227.709635	G5	71	80	0	0	668	P1-28-10	0	-
//Missing 0	P1-1-9
//Missing 0	P1-1-10
//Missing 76	P1-4-14
//Missing 84	P1-4-20
//Missing 84	P1-4-21
//Missing 108	P1-5-12
//Missing 120	P1-6-8
//Missing 124	P1-6-10
//Missing 128	P1-6-12
//Missing 132	P1-6-14
//Missing 152	P1-7-13
//Missing 156	P1-7-15
//Missing 238	P1-10-27
//Missing 240	P1-11-14
//Missing 276	P1-12-23
//Missing 278	P1-12-24
//Missing 288	P1-13-1
//Missing 288	P1-13-14
//Missing 412	P1-18-15
//Missing 416	P1-18-17
//Missing 420	P1-18-19
//Missing 595	P1-25-44
//Missing 604	P1-26-3
//Missing 608	P1-26-6
//Missing 628	P1-27-10
