//Version: ScorePerfmMatch_v170503
// Score: ./musicxml_cleaned_hmm.txt
// Perfm: ./02886_spr.txt
// fmt3x: ./musicxml_cleaned_fmt3x.txt
0	1.238281	1.523438	E4	49	80	0	0	4	P1-1-16	1	0
1	1.285156	2.199219	A3	32	80	0	0	-1	*	3	-
2	1.505208	1.753906	A4	52	80	0	0	2	P1-1-2	0	-
3	1.755208	2.005208	G#4	60	80	0	0	4	P1-1-3	0	-
4	1.763021	2.024740	E3	42	80	0	0	-1	*	3	-
5	1.764323	1.769531	A2	39	80	0	0	6	P1-1-17	1	-
6	2.000000	2.598958	C#3	45	80	0	0	-1	*	3	-
7	2.001302	2.255208	A4	58	80	0	0	6	P1-1-4	0	-
8	2.256510	2.506510	C#5	59	80	0	0	8	P1-1-5	0	-
9	2.496094	2.773438	B4	63	80	0	0	10	P1-1-6	0	-
10	2.516927	2.705729	E3	45	80	0	0	10	P1-1-18	0	-
11	2.755208	3.281250	A3	56	80	0	0	12	P1-1-9	0	-
12	2.786458	4.079427	C#5	71	80	0	0	12	P1-1-7	0	-
13	2.795573	3.282552	A2	50	80	0	0	12	P1-1-19	0	-
14	3.035156	3.264323	E4	65	80	0	0	14	P1-1-10	0	-
15	3.256510	3.524740	D4	69	80	0	0	16	P1-1-11	0	-
16	3.257812	3.524740	B2	53	80	0	0	16	P1-1-20	0	-
17	3.503906	3.743490	E4	69	80	0	0	18	P1-1-12	0	-
18	3.516927	4.035156	C#3	53	80	0	0	18	P1-1-21	0	-
19	3.753906	4.035156	G#4	66	80	0	0	20	P1-1-13	0	-
20	3.981771	4.173177	F#4	71	80	0	0	22	P1-1-14	0	-
21	3.983073	4.269531	A2	51	80	0	0	22	P1-1-22	0	-
22	4.248698	4.768229	G#4	67	80	0	0	24	P1-2-8	0	-
23	4.273438	4.779948	E3	50	80	0	0	24	P1-2-15	0	-
24	4.274740	4.350260	A2	43	80	0	0	24	*	3	-
25	4.479167	4.761719	B4	61	80	0	0	26	P1-2-2	0	-
26	4.701823	4.783854	E2	48	80	0	0	28	P1-2-16	0	-
27	4.734375	4.990885	A4	63	80	0	0	28	P1-2-3	0	-
28	4.970052	5.213542	B4	76	80	0	0	30	P1-2-4	0	-
29	5.003906	5.355469	E2	46	80	0	0	30	P1-2-17	0	-
30	5.203125	5.549479	D5	77	80	0	0	32	P1-2-5	0	-
31	5.434896	5.782552	C#5	74	80	0	0	34	P1-2-6	0	-
32	5.434896	5.494792	E3	56	80	0	0	34	P1-2-18	0	-
33	5.722656	6.669271	D5	79	80	0	0	36	P1-2-7	0	-
34	5.729167	6.127604	E3	51	80	0	0	36	P1-2-19	0	-
35	5.945312	6.194010	F#4	73	80	0	0	38	P1-2-10	0	-
36	6.166667	6.407552	D3	50	80	0	0	40	P1-2-20	0	-
37	6.175781	6.799479	E4	66	80	0	0	40	P1-2-11	0	-
38	6.436198	6.666667	F#4	75	80	0	0	42	P1-2-12	0	-
39	6.455729	6.920573	C#3	44	80	0	0	42	P1-2-21	0	-
40	6.674479	6.912760	A4	58	80	0	0	44	P1-2-13	0	-
41	6.919271	7.175781	G#4	62	80	0	0	46	P1-2-14	0	-
42	6.925781	7.251302	B2	47	80	0	0	46	P1-2-22	0	-
43	7.204427	9.408854	A4	56	80	0	0	48	P1-3-13	0	-
44	7.230469	7.389323	A3	49	80	0	0	48	*	3	-
45	7.242188	7.388021	A2	45	80	0	0	48	P1-3-14	0	-
46	7.475260	7.759115	A3	54	80	0	0	50	P1-3-15	0	-
47	7.475260	7.779948	C#5	66	80	0	0	50	P1-3-2	0	-
48	7.712240	7.759115	G#3	53	80	0	0	52	P1-3-16	0	-
49	7.713542	7.957031	B4	69	80	0	0	52	P1-3-3	0	-
50	7.958333	8.250000	C#5	70	80	0	0	54	P1-3-4	0	-
51	7.963542	8.200521	A3	60	80	0	0	54	P1-3-17	0	-
52	8.205729	8.483073	E5	70	80	0	0	56	P1-3-5	0	-
53	8.210938	8.417969	C#4	53	80	0	0	56	P1-3-18	0	-
54	8.437500	8.707031	D5	71	80	0	0	58	P1-3-6	0	-
55	8.438802	8.700521	B3	54	80	0	0	58	P1-3-19	0	-
56	8.683594	8.963542	E5	72	80	0	0	60	P1-3-7	0	-
57	8.714844	9.009115	C#4	44	80	0	0	60	P1-3-20	0	-
58	8.915365	9.179688	D5	77	80	0	0	62	P1-3-8	0	-
59	8.916667	9.151042	B3	60	80	0	0	62	P1-3-21	0	-
60	9.153646	9.410156	C#5	75	80	0	0	64	P1-3-9	0	-
61	9.162760	9.412760	A3	59	80	0	0	64	P1-3-22	0	-
62	9.391927	9.641927	D5	72	80	0	0	66	P1-3-10	0	-
63	9.393229	9.622396	B3	57	80	0	0	66	P1-3-23	0	-
64	9.626302	9.893229	F#5	77	80	0	0	68	P1-3-11	0	-
65	9.634115	9.949219	D4	51	80	0	0	68	P1-3-24	0	-
66	9.864583	10.221354	C#4	49	80	0	0	70	P1-3-25	0	-
67	9.864583	10.235677	E5	70	80	0	0	70	P1-3-12	0	-
68	10.143229	11.188802	F#5	77	80	0	0	72	P1-4-1	0	-
69	10.149740	10.669271	D4	52	80	0	0	72	P1-4-18	0	-
70	10.389323	10.635417	B4	63	80	0	0	74	P1-4-11	0	-
71	10.626302	10.799479	C#5	67	80	0	0	76	P1-4-12	0	-
72	10.630208	10.899740	C#4	55	80	0	0	76	P1-4-19	0	-
73	10.872396	11.649740	D5	79	80	0	0	78	P1-4-13	0	-
74	10.876302	11.287760	B3	60	80	0	0	78	P1-4-20	0	-
75	11.114583	11.393229	G#5	77	80	0	0	80	P1-4-3	0	-
76	11.361979	11.683594	A5	80	80	0	0	82	P1-4-4	0	-
77	11.378906	11.679688	A3	58	80	0	0	82	P1-4-21	0	-
78	11.636719	12.009115	B5	88	80	0	0	84	P1-4-5	0	-
79	11.644531	11.979167	G#3	59	80	0	0	84	P1-4-22	0	-
80	11.902344	12.819010	E5	74	80	0	0	86	P1-4-6	0	-
81	11.930990	12.169271	C#5	57	80	0	0	86	P1-4-15	0	-
82	12.147135	12.410156	B4	64	80	0	0	88	P1-4-16	0	-
83	12.394531	12.938802	A3	54	80	0	0	90	P1-4-24	0	-
84	12.394531	13.389323	C#5	67	80	0	0	90	P1-4-17	0	-
85	12.634115	12.895833	F#5	71	80	0	0	92	P1-4-8	0	-
86	12.864583	13.199219	G#5	77	80	0	0	94	P1-4-9	0	-
87	13.117188	13.519531	A5	77	80	0	0	96	P1-5-1	0	-
88	13.156250	13.316406	F#3	45	80	0	0	96	P1-5-20	0	-
89	13.371094	14.158854	D5	79	80	0	0	98	P1-5-2	0	-
90	13.394531	13.688802	B4	63	80	0	0	98	P1-5-13	0	-
91	13.617188	13.884115	A4	48	80	0	0	100	P1-5-14	0	-
92	13.855469	14.669271	B4	64	80	0	0	102	P1-5-15	0	-
93	13.856771	14.188802	G#3	55	80	0	0	102	P1-5-22	0	-
94	14.111979	14.393229	E5	73	80	0	0	104	P1-5-4	0	-
95	14.355469	14.636719	D5	76	80	0	0	106	P1-5-5	0	-
96	14.588542	15.329427	A3	55	80	0	0	108	P1-5-24	0	-
97	14.589844	15.109375	C#5	73	80	0	0	108	P1-5-6	0	-
98	14.834635	15.083333	D5	75	80	0	0	110	P1-5-7	0	-
99	15.075521	15.325521	E5	73	80	0	0	112	P1-5-8	0	-
100	15.083333	15.315104	A4	63	80	0	0	112	P1-5-17	0	-
101	15.083333	15.338542	C#3	54	80	0	0	112	P1-5-25	0	-
102	15.313802	15.563802	D5	78	80	0	0	114	P1-5-9	0	-
103	15.334635	15.800781	B2	56	80	0	0	114	P1-5-26	0	-
104	15.334635	15.802083	G#4	60	80	0	0	114	P1-5-18	0	-
105	15.554688	15.785156	E5	69	80	0	0	116	P1-5-10	0	-
106	15.799479	16.209635	C#5	68	80	0	0	118	P1-5-11	0	-
107	15.813802	15.819010	E4	52	80	0	0	118	*	3	-
108	15.813802	16.160156	A2	52	80	0	0	118	P1-5-27	0	-
109	15.824219	16.209635	A4	43	80	0	0	118	P1-5-19	0	-
110	16.105469	16.889323	B4	77	80	0	0	120	P1-6-1	0	-
111	16.135417	16.265625	E2	50	80	0	0	120	P1-6-17	0	-
112	16.345052	16.597656	E3	56	80	0	0	122	P1-6-18	0	-
113	16.355469	16.605469	G#4	70	80	0	0	122	P1-6-9	0	-
114	16.570312	16.854167	D#3	72	80	0	0	124	P1-6-19	0	-
115	16.592448	16.721354	F#4	74	80	0	0	124	P1-6-10	0	-
116	16.821615	17.169271	G#4	67	80	0	0	126	P1-6-11	0	-
117	16.822917	17.649740	E5	75	80	0	0	126	P1-6-2	0	-
118	16.843750	17.037760	E3	66	80	0	0	126	P1-6-20	0	-
119	17.058594	17.272135	G#3	75	80	0	0	128	P1-6-21	0	-
120	17.059896	17.399740	B4	74	80	0	0	128	P1-6-12	0	-
121	17.273438	17.582031	F#3	71	80	0	0	130	P1-6-22	0	-
122	17.312500	17.569010	A4	58	80	0	0	130	P1-6-13	0	-
123	17.554688	18.809896	B4	77	80	0	0	132	P1-6-14	0	-
124	17.562500	18.059896	G#3	63	80	0	0	132	P1-6-23	0	-
125	17.808594	18.014323	F#5	71	80	0	0	134	P1-6-4	0	-
126	18.050781	18.143229	E5	67	80	0	0	136	P1-6-5	0	-
127	18.152344	18.207031	D5	67	80	0	0	138	*	3	-
128	18.236979	18.389323	E5	63	80	0	0	138	P1-6-6	0	-
129	18.296875	18.805990	D5	71	80	0	0	138	P1-6-6	0	-
130	18.546875	18.799479	B3	57	80	0	0	140	P1-6-25	0	-
131	18.777344	19.117188	C#5	70	80	0	0	142	P1-6-7	0	-
132	18.785156	19.132812	F#4	61	80	0	0	142	P1-6-16	0	-
133	18.785156	19.117188	A#3	62	80	0	0	142	P1-6-26	0	-
134	19.063802	19.579427	D5	79	80	0	0	144	P1-7-1	0	-
135	19.071615	19.229167	B3	57	80	0	0	144	P1-7-18	0	-
136	19.295573	19.541667	B4	68	80	0	0	146	P1-7-9	0	-
137	19.325521	19.546875	D4	57	80	0	0	146	P1-7-19	0	-
138	19.523438	19.795573	A#4	67	80	0	0	148	P1-7-10	0	-
139	19.527344	19.794271	C#4	59	80	0	0	148	P1-7-20	0	-
140	19.778646	20.619792	B4	78	80	0	0	150	P1-7-11	0	-
141	19.786458	20.039062	D4	59	80	0	0	150	P1-7-21	0	-
142	20.006510	20.154948	F#4	67	80	0	0	152	P1-7-22	0	-
143	20.022135	20.319010	D5	66	80	0	0	152	P1-7-3	0	-
144	20.244792	20.628906	C#5	69	80	0	0	154	P1-7-4	0	-
145	20.265625	20.619792	E4	49	80	0	0	154	P1-7-23	0	-
146	20.497396	21.429688	D5	68	80	0	0	156	P1-7-5	0	-
147	20.498698	21.424479	F#4	66	80	0	0	156	P1-7-24	0	-
148	20.764323	21.042969	A4	66	80	0	0	158	P1-7-13	0	-
149	21.001302	21.259115	G#4	74	80	0	0	160	P1-7-14	0	-
150	21.236979	21.479167	A4	72	80	0	0	162	P1-7-15	0	-
151	21.484375	21.709635	C#5	75	80	0	0	164	P1-7-16	0	-
152	21.486979	21.809896	A4	62	80	0	0	164	P1-7-26	0	-
153	21.714844	22.059896	B5	73	80	0	0	166	P1-7-7	0	-
154	21.743490	22.041667	B4	72	80	0	0	166	P1-7-17	0	-
155	21.743490	22.042969	G#4	66	80	0	0	166	P1-7-27	0	-
156	21.996094	22.281250	E5	75	80	0	0	168	P1-8-1	0	-
157	22.003906	22.408854	C#5	65	80	0	0	168	P1-8-12	0	-
158	22.006510	22.559896	A4	58	80	0	0	168	P1-8-18	0	-
159	22.242188	22.549479	F#5	79	80	0	0	170	P1-8-2	0	-
160	22.475260	22.769531	G#4	69	80	0	0	172	P1-8-19	0	-
161	22.477865	22.819010	B4	72	80	0	0	172	P1-8-13	0	-
162	22.479167	22.783854	E5	81	80	0	0	172	P1-8-3	0	-
163	22.734375	23.289062	D#5	81	80	0	0	174	P1-8-4	0	-
164	22.743490	23.628906	F#4	66	80	0	0	174	P1-8-20	0	-
165	22.755208	23.934896	A4	61	80	0	0	174	P1-8-14	0	-
166	22.984375	23.253906	E5	78	80	0	0	176	P1-8-5	0	-
167	23.214844	23.549479	F#5	81	80	0	0	178	P1-8-6	0	-
168	23.227865	23.502604	E4	53	80	0	0	178	P1-8-21	0	-
169	23.483073	23.927083	B4	78	80	0	0	180	P1-8-7	0	-
170	23.500000	23.938802	D#4	53	80	0	0	180	P1-8-22	0	-
171	23.716146	23.932292	B3	61	80	0	0	182	P1-8-23	0	-
172	23.914062	24.299479	C#5	75	80	0	0	184	P1-8-8	0	-
173	23.944010	24.209635	G#4	60	80	0	0	184	P1-8-16	0	-
174	23.945312	24.408854	E4	54	80	0	0	184	P1-8-24	0	-
175	24.173177	24.449219	A4	66	80	0	0	186	P1-8-9	0	-
176	24.192708	24.635417	F#4	66	80	0	0	186	P1-8-17	0	-
177	24.408854	24.634115	G#4	71	80	0	0	188	P1-8-10	0	-
178	24.632812	25.039062	A4	65	80	0	0	190	P1-8-11	0	-
179	24.664062	24.812500	D#4	53	80	0	0	190	P1-8-26	0	-
180	24.877604	25.372396	G#4	75	80	0	0	192	P1-9-1	0	-
181	24.886719	25.149740	E4	60	80	0	0	192	P1-9-21	0	-
182	25.113281	25.372396	D#4	57	80	0	0	194	P1-9-14	0	-
183	25.113281	25.364583	B3	51	80	0	0	194	P1-9-22	0	-
184	25.352865	25.664062	A4	67	80	0	0	196	P1-9-2	0	-
185	25.376302	25.652344	C#4	55	80	0	0	196	P1-9-23	0	-
186	25.380208	25.658854	E4	51	80	0	0	196	P1-9-15	0	-
187	25.604167	25.816406	B3	60	80	0	0	198	P1-9-24	0	-
188	25.610677	25.915365	G#4	69	80	0	0	198	P1-9-3	0	-
189	25.863281	25.936198	G#3	55	80	0	0	200	P1-9-25	0	-
190	25.863281	25.937500	F#4	68	80	0	0	200	P1-9-4	0	-
191	25.966146	26.074219	E4	60	80	0	0	201	P1-9-5	0	-
192	26.076823	26.372396	A3	56	80	0	0	202	P1-9-26	0	-
193	26.083333	26.122396	F#4	68	80	0	0	202	P1-9-6	0	-
194	26.095052	26.109375	D#4	51	80	0	0	202	P1-9-17	0	-
195	26.401042	26.643229	B5	82	80	0	0	204	P1-9-7	0	-
196	26.412760	27.069010	G#3	52	80	0	0	204	P1-9-27	0	-
197	26.414062	26.718750	E4	56	80	0	0	204	P1-9-18	0	-
198	26.700521	26.970052	E5	63	80	0	0	206	P1-9-8	0	-
199	26.733073	27.128906	E4	38	80	0	0	206	*	3	-
200	26.954427	27.204427	F#5	64	80	0	0	208	P1-9-9	0	-
201	27.205729	27.425781	E5	66	80	0	0	210	P1-9-10	0	-
202	27.440104	27.670573	C#5	69	80	0	0	212	P1-9-11	0	-
203	27.675781	27.979167	D5	69	80	0	0	214	P1-9-12	0	-
204	27.680990	27.760417	E3	51	80	0	0	214	P1-9-29	0	-
205	27.945312	28.479167	C#5	67	80	0	0	216	P1-10-1	0	-
206	27.954427	28.309896	A4	55	80	0	0	216	P1-10-10	0	-
207	27.954427	28.769531	A3	62	80	0	0	216	P1-10-20	0	-
208	28.184896	28.449219	E4	67	80	0	0	218	P1-10-11	0	-
209	28.424479	28.641927	F#4	73	80	0	0	220	P1-10-12	0	-
210	28.425781	28.639323	A4	60	80	0	0	220	P1-10-2	0	-
211	28.671875	29.859375	G5	72	80	0	0	222	P1-10-3	0	-
212	28.708333	28.979167	E4	57	80	0	0	222	P1-10-13	0	-
213	28.914062	29.136719	C#4	72	80	0	0	224	P1-10-14	0	-
214	29.143229	29.402344	B3	63	80	0	0	226	P1-10-22	0	-
215	29.147135	29.408854	D4	61	80	0	0	226	P1-10-15	0	-
216	29.388021	29.859375	C#4	66	80	0	0	228	P1-10-16	0	-
217	29.411458	29.709635	A3	57	80	0	0	228	P1-10-23	0	-
218	29.631510	29.816406	C#5	72	80	0	0	230	P1-10-5	0	-
219	29.641927	29.864583	E3	65	80	0	0	230	P1-10-24	0	-
220	29.854167	30.102865	D5	73	80	0	0	232	P1-10-6	0	-
221	29.861979	30.062500	F#3	76	80	0	0	232	P1-10-25	0	-
222	30.074219	30.360677	E3	63	80	0	0	234	P1-10-26	0	-
223	30.105469	30.345052	C#5	77	80	0	0	234	P1-10-7	0	-
224	30.328125	30.570312	C#3	71	80	0	0	236	P1-10-27	0	-
225	30.333333	30.575521	A#4	70	80	0	0	236	P1-10-8	0	-
226	30.540365	30.824219	D3	70	80	0	0	238	P1-10-28	0	-
227	30.565104	30.864583	B4	76	80	0	0	238	P1-10-9	0	-
228	30.842448	31.449219	C#4	79	80	0	0	240	P1-11-7	0	-
229	30.856771	31.389323	C#3	61	80	0	0	240	P1-11-14	0	-
230	30.859375	32.059896	E5	76	80	0	0	240	P1-11-1	0	-
231	31.100260	31.358073	G#4	76	80	0	0	242	P1-11-8	0	-
232	31.326823	31.653646	F#4	79	80	0	0	244	P1-11-9	0	-
233	31.572917	31.799479	G#4	79	80	0	0	246	P1-11-10	0	-
234	31.799479	32.065104	B4	68	80	0	0	248	P1-11-11	0	-
235	32.053385	32.324219	F#2	54	80	0	0	250	P1-11-17	0	-
236	32.054688	32.324219	A#4	71	80	0	0	250	P1-11-12	0	-
237	32.312500	32.576823	B2	54	80	0	0	252	P1-11-18	0	-
238	32.313802	33.878906	B4	79	80	0	0	252	P1-11-13	0	-
239	32.565104	32.841146	D5	69	80	0	0	254	P1-11-3	0	-
240	32.585938	32.697917	F#3	49	80	0	0	254	P1-11-19	0	-
241	32.794271	33.071615	C#5	69	80	0	0	256	P1-11-4	0	-
242	32.795573	33.044271	E3	53	80	0	0	256	P1-11-20	0	-
243	33.041667	33.579427	D5	74	80	0	0	258	P1-11-5	0	-
244	33.041667	33.255208	F#3	56	80	0	0	258	P1-11-21	0	-
245	33.285156	33.493490	A3	55	80	0	0	260	P1-11-22	0	-
246	33.531250	33.834635	E5	71	80	0	0	262	P1-11-6	0	-
247	33.532552	33.869792	G#3	54	80	0	0	262	P1-11-23	0	-
248	33.799479	34.799479	C#5	69	80	0	0	264	P1-12-1	0	-
249	33.802083	34.539062	A3	63	80	0	0	264	P1-12-14	0	-
250	34.050781	34.346354	E4	69	80	0	0	266	P1-12-8	0	-
251	34.283854	34.506510	D4	78	80	0	0	268	P1-12-9	0	-
252	34.516927	34.764323	E4	73	80	0	0	270	P1-12-10	0	-
253	34.773438	35.005208	G#4	70	80	0	0	272	P1-12-11	0	-
254	35.015625	35.261719	F#4	73	80	0	0	274	P1-12-12	0	-
255	35.023438	35.264323	A2	51	80	0	0	274	P1-12-17	0	-
256	35.281250	35.549479	E#2	56	80	0	0	276	P1-12-18	0	-
257	35.281250	35.769531	G#4	72	80	0	0	276	P1-12-13	0	-
258	35.522135	35.649740	D3	58	80	0	0	278	P1-12-19	0	-
259	35.522135	35.776042	B4	69	80	0	0	278	P1-12-3	0	-
260	35.752604	35.959635	C#3	53	80	0	0	280	P1-12-20	0	-
261	35.756510	36.036458	A4	65	80	0	0	280	P1-12-4	0	-
262	35.985677	36.294271	D#3	57	80	0	0	282	P1-12-21	0	-
263	35.996094	36.492188	B4	69	80	0	0	282	P1-12-5	0	-
264	36.243490	36.473958	F#3	55	80	0	0	284	P1-12-22	0	-
265	36.493490	36.773438	C#5	65	80	0	0	286	P1-12-6	0	-
266	36.514323	36.707031	E#3	53	80	0	0	286	P1-12-23	0	-
267	36.756510	37.529948	A4	69	80	0	0	288	P1-13-1	0	-
268	36.763021	37.059896	F#3	59	80	0	0	288	P1-13-16	0	-
269	36.975260	37.203125	F#4	72	80	0	0	290	P1-13-8	0	-
270	36.989583	37.174479	A3	58	80	0	0	290	P1-13-17	0	-
271	37.203125	37.468750	G#3	62	80	0	0	292	P1-13-18	0	-
272	37.204427	37.406250	E#4	65	80	0	0	292	P1-13-9	0	-
273	37.464844	38.479167	F#4	70	80	0	0	294	P1-13-10	0	-
274	37.471354	37.759115	A3	62	80	0	0	294	P1-13-19	0	-
275	37.710938	37.898438	C#4	64	80	0	0	296	P1-13-20	0	-
276	37.915365	38.339844	D5	78	80	0	0	298	P1-13-3	0	-
277	37.938802	38.312500	B3	59	80	0	0	298	P1-13-21	0	-
278	38.182292	38.929688	G#4	78	80	0	0	300	P1-13-4	0	-
279	38.195312	41.839844	C#4	51	80	0	0	300	P1-13-22	0	-
280	38.412760	39.205729	E#4	60	80	0	0	302	P1-13-12	0	-
281	38.665365	38.945312	C#5	74	80	0	0	304	P1-13-5	0	-
282	38.914062	39.598958	D5	74	80	0	0	306	P1-13-6	0	-
283	39.140625	40.408854	F#4	71	80	0	0	308	P1-13-14	0	-
284	39.372396	39.606771	G#4	67	80	0	0	310	P1-13-15	0	-
285	39.609375	40.809896	A4	69	80	0	0	312	P1-14-9	0	-
286	39.856771	40.108073	B#4	72	80	0	0	314	P1-14-2	0	-
287	40.095052	40.389323	C#5	70	80	0	0	316	P1-14-3	0	-
288	40.341146	41.619792	F#5	76	80	0	0	318	P1-14-4	0	-
289	40.595052	40.867188	G#4	65	80	0	0	320	P1-14-11	0	-
290	40.834635	41.052083	F#4	77	80	0	0	322	P1-14-12	0	-
291	41.080729	42.259115	G#4	75	80	0	0	324	P1-14-13	0	-
292	41.312500	41.609375	D#5	78	80	0	0	326	P1-14-6	0	-
293	41.563802	41.845052	E#5	81	80	0	0	328	P1-14-7	0	-
294	41.811198	42.860677	A5	83	80	0	0	330	P1-14-8	0	-
295	42.057292	42.250000	E#4	60	80	0	0	332	P1-14-15	0	-
296	42.307292	42.610677	F#4	70	80	0	0	334	P1-14-16	0	-
297	42.583333	44.022135	B4	63	80	0	0	336	P1-15-13	0	-
298	42.605469	43.598958	D4	49	80	0	0	336	P1-15-17	0	-
299	42.825521	43.111979	G#5	78	80	0	0	338	P1-15-2	0	-
300	43.062500	43.337240	F#5	82	80	0	0	340	P1-15-3	0	-
301	43.299479	43.628906	G#5	76	80	0	0	342	P1-15-4	0	-
302	43.537760	43.825521	A5	81	80	0	0	344	P1-15-5	0	-
303	43.555990	43.805990	C#4	54	80	0	0	344	P1-15-19	0	-
304	43.790365	44.108073	B3	57	80	0	0	346	P1-15-20	0	-
305	43.794271	44.020833	B5	83	80	0	0	346	P1-15-6	0	-
306	44.050781	44.283854	E#5	73	80	0	0	348	P1-15-7	0	-
307	44.101562	45.539062	C#4	52	80	0	0	348	P1-15-21	0	-
308	44.286458	44.569010	C#5	66	80	0	0	350	P1-15-8	0	-
309	44.529948	45.065104	F#5	73	80	0	0	352	P1-15-9	0	-
310	44.553385	44.809896	A4	51	80	0	0	352	P1-15-15	0	-
311	44.794271	45.619792	G#4	65	80	0	0	354	P1-15-16	0	-
312	45.045573	45.688802	G#5	72	80	0	0	356	P1-15-11	0	-
313	45.313802	45.574219	E#5	65	80	0	0	358	P1-15-12	0	-
314	45.316406	45.643229	C#3	50	80	0	0	358	P1-15-23	0	-
315	45.592448	46.359375	F#5	59	80	0	0	360	P1-16-1	0	-
316	45.604167	45.837240	F#3	63	80	0	0	360	P1-16-15	0	-
317	45.611979	46.799479	A4	53	80	0	0	360	P1-16-8	0	-
318	45.841146	46.104167	A3	72	80	0	0	362	P1-16-16	0	-
319	46.080729	46.330729	G#3	69	80	0	0	364	P1-16-17	0	-
320	46.082031	46.799479	C#5	56	80	0	0	364	P1-16-2	0	-
321	46.326823	46.604167	A3	70	80	0	0	366	P1-16-18	0	-
322	46.364583	47.628906	F#5	65	80	0	0	366	P1-16-3	0	-
323	46.585938	46.807292	C#4	70	80	0	0	368	P1-16-19	0	-
324	46.804688	47.144531	B3	70	80	0	0	370	P1-16-20	0	-
325	46.813802	47.144531	A4	62	80	0	0	370	P1-16-10	0	-
326	47.104167	48.148438	C#4	62	80	0	0	372	P1-16-21	0	-
327	47.117188	48.179688	G#4	65	80	0	0	372	P1-16-11	0	-
328	47.371094	47.613281	E5	64	80	0	0	374	P1-16-5	0	-
329	47.621094	47.919271	D5	67	80	0	0	376	P1-16-6	0	-
330	47.864583	49.359375	E5	69	80	0	0	378	P1-16-7	0	-
331	48.108073	48.368490	B3	69	80	0	0	380	P1-16-23	0	-
332	48.126302	48.669271	A4	58	80	0	0	380	P1-16-13	0	-
333	48.352865	48.615885	G#4	66	80	0	0	382	P1-16-14	0	-
334	48.352865	48.615885	C#4	78	80	0	0	382	P1-16-24	0	-
335	48.589844	49.098958	F#4	66	80	0	0	384	P1-17-9	0	-
336	48.593750	48.839844	D4	73	80	0	0	384	P1-17-15	0	-
337	48.825521	49.153646	B3	78	80	0	0	386	P1-17-16	0	-
338	48.833333	49.141927	G#4	60	80	0	0	386	P1-17-2	0	-
339	49.074219	49.302083	C#4	73	80	0	0	388	P1-17-17	0	-
340	49.075521	49.449219	A4	65	80	0	0	388	P1-17-3	0	-
341	49.108073	49.699219	F#4	40	80	0	0	388	*	3	-
342	49.313802	49.600260	B3	70	80	0	0	390	P1-17-18	0	-
343	49.341146	50.319010	D5	73	80	0	0	390	P1-17-4	0	-
344	49.566406	49.899740	G#3	77	80	0	0	392	P1-17-19	0	-
345	49.567708	50.479167	G#4	63	80	0	0	392	*	3	-
346	49.789062	50.063802	A3	79	80	0	0	394	P1-17-20	0	-
347	49.809896	50.093750	F#4	69	80	0	0	394	P1-17-11	0	-
348	50.033854	50.268229	G#3	77	80	0	0	396	P1-17-21	0	-
349	50.042969	50.799479	E4	73	80	0	0	396	P1-17-12	0	-
350	50.273438	50.502604	E3	73	80	0	0	398	P1-17-22	0	-
351	50.303385	50.589844	C#5	73	80	0	0	398	P1-17-6	0	-
352	50.514323	50.811198	F#3	82	80	0	0	400	P1-17-23	0	-
353	50.535156	50.824219	B4	65	80	0	0	400	P1-17-7	0	-
354	50.768229	51.011719	G3	78	80	0	0	402	P1-17-24	0	-
355	50.795573	51.809896	C#5	69	80	0	0	402	P1-17-8	0	-
356	50.811198	51.059896	E4	59	80	0	0	402	*	3	-
357	51.014323	51.264323	A3	75	80	0	0	404	P1-17-25	0	-
358	51.019531	51.319010	A4	66	80	0	0	404	*	3	-
359	51.250000	51.509115	E4	58	80	0	0	406	P1-17-14	0	-
360	51.250000	51.480469	G3	74	80	0	0	406	P1-17-26	0	-
361	51.480469	51.746094	F#3	73	80	0	0	408	P1-18-17	0	-
362	51.497396	52.438802	D4	67	80	0	0	408	P1-18-10	0	-
363	51.725260	52.229167	D3	73	80	0	0	410	P1-18-18	0	-
364	51.731771	51.992188	B4	68	80	0	0	410	P1-18-2	0	-
365	51.951823	52.269531	E3	71	80	0	0	412	P1-18-19	0	-
366	51.963542	52.261719	A4	62	80	0	0	412	P1-18-3	0	-
367	52.223958	52.412760	F3	75	80	0	0	414	P1-18-20	0	-
368	52.225260	53.175781	B4	67	80	0	0	414	P1-18-4	0	-
369	52.442708	52.694010	G3	75	80	0	0	416	P1-18-21	0	-
370	52.683594	52.906250	F3	74	80	0	0	418	P1-18-22	0	-
371	52.686198	52.908854	D4	60	80	0	0	418	P1-18-12	0	-
372	52.919271	53.158854	E3	65	80	0	0	420	P1-18-23	0	-
373	52.945312	53.438802	C#4	62	80	0	0	420	P1-18-13	0	-
374	53.154948	53.403646	G#4	68	80	0	0	422	P1-18-6	0	-
375	53.164062	53.378906	F3	65	80	0	0	422	P1-18-24	0	-
376	53.171875	53.229167	E3	61	80	0	0	422	*	3	-
377	53.381510	54.059896	A4	71	80	0	0	424	P1-18-7	0	-
378	53.414062	53.626302	E3	58	80	0	0	424	P1-18-25	0	-
379	53.622396	53.851562	D#3	67	80	0	0	426	P1-18-26	0	-
380	53.625000	53.846354	C4	66	80	0	0	426	P1-18-14	0	-
381	53.859375	54.111979	B3	70	80	0	0	428	P1-18-15	0	-
382	53.863281	54.136719	E3	64	80	0	0	428	P1-18-27	0	-
383	54.121094	54.276042	C4	61	80	0	0	430	P1-18-16	0	-
384	54.122396	54.285156	A4	76	80	0	0	430	P1-18-9	0	-
385	54.123698	54.385417	D#3	57	80	0	0	430	P1-18-28	0	-
386	54.393229	54.686198	A4	65	80	0	0	432	P1-19-16	0	-
387	54.395833	54.779948	E3	57	80	0	0	432	P1-19-18	0	-
388	54.399740	54.789062	B3	57	80	0	0	432	P1-19-6	0	-
389	54.643229	54.932292	B2	62	80	0	0	434	P1-19-19	0	-
390	54.644531	55.626302	G#4	73	80	0	0	434	P1-19-17	0	-
391	54.885417	55.117188	C#3	68	80	0	0	436	P1-19-20	0	-
392	55.115885	55.363281	B2	72	80	0	0	438	P1-19-21	0	-
393	55.361979	55.610677	G#2	65	80	0	0	440	P1-19-22	0	-
394	55.605469	55.906250	E4	69	80	0	0	442	P1-19-9	0	-
395	55.614583	55.914062	A2	50	80	0	0	442	P1-19-23	0	-
396	55.875000	57.459635	B4	79	80	0	0	444	P1-19-10	0	-
397	55.882812	57.098958	G#2	53	80	0	0	444	P1-19-24	0	-
398	56.102865	56.438802	E4	73	80	0	0	446	P1-19-11	0	-
399	56.346354	56.593750	F#4	73	80	0	0	448	P1-19-12	0	-
400	56.445312	56.500000	E4	45	80	0	0	450	*	3	-
401	56.589844	56.872396	E4	70	80	0	0	450	P1-19-13	0	-
402	56.830729	57.076823	C#4	74	80	0	0	452	P1-19-14	0	-
403	57.082031	57.131510	E2	50	80	0	0	454	P1-19-26	0	-
404	57.082031	57.296875	D4	78	80	0	0	454	P1-19-15	0	-
405	57.333333	57.610677	C#4	70	80	0	0	456	P1-20-12	0	-
406	57.342448	57.615885	E4	66	80	0	0	456	P1-20-1	0	-
407	57.376302	57.869792	A2	47	80	0	0	456	P1-20-22	0	-
408	57.592448	57.839844	A4	77	80	0	0	458	P1-20-2	0	-
409	57.832031	58.115885	G#4	76	80	0	0	460	P1-20-3	0	-
410	57.839844	58.119792	B3	65	80	0	0	460	P1-20-13	0	-
411	58.079427	58.365885	A4	76	80	0	0	462	P1-20-4	0	-
412	58.083333	58.579427	C#4	60	80	0	0	462	P1-20-14	0	-
413	58.326823	58.604167	C#5	80	80	0	0	464	P1-20-5	0	-
414	58.554688	58.660156	D4	61	80	0	0	466	P1-20-15	0	-
415	58.555990	58.854167	B4	77	80	0	0	466	P1-20-6	0	-
416	58.832031	58.996094	C#5	77	80	0	0	468	P1-20-7	0	-
417	58.845052	59.729167	E4	68	80	0	0	468	P1-20-16	0	-
418	58.855469	59.799479	A2	63	80	0	0	468	P1-20-24	0	-
419	59.045573	59.315104	A4	68	80	0	0	470	P1-20-17	0	-
420	59.286458	59.434896	B4	78	80	0	0	472	P1-20-8	0	-
421	59.287760	59.519531	G#4	72	80	0	0	472	P1-20-18	0	-
422	59.516927	59.675781	C#5	80	80	0	0	474	P1-20-9	0	-
423	59.552083	59.687500	A4	58	80	0	0	474	P1-20-19	0	-
424	59.756510	59.916667	C#5	73	80	0	0	476	P1-20-20	0	-
425	59.764323	59.920573	E5	76	80	0	0	476	P1-20-10	0	-
426	59.984375	60.250000	B4	68	80	0	0	478	P1-20-21	0	-
427	59.985677	60.109375	D5	79	80	0	0	478	P1-20-11	0	-
428	60.212240	60.361979	E5	75	80	0	0	480	P1-21-1	0	-
429	60.246094	61.109375	C#5	72	80	0	0	480	P1-21-12	0	-
430	60.265625	60.503906	A3	64	80	0	0	480	P1-21-16	0	-
431	60.351562	60.476562	F#5	76	80	0	0	481	P1-21-2	0	-
432	60.458333	62.329427	G5	83	80	0	0	482	P1-21-3	0	-
433	60.494792	60.692708	E3	60	80	0	0	482	P1-21-17	0	-
434	60.704427	60.919271	F#3	67	80	0	0	484	P1-21-18	0	-
435	60.960938	61.208333	E3	67	80	0	0	486	P1-21-19	0	-
436	61.195312	61.425781	C#3	77	80	0	0	488	P1-21-20	0	-
437	61.428385	61.736979	A4	70	80	0	0	490	P1-21-5	0	-
438	61.434896	61.713542	D3	62	80	0	0	490	P1-21-21	0	-
439	61.743490	62.479167	E5	73	80	0	0	492	P1-21-6	0	-
440	61.744792	63.119792	C#3	58	80	0	0	492	P1-21-22	0	-
441	61.981771	62.221354	A4	71	80	0	0	494	P1-21-7	0	-
442	62.218750	62.453125	B4	78	80	0	0	496	P1-21-8	0	-
443	62.473958	62.716146	A4	67	80	0	0	498	P1-21-9	0	-
444	62.723958	62.963542	F#4	63	80	0	0	500	P1-21-10	0	-
445	62.972656	63.253906	G4	65	80	0	0	502	P1-21-11	0	-
446	62.997396	63.341146	A2	42	80	0	0	502	P1-21-24	0	-
447	63.005208	63.299479	E4	40	80	0	0	502	*	3	-
448	63.286458	63.819010	A3	74	80	0	0	504	P1-22-10	0	-
449	63.290365	63.929688	F#4	71	80	0	0	504	P1-22-1	0	-
450	63.334635	63.802083	D3	42	80	0	0	504	P1-22-17	0	-
451	63.554688	63.794271	D4	72	80	0	0	506	P1-22-11	0	-
452	63.782552	64.026042	C#4	73	80	0	0	508	P1-22-12	0	-
453	63.819010	64.028646	A2	41	80	0	0	508	P1-22-18	0	-
454	64.035156	64.315104	D4	85	80	0	0	510	P1-22-13	0	-
455	64.042969	64.488281	F#2	56	80	0	0	510	P1-22-19	0	-
456	64.270833	64.505208	F#4	78	80	0	0	512	P1-22-14	0	-
457	64.503906	64.714844	E4	66	80	0	0	514	P1-22-15	0	-
458	64.514323	64.871094	A2	45	80	0	0	514	P1-22-20	0	-
459	64.769531	65.337240	F#4	77	80	0	0	516	P1-22-16	0	-
460	64.770833	65.009115	D4	55	80	0	0	516	P1-22-4	0	-
461	64.850260	65.321615	D2	47	80	0	0	516	P1-22-21	0	-
462	65.024740	65.342448	A4	66	80	0	0	518	P1-22-5	0	-
463	65.265625	65.481771	G4	70	80	0	0	520	P1-22-6	0	-
464	65.303385	65.506510	E2	50	80	0	0	520	P1-22-22	0	-
465	65.496094	65.726562	A4	65	80	0	0	522	P1-22-7	0	-
466	65.523438	65.993490	F#2	54	80	0	0	522	P1-22-23	0	-
467	65.742188	65.916667	C#5	70	80	0	0	524	P1-22-8	0	-
468	65.979167	66.274740	B4	74	80	0	0	526	P1-22-9	0	-
469	66.001302	66.789062	D2	46	80	0	0	526	P1-22-24	0	-
470	66.274740	67.419271	C#5	70	80	0	0	528	P1-23-1	0	-
471	66.276042	66.820312	A2	51	80	0	0	528	P1-23-15	0	-
472	66.541667	66.815104	E4	72	80	0	0	530	P1-23-9	0	-
473	66.761719	66.899740	A3	66	80	0	0	532	P1-23-16	0	-
474	66.776042	67.033854	D4	79	80	0	0	532	P1-23-10	0	-
475	67.011719	67.569010	A3	59	80	0	0	534	P1-23-17	0	-
476	67.011719	67.500000	A2	58	80	0	0	534	*	3	-
477	67.014323	67.311198	E4	75	80	0	0	534	P1-23-11	0	-
478	67.257812	67.516927	G4	83	80	0	0	536	P1-23-12	0	-
479	67.484375	67.761719	F#4	82	80	0	0	538	P1-23-13	0	-
480	67.505208	68.079427	A2	49	80	0	0	538	P1-23-18	0	-
481	67.763021	69.438802	G4	82	80	0	0	540	P1-23-14	0	-
482	67.783854	68.039062	E3	58	80	0	0	540	P1-23-19	0	-
483	68.000000	68.201823	B4	72	80	0	0	542	P1-23-3	0	-
484	68.222656	68.490885	A#4	70	80	0	0	544	P1-23-4	0	-
485	68.223958	68.369792	E4	54	80	0	0	544	P1-23-20	0	-
486	68.463542	68.679688	B4	75	80	0	0	546	P1-23-5	0	-
487	68.464844	69.059896	E4	55	80	0	0	546	P1-23-21	0	-
488	68.696615	68.903646	D5	69	80	0	0	548	P1-23-6	0	-
489	68.920573	69.246094	C#5	70	80	0	0	550	P1-23-7	0	-
490	68.946615	69.144531	A#3	55	80	0	0	550	P1-23-22	0	-
491	69.190104	69.369792	B3	49	80	0	0	552	P1-24-14	0	-
492	69.199219	70.250000	D5	63	80	0	0	552	P1-24-1	0	-
493	69.414062	69.632812	F#4	64	80	0	0	554	P1-24-3	0	-
494	69.454427	69.623698	B2	48	80	0	0	554	P1-24-15	0	-
495	69.643229	70.459635	E4	63	80	0	0	556	P1-24-4	0	-
496	69.660156	69.861979	C#3	48	80	0	0	556	P1-24-16	0	-
497	69.893229	70.095052	F#4	72	80	0	0	558	P1-24-5	0	-
498	69.903646	70.096354	D3	52	80	0	0	558	P1-24-17	0	-
499	70.126302	70.373698	C#3	54	80	0	0	560	P1-24-18	0	-
500	70.135417	70.393229	A#4	63	80	0	0	560	P1-24-6	0	-
501	70.363281	70.539062	B2	61	80	0	0	562	P1-24-19	0	-
502	70.375000	70.651042	G#4	70	80	0	0	562	P1-24-7	0	-
503	70.625000	70.919271	A#4	74	80	0	0	564	P1-24-8	0	-
504	70.632812	70.834635	F#3	63	80	0	0	564	P1-24-20	0	-
505	70.855469	71.096354	G#4	73	80	0	0	566	P1-24-9	0	-
506	70.860677	71.063802	E3	58	80	0	0	566	P1-24-21	0	-
507	71.080729	71.325521	F#4	76	80	0	0	568	P1-24-10	0	-
508	71.085938	71.330729	D3	54	80	0	0	568	P1-24-22	0	-
509	71.311198	71.554688	G#4	78	80	0	0	570	P1-24-11	0	-
510	71.324219	71.535156	E3	59	80	0	0	570	P1-24-23	0	-
511	71.544271	71.848958	B4	77	80	0	0	572	P1-24-12	0	-
512	71.546875	71.731771	G3	60	80	0	0	572	P1-24-24	0	-
513	71.766927	71.988281	A#4	75	80	0	0	574	P1-24-13	0	-
514	71.786458	71.994792	F#3	56	80	0	0	574	P1-24-25	0	-
515	72.027344	73.069010	B4	84	80	0	0	576	P1-25-9	0	-
516	72.032552	72.455729	G3	67	80	0	0	576	P1-25-18	0	-
517	72.246094	72.472656	E5	71	80	0	0	578	P1-25-2	0	-
518	72.481771	72.763021	F#5	70	80	0	0	580	P1-25-3	0	-
519	72.492188	72.664062	F#3	56	80	0	0	580	P1-25-19	0	-
520	72.718750	73.063802	E3	61	80	0	0	582	P1-25-20	0	-
521	72.733073	73.348958	G5	72	80	0	0	582	P1-25-4	0	-
522	72.967448	73.244792	C#5	82	80	0	0	584	P1-25-11	0	-
523	73.204427	73.494792	D5	84	80	0	0	586	P1-25-12	0	-
524	73.234375	73.424479	D3	46	80	0	0	586	P1-25-21	0	-
525	73.446615	73.714844	E5	75	80	0	0	588	P1-25-13	0	-
526	73.472656	73.662760	C#3	55	80	0	0	588	P1-25-22	0	-
527	73.697917	74.463542	A4	65	80	0	0	590	P1-25-14	0	-
528	73.704427	73.954427	F#5	76	80	0	0	590	P1-25-6	0	-
529	73.932292	74.167969	E5	72	80	0	0	592	P1-25-7	0	-
530	74.177083	74.908854	F#5	79	80	0	0	594	P1-25-8	0	-
531	74.182292	74.562500	D3	52	80	0	0	594	P1-25-24	0	-
532	74.414062	74.660156	B4	74	80	0	0	596	P1-25-16	0	-
533	74.636719	74.929688	C#5	74	80	0	0	598	P1-25-17	0	-
534	74.880208	75.149740	D5	73	80	0	0	600	P1-26-9	0	-
535	74.886719	75.216146	B2	51	80	0	0	600	P1-26-20	0	-
536	75.111979	75.372396	E5	72	80	0	0	602	P1-26-2	0	-
537	75.113281	75.864583	G4	61	80	0	0	602	P1-26-10	0	-
538	75.348958	75.619792	D5	75	80	0	0	604	P1-26-3	0	-
539	75.598958	76.054688	E5	66	80	0	0	606	P1-26-4	0	-
540	75.601562	75.973958	C#3	46	80	0	0	606	P1-26-22	0	-
541	75.854167	76.069010	A4	63	80	0	0	608	P1-26-12	0	-
542	76.087240	76.371094	G4	78	80	0	0	610	P1-26-13	0	-
543	76.342448	76.567708	F#4	80	80	0	0	612	P1-26-14	0	-
544	76.345052	76.848958	D3	50	80	0	0	612	P1-26-24	0	-
545	76.566406	76.819010	G4	80	80	0	0	614	P1-26-15	0	-
546	76.802083	77.052083	A4	73	80	0	0	616	P1-26-16	0	-
547	76.804688	77.279948	D5	76	80	0	0	616	P1-26-6	0	-
548	76.838542	77.069010	F#2	48	80	0	0	616	P1-26-25	0	-
549	77.036458	77.559896	C#5	73	80	0	0	618	P1-26-7	0	-
550	77.062500	77.313802	G4	69	80	0	0	618	P1-26-17	0	-
551	77.075521	77.554688	E2	52	80	0	0	618	P1-26-26	0	-
552	77.290365	77.554688	A4	66	80	0	0	620	P1-26-18	0	-
553	77.533854	77.865885	F#4	69	80	0	0	622	P1-26-19	0	-
554	77.533854	78.143229	D5	69	80	0	0	622	P1-26-8	0	-
555	77.572917	77.929688	D2	46	80	0	0	622	P1-26-27	0	-
556	77.841146	78.098958	A2	46	80	0	0	624	P1-27-18	0	-
557	77.843750	78.352865	E4	69	80	0	0	624	P1-27-10	0	-
558	78.104167	78.347656	C#5	69	80	0	0	626	P1-27-2	0	-
559	78.106771	78.345052	A3	56	80	0	0	626	P1-27-19	0	-
560	78.339844	78.622396	B4	75	80	0	0	628	P1-27-3	0	-
561	78.342448	78.619792	G#3	62	80	0	0	628	P1-27-20	0	-
562	78.587240	79.585938	A4	78	80	0	0	630	P1-27-11	0	-
563	78.591146	79.098958	A3	66	80	0	0	630	P1-27-21	0	-
564	78.593750	78.899740	C#5	78	80	0	0	630	P1-27-4	0	-
565	78.824219	79.071615	C#4	52	80	0	0	632	P1-27-22	0	-
566	78.825521	79.110677	E5	72	80	0	0	632	P1-27-5	0	-
567	79.065104	79.332031	D5	76	80	0	0	634	P1-27-6	0	-
568	79.065104	79.389323	B3	61	80	0	0	634	P1-27-23	0	-
569	79.311198	80.519531	E5	76	80	0	0	636	P1-27-7	0	-
570	79.324219	80.949219	C#4	53	80	0	0	636	P1-27-24	0	-
571	79.558594	79.845052	B4	73	80	0	0	638	P1-27-13	0	-
572	79.795573	80.079427	A4	74	80	0	0	640	P1-27-14	0	-
573	80.039062	80.289062	G4	76	80	0	0	642	P1-27-15	0	-
574	80.273438	80.516927	A4	74	80	0	0	644	P1-27-16	0	-
575	80.524740	80.889323	F#5	79	80	0	0	646	P1-27-9	0	-
576	80.526042	80.899740	F#4	76	80	0	0	646	P1-27-17	0	-
577	80.546875	80.559896	Eb3	49	80	0	0	646	P1-27-26	1	-
578	80.778646	81.028646	E3	61	80	0	0	648	P1-28-18	0	-
579	80.792969	81.033854	B4	70	80	0	0	648	P1-28-1	0	-
580	80.803385	81.718750	G4	73	80	0	0	648	P1-28-11	0	-
581	81.027344	81.305990	E5	74	80	0	0	650	P1-28-2	0	-
582	81.033854	81.252604	G3	54	80	0	0	650	P1-28-19	0	-
583	81.046875	81.059896	D5	62	80	0	0	-1	*	3	-
584	81.250000	81.486979	F#3	57	80	0	0	652	P1-28-20	0	-
585	81.253906	82.098958	D#5	80	80	0	0	652	P1-28-3	0	-
586	81.484375	82.619792	E5	73	80	0	0	654	P1-28-4	0	-
587	81.494792	81.696615	G3	50	80	0	0	654	P1-28-21	0	-
588	81.744792	82.044271	F#4	74	80	0	0	656	P1-28-13	0	-
589	81.744792	82.041667	B3	54	80	0	0	656	P1-28-22	0	-
590	81.973958	82.309896	A#3	63	80	0	0	658	P1-28-23	0	-
591	81.979167	82.399740	G4	73	80	0	0	658	P1-28-14	0	-
592	82.244792	83.332031	B3	57	80	0	0	660	P1-28-24	0	-
593	82.255208	83.359375	F#4	70	80	0	0	660	P1-28-15	0	-
594	82.544271	82.792969	D5	70	80	0	0	662	P1-28-6	0	-
595	82.761719	83.059896	C#5	72	80	0	0	664	P1-28-7	0	-
596	83.000000	83.273438	D5	72	80	0	0	666	P1-28-8	0	-
597	83.233073	83.510417	F#5	81	80	0	0	668	P1-28-9	0	-
598	83.238281	83.476562	D4	60	80	0	0	668	P1-28-26	0	-
599	83.473958	83.755208	E5	79	80	0	0	670	P1-28-10	0	-
600	83.481771	83.800781	A4	71	80	0	0	670	P1-28-17	0	-
601	83.484375	83.789062	C#4	66	80	0	0	670	P1-28-27	0	-
602	83.722656	84.157552	D4	65	80	0	0	672	P1-29-16	0	-
603	83.726562	84.229167	F#5	80	80	0	0	672	P1-29-1	0	-
604	83.731771	84.449219	F#4	72	80	0	0	672	P1-29-8	0	-
605	83.962240	84.147135	G#4	77	80	0	0	674	P1-29-9	0	-
606	84.204427	84.704427	A4	72	80	0	0	676	P1-29-10	0	-
607	84.205729	84.494792	E5	75	80	0	0	676	P1-29-2	0	-
608	84.213542	84.488281	C#4	63	80	0	0	676	P1-29-17	0	-
609	84.446615	84.927083	D5	77	80	0	0	678	P1-29-3	0	-
610	84.453125	84.669271	B3	63	80	0	0	678	P1-29-18	0	-
611	84.674479	84.924479	G#4	78	80	0	0	680	P1-29-12	0	-
612	84.679688	84.923177	B3	57	80	0	0	-1	*	3	-
613	84.907552	85.156250	B4	80	80	0	0	682	P1-29-13	0	-
614	84.915365	85.130208	A3	59	80	0	0	682	P1-29-19	0	-
615	85.164062	85.169271	G#2	55	80	0	0	684	P1-29-20	1	-
616	85.166667	85.878906	E4	71	80	0	0	684	P1-29-14	0	-
617	85.391927	85.558594	E3	54	80	0	0	686	P1-29-21	0	-
618	85.622396	86.408854	A3	64	80	0	0	688	P1-29-22	0	-
619	85.623698	85.790365	C#5	74	80	0	0	688	P1-29-5	0	-
620	85.882812	86.424479	F#4	74	80	0	0	690	P1-29-6	0	-
621	85.884115	86.419271	D4	54	80	0	0	690	P1-29-15	0	-
622	86.106771	86.412760	F#3	56	80	0	0	692	P1-29-24	0	-
623	86.364583	86.899740	B4	79	80	0	0	694	P1-29-7	0	-
624	86.371094	86.723958	G#3	58	80	0	0	694	P1-29-25	0	-
625	86.644531	87.279948	C#4	64	80	0	0	696	P1-30-9	0	-
626	86.652344	87.359375	A3	52	80	0	0	696	P1-30-11	0	-
627	86.889323	87.809896	E4	67	80	0	0	698	P1-30-2	0	-
628	87.173177	87.760417	A4	63	80	0	0	700	P1-30-3	0	-
629	87.179688	87.375000	F#3	58	80	0	0	700	P1-30-12	0	-
630	87.445312	88.035156	B3	59	80	0	0	702	P1-30-10	0	-
631	87.453125	88.026042	D3	45	80	0	0	702	P1-30-13	0	-
632	87.720052	88.074219	B4	72	80	0	0	704	P1-30-5	0	-
633	88.026042	88.391927	G#4	64	80	0	0	706	P1-30-6	0	-
634	88.032552	88.399740	E3	54	80	0	0	706	P1-30-14	0	-
635	88.337240	89.098958	A3	54	80	0	0	708	P1-30-15	0	-
636	88.351562	90.979167	A2	54	80	0	0	708	P1-30-21	0	-
637	88.352865	90.165365	A4	53	80	0	0	708	P1-30-7	0	-
638	88.613281	88.906250	E3	59	80	0	0	710	P1-30-16	0	-
639	88.875000	89.098958	F#3	70	80	0	0	712	P1-30-17	0	-
640	89.122396	89.403646	E3	68	80	0	0	714	P1-30-18	0	-
641	89.382812	89.625000	C#3	67	80	0	0	716	P1-30-19	0	-
642	89.638021	89.891927	D3	59	80	0	0	718	P1-30-20	0	-
643	89.910156	91.559896	C#3	51	80	0	0	720	P1-31-11	0	-
644	89.921875	90.459635	A3	63	80	0	0	720	P1-31-1	0	-
645	90.174479	90.481771	E4	63	80	0	0	722	P1-31-2	0	-
646	90.430990	90.684896	D4	70	80	0	0	724	P1-31-3	0	-
647	90.683594	90.954427	E4	70	80	0	0	726	P1-31-4	0	-
648	90.936198	91.192708	G4	70	80	0	0	728	P1-31-5	0	-
649	91.186198	91.526042	F#4	70	80	0	0	730	P1-31-6	0	-
650	91.463542	92.589844	G4	63	80	0	0	732	P1-31-7	0	-
651	91.468750	92.199219	E4	57	80	0	0	732	P1-31-14	0	-
652	91.739583	92.054688	A3	66	80	0	0	734	P1-31-15	0	-
653	91.990885	92.479167	B3	71	80	0	0	736	P1-31-16	0	-
654	92.248698	92.545573	A3	74	80	0	0	738	P1-31-17	0	-
655	92.533854	93.500000	A4	65	80	0	0	740	P1-31-9	0	-
656	92.533854	92.748698	F#3	70	80	0	0	740	P1-31-18	0	-
657	92.773438	93.053385	C#4	71	80	0	0	742	P1-31-10	0	-
658	92.773438	93.052083	G3	67	80	0	0	742	P1-31-19	0	-
659	93.053385	93.559896	D4	79	80	0	0	744	P1-32-1	0	-
660	93.062500	93.294271	F#3	69	80	0	0	744	P1-32-19	0	-
661	93.316406	93.532552	D3	62	80	0	0	746	P1-32-20	0	-
662	93.319010	93.548177	F#4	77	80	0	0	746	P1-32-2	0	-
663	93.535156	94.055990	C#3	61	80	0	0	748	P1-32-21	0	-
664	93.566406	93.882812	E4	76	80	0	0	748	P1-32-3	0	-
665	93.816406	94.072917	D3	57	80	0	0	750	P1-32-22	0	-
666	93.819010	94.053385	F#4	84	80	0	0	750	P1-32-4	0	-
667	94.074219	94.305990	F#3	70	80	0	0	752	P1-32-23	0	-
668	94.075521	94.372396	A4	74	80	0	0	752	P1-32-5	0	-
669	94.312500	94.585938	G4	77	80	0	0	754	P1-32-6	0	-
670	94.320312	94.574219	E3	67	80	0	0	754	P1-32-24	0	-
671	94.563802	95.131510	F#3	67	80	0	0	756	P1-32-13	0	-
672	94.566406	94.851562	A4	78	80	0	0	756	P1-32-7	0	-
673	94.842448	95.089844	D5	79	80	0	0	758	P1-32-8	0	-
674	94.843750	95.115885	F#4	70	80	0	0	758	P1-32-14	0	-
675	95.074219	95.406250	C#5	68	80	0	0	760	P1-32-9	0	-
676	95.093750	95.393229	E4	59	80	0	0	760	P1-32-15	0	-
677	95.096354	95.299479	A3	54	80	0	0	760	P1-32-26	0	-
678	95.375000	95.433594	F#4	75	80	0	0	762	P1-32-16	0	-
679	95.376302	95.446615	D5	79	80	0	0	762	P1-32-10	0	-
680	95.385417	96.026042	A3	68	80	0	0	762	P1-32-27	0	-
681	95.391927	95.579427	A4	67	80	0	0	762	*	3	-
682	95.661458	95.968750	F#5	76	80	0	0	764	P1-32-11	0	-
683	95.664062	95.809896	D5	63	80	0	0	764	P1-32-17	0	-
684	95.925781	96.235677	E5	73	80	0	0	766	P1-32-12	0	-
685	95.927083	96.106771	C#5	70	80	0	0	766	P1-32-18	0	-
686	95.934896	96.032552	A2	61	80	0	0	766	P1-32-28	0	-
687	96.194010	96.526042	F#5	81	80	0	0	768	P1-33-7	0	-
688	96.220052	97.339844	D5	72	80	0	0	768	P1-33-6	0	-
689	96.223958	98.473958	A2	58	80	0	0	768	P1-33-16	0	-
690	96.480469	97.029948	A5	85	80	0	0	770	P1-33-2	0	-
691	96.755208	97.074219	G#5	77	80	0	0	772	P1-33-3	0	-
692	97.040365	100.919271	A5	84	80	0	0	774	P1-33-4	0	-
693	97.332031	97.704427	E5	64	80	0	0	776	P1-33-11	0	-
694	97.368490	97.545573	C#5	59	80	0	0	776	P1-33-10	0	-
695	97.666667	98.065104	B4	62	80	0	0	778	P1-33-12	0	-
696	97.670573	98.052083	D5	71	80	0	0	778	P1-33-13	0	-
697	98.063802	100.894531	E5	66	80	0	0	780	P1-33-15	0	-
698	98.069010	100.894531	C#5	57	80	0	0	780	P1-33-14	0	-
699	98.391927	98.755208	C#3	53	80	0	0	782	P1-33-18	0	-
700	98.770833	99.253906	E3	44	80	0	0	784	P1-33-19	0	-
701	99.276042	100.885417	A3	42	80	0	0	786	P1-33-20	0	-
//Missing 0	P1-1-1
//Missing 0	P1-1-15
//Missing 186	P1-8-25
//Missing 432	P1-19-2
