//Version: ScorePerfmMatch_v170503
// Score: ./musicxml_cleaned_hmm.txt
// Perfm: ./03918_spr.txt
// fmt3x: ./musicxml_cleaned_fmt3x.txt
0	0.479167	0.542969	F3	34	80	0	0	0	*	3	0
1	0.881510	0.944010	F4	38	80	0	0	4	P1-1-4	0	-
2	0.884115	0.945312	C4	44	80	0	0	4	P1-1-3	0	-
3	1.266927	1.342448	F3	41	80	0	0	8	P1-1-5	0	-
4	1.657552	1.725260	F4	34	80	0	0	12	P1-1-7	0	-
5	1.664062	1.733073	C4	39	80	0	0	12	P1-1-6	0	-
6	2.027344	2.091146	F3	38	80	0	0	16	P1-2-3	0	-
7	2.397135	2.458333	F4	39	80	0	0	20	P1-2-5	0	-
8	2.404948	2.468750	C4	40	80	0	0	20	P1-2-4	0	-
9	2.748698	2.807292	F3	42	80	0	0	24	P1-2-6	0	-
10	2.752604	2.759115	C4	29	80	0	0	28	*	3	-
11	3.104167	3.162760	F4	33	80	0	0	28	P1-2-8	0	-
12	3.111979	3.171875	C4	42	80	0	0	28	P1-2-7	0	-
13	3.433594	3.506510	Bb4	51	80	0	0	31	P1-2-2	0	-
14	3.468750	3.527344	F3	35	80	0	0	32	P1-3-8	0	-
15	3.471354	3.524740	Ab4	50	80	0	0	32	P1-3-1	0	-
16	3.826823	3.894531	Ab4	55	80	0	0	36	P1-3-2	0	-
17	3.837240	3.894531	F4	37	80	0	0	36	P1-3-10	0	-
18	3.868490	3.912760	C4	31	80	0	0	36	P1-3-9	0	-
19	3.964844	4.044271	Bb4	62	80	0	0	38	P1-3-3	0	-
20	4.134115	4.199219	Ab4	60	80	0	0	40	P1-3-4	0	-
21	4.141927	4.149740	C4	33	80	0	0	40	*	3	-
22	4.143229	4.207031	F3	39	80	0	0	40	P1-3-11	0	-
23	4.503906	4.563802	G4	58	80	0	0	44	P1-3-5	0	-
24	4.510417	4.584635	E4	41	80	0	0	44	P1-3-13	0	-
25	4.520833	4.600260	C4	39	80	0	0	44	P1-3-12	0	-
26	4.740885	5.329427	Ab4	54	80	0	0	46	P1-3-6	0	-
27	4.785156	4.929688	Bb4	59	80	0	0	47	P1-3-7	0	-
28	4.855469	4.914062	F3	39	80	0	0	48	P1-4-8	0	-
29	4.856771	4.915365	C5	56	80	0	0	48	P1-4-2	0	-
30	5.230469	5.283854	F4	37	80	0	0	52	P1-4-10	0	-
31	5.244792	5.292969	C4	35	80	0	0	52	P1-4-9	0	-
32	5.490885	6.029948	Ab4	46	80	0	0	54	P1-4-5	0	-
33	5.545573	5.658854	Bb4	58	80	0	0	55	P1-4-6	0	-
34	5.582031	5.589844	F4	38	80	0	0	56	P1-4-3	1	-
35	5.593750	5.979167	C5	61	80	0	0	56	P1-4-4	0	-
36	5.593750	5.641927	F3	38	80	0	0	56	P1-4-11	0	-
37	5.951823	6.005208	F4	40	80	0	0	60	P1-4-13	0	-
38	5.953125	6.007812	C4	38	80	0	0	60	P1-4-12	0	-
39	6.236979	6.345052	Bb4	56	80	0	0	63	P1-4-7	0	-
40	6.282552	6.354167	Ab4	57	80	0	0	64	P1-5-1	0	-
41	6.302083	6.352865	F3	33	80	0	0	64	P1-5-9	0	-
42	6.303385	6.309896	C4	29	80	0	0	64	*	3	-
43	6.635417	6.738281	Ab4	63	80	0	0	68	P1-5-2	0	-
44	6.644531	6.709635	F4	43	80	0	0	68	P1-5-11	0	-
45	6.654948	6.714844	C4	41	80	0	0	68	P1-5-10	0	-
46	6.656250	6.717448	F3	33	80	0	0	68	*	3	-
47	6.783854	6.888021	Bb4	59	80	0	0	70	P1-5-3	0	-
48	6.945312	7.024740	Ab4	50	80	0	0	72	P1-5-4	0	-
49	6.953125	7.018229	F3	37	80	0	0	72	P1-5-12	0	-
50	6.953125	6.959635	F4	36	80	0	0	72	*	3	-
51	6.953125	6.959635	C4	38	80	0	0	72	*	3	-
52	7.283854	7.351562	C5	53	80	0	0	76	P1-5-6	0	-
53	7.295573	7.343750	G4	48	80	0	0	76	P1-5-5	0	-
54	7.305990	7.355469	E4	35	80	0	0	76	P1-5-14	0	-
55	7.313802	7.363281	C4	40	80	0	0	76	P1-5-13	0	-
56	7.609375	7.729167	C5	48	80	0	0	79	P1-5-8	0	-
57	7.653646	7.717448	F2	40	80	0	0	80	P1-6-7	1	-
58	7.656250	8.075521	Ab4	53	80	0	0	80	P1-6-1	0	-
59	7.661458	8.139323	F5	62	80	0	0	80	P1-6-2	0	-
60	8.014323	8.069010	F4	36	80	0	0	84	P1-6-9	0	-
61	8.018229	8.070312	C4	44	80	0	0	84	P1-6-8	0	-
62	8.325521	8.444010	C5	50	80	0	0	87	P1-6-5	0	-
63	8.361979	8.432292	F3	43	80	0	0	88	P1-6-10	0	-
64	8.364583	8.829427	Ab4	49	80	0	0	88	P1-6-3	0	-
65	8.367188	8.829427	F5	57	80	0	0	88	P1-6-4	0	-
66	8.716146	8.763021	F4	39	80	0	0	92	P1-6-12	0	-
67	8.722656	8.769531	C4	47	80	0	0	92	P1-6-11	0	-
68	9.006510	9.166667	Gb5	57	80	0	0	95	P1-6-6	0	-
69	9.054688	9.174479	F5	59	80	0	0	96	P1-7-1	0	-
70	9.063802	9.162760	Ab4	52	80	0	0	96	P1-7-6	0	-
71	9.065104	9.121094	Db3	51	80	0	0	96	P1-7-10	0	-
72	9.423177	9.566406	F5	62	80	0	0	100	P1-7-2	0	-
73	9.423177	9.429688	F3	50	80	0	0	-1	*	3	-
74	9.425781	9.587240	Ab4	58	80	0	0	100	P1-7-7	0	-
75	9.428385	9.438802	C4	50	80	0	0	-1	*	3	-
76	9.430990	9.488281	Db4	53	80	0	0	100	P1-7-11	0	-
77	9.563802	9.678385	Gb5	64	80	0	0	102	P1-7-3	0	-
78	9.733073	9.789062	C2	52	80	0	0	-1	*	3	-
79	9.740885	9.794271	C3	52	80	0	0	104	P1-7-13	0	-
80	9.740885	9.846354	F5	61	80	0	0	104	P1-7-4	0	-
81	9.744792	9.834635	A4	57	80	0	0	104	P1-7-8	0	-
82	10.105469	10.227865	F5	56	80	0	0	108	P1-7-5	0	-
83	10.117188	10.184896	F3	43	80	0	0	-1	*	3	-
84	10.123698	10.197917	A4	49	80	0	0	108	P1-7-9	0	-
85	10.125000	10.183594	Eb4	47	80	0	0	108	P1-7-15	0	-
86	10.127604	10.183594	C4	48	80	0	0	108	P1-7-14	0	-
87	10.472656	10.959635	F5	54	80	0	0	112	P1-8-1	0	-
88	10.479167	10.649740	Bb4	45	80	0	0	112	P1-8-6	0	-
89	10.484375	10.544271	Bb2	33	80	0	0	112	P1-8-7	0	-
90	10.837240	10.933594	Bb5	60	80	0	0	116	P1-8-2	0	-
91	10.845052	10.915365	F4	35	80	0	0	116	P1-8-10	0	-
92	10.848958	10.917969	Db4	39	80	0	0	116	P1-8-9	0	-
93	10.851562	10.924479	Bb3	36	80	0	0	116	P1-8-8	0	-
94	10.852865	10.925781	Bb4	46	80	0	0	116	*	3	-
95	11.203125	11.265625	F3	34	80	0	0	120	P1-8-11	0	-
96	11.204427	11.265625	F2	36	80	0	0	120	*	3	-
97	11.208333	11.619792	F5	55	80	0	0	120	P1-8-5	0	-
98	11.233073	11.613281	Ab4	38	80	0	0	120	P1-8-4	0	-
99	11.552083	11.602865	F4	42	80	0	0	124	P1-8-13	0	-
100	11.554688	11.606771	C4	46	80	0	0	124	P1-8-12	0	-
101	11.893229	12.028646	C5	55	80	0	0	128	P1-9-2	0	-
102	11.895833	11.966146	C3	43	80	0	0	128	P1-9-16	0	-
103	11.901042	12.039062	Ab4	56	80	0	0	128	P1-9-1	0	-
104	12.055990	12.250000	Bb4	59	80	0	0	130	P1-9-4	0	-
105	12.062500	12.170573	G4	56	80	0	0	130	P1-9-3	0	-
106	12.216146	12.347656	Ab4	64	80	0	0	132	P1-9-6	0	-
107	12.217448	12.304688	F4	49	80	0	0	132	P1-9-18	0	-
108	12.242188	12.285156	C4	37	80	0	0	132	P1-9-17	0	-
109	12.363281	12.406250	Bb4	68	80	0	0	134	P1-9-8	0	-
110	12.364583	12.399740	G4	60	80	0	0	134	P1-9-7	0	-
111	12.526042	12.692708	C5	61	80	0	0	136	P1-9-9	0	-
112	12.532552	12.684896	Ab4	62	80	0	0	136	P1-9-13	0	-
113	12.533854	12.704427	Bb4	60	80	0	0	136	*	3	-
114	12.536458	12.593750	C3	45	80	0	0	136	P1-9-19	0	-
115	12.682292	12.736979	Db5	61	80	0	0	138	P1-9-10	0	-
116	12.850260	12.959635	C5	60	80	0	0	140	P1-9-11	0	-
117	12.855469	12.934896	Bb4	56	80	0	0	140	P1-9-15	0	-
118	12.861979	12.925781	E4	50	80	0	0	140	P1-9-21	0	-
119	12.864583	12.924479	G4	49	80	0	0	140	P1-9-14	0	-
120	12.865885	12.933594	C4	53	80	0	0	140	P1-9-20	0	-
121	13.002604	13.050781	E5	62	80	0	0	142	P1-9-12	0	-
122	13.184896	13.255208	F3	48	80	0	0	144	P1-10-8	0	-
123	13.195312	13.799479	F5	55	80	0	0	144	P1-10-3	0	-
124	13.213542	13.785156	Ab4	50	80	0	0	144	P1-10-1	0	-
125	13.216146	13.658854	C5	50	80	0	0	144	P1-10-2	0	-
126	13.553385	13.604167	F4	34	80	0	0	148	P1-10-10	0	-
127	13.553385	13.604167	C4	38	80	0	0	148	P1-10-9	0	-
128	13.904948	14.709635	F5	57	80	0	0	152	P1-10-6	0	-
129	13.914062	14.364583	C5	46	80	0	0	152	P1-10-5	0	-
130	13.923177	14.399740	Ab4	51	80	0	0	152	P1-10-4	0	-
131	13.924479	13.997396	F3	41	80	0	0	152	P1-10-11	0	-
132	14.283854	14.335938	F4	38	80	0	0	156	P1-10-13	0	-
133	14.291667	14.345052	C4	35	80	0	0	156	P1-10-12	0	-
134	14.623698	14.704427	Bb4	56	80	0	0	159	P1-10-7	0	-
135	14.654948	14.709635	F4	35	80	0	0	160	*	3	-
136	14.656250	14.713542	Ab4	53	80	0	0	160	P1-11-1	0	-
137	14.660156	14.713542	F3	37	80	0	0	160	P1-11-8	0	-
138	15.026042	15.100260	Ab4	58	80	0	0	164	P1-11-2	0	-
139	15.029948	15.087240	F4	41	80	0	0	164	P1-11-10	0	-
140	15.033854	15.097656	C4	40	80	0	0	164	P1-11-9	0	-
141	15.174479	15.329427	Bb4	53	80	0	0	166	P1-11-3	0	-
142	15.334635	15.412760	Ab4	57	80	0	0	168	P1-11-4	0	-
143	15.345052	15.407552	F3	34	80	0	0	168	P1-11-11	0	-
144	15.345052	15.359375	C4	29	80	0	0	-1	*	3	-
145	15.346354	15.429688	F4	32	80	0	0	-1	*	3	-
146	15.710938	15.764323	G4	54	80	0	0	172	P1-11-5	0	-
147	15.713542	15.774740	E4	44	80	0	0	172	P1-11-13	0	-
148	15.714844	15.781250	C4	42	80	0	0	172	P1-11-12	0	-
149	15.753906	15.759115	G#3	22	80	0	0	-1	*	3	-
150	15.933594	16.519531	Ab4	53	80	0	0	174	P1-11-6	0	-
151	15.959635	15.968750	F4	28	80	0	0	-1	*	3	-
152	15.981771	16.079427	Bb4	56	80	0	0	175	P1-11-7	0	-
153	16.063802	16.122396	F3	38	80	0	0	176	P1-12-8	0	-
154	16.065104	16.494792	C5	54	80	0	0	176	P1-12-2	0	-
155	16.428385	16.492188	F4	36	80	0	0	180	P1-12-10	0	-
156	16.433594	16.493490	C4	38	80	0	0	180	P1-12-9	0	-
157	16.696615	17.194010	Ab4	50	80	0	0	182	P1-12-5	0	-
158	16.744792	16.859375	Bb4	50	80	0	0	183	P1-12-6	0	-
159	16.772135	16.779948	F4	37	80	0	0	184	P1-12-3	1	-
160	16.783854	16.845052	F3	36	80	0	0	184	P1-12-11	0	-
161	16.789062	17.200521	C5	58	80	0	0	184	P1-12-4	0	-
162	17.140625	17.195312	F4	41	80	0	0	188	P1-12-13	0	-
163	17.147135	17.199219	C4	41	80	0	0	188	P1-12-12	0	-
164	17.463542	17.554688	Bb4	51	80	0	0	191	P1-12-7	0	-
165	17.496094	17.579427	F4	35	80	0	0	192	*	3	-
166	17.496094	17.558594	Ab4	53	80	0	0	192	P1-13-1	0	-
167	17.498698	17.509115	C4	32	80	0	0	192	*	3	-
168	17.498698	17.562500	F3	39	80	0	0	192	P1-13-9	0	-
169	17.859375	18.019531	Ab4	54	80	0	0	196	P1-13-2	0	-
170	17.863281	17.925781	F4	43	80	0	0	196	P1-13-11	0	-
171	17.871094	17.930990	C4	37	80	0	0	196	P1-13-10	0	-
172	18.007812	18.158854	Bb4	52	80	0	0	198	P1-13-3	0	-
173	18.167969	18.239583	Ab4	58	80	0	0	200	P1-13-4	0	-
174	18.170573	18.259115	Bb4	58	80	0	0	200	*	3	-
175	18.174479	18.240885	F3	36	80	0	0	200	P1-13-12	0	-
176	18.174479	18.233073	F4	38	80	0	0	200	*	3	-
177	18.175781	18.188802	C4	31	80	0	0	200	*	3	-
178	18.518229	18.609375	C5	53	80	0	0	204	P1-13-6	0	-
179	18.522135	18.595052	G4	55	80	0	0	204	P1-13-5	0	-
180	18.528646	18.604167	E4	47	80	0	0	204	P1-13-14	0	-
181	18.532552	18.611979	C4	45	80	0	0	204	P1-13-13	0	-
182	18.834635	18.947917	C5	55	80	0	0	207	P1-13-8	0	-
183	18.882812	19.376302	Ab4	52	80	0	0	208	P1-14-1	0	-
184	18.885417	18.950521	F3	43	80	0	0	208	P1-14-7	0	-
185	18.885417	18.951823	F2	40	80	0	0	208	*	3	-
186	18.893229	19.419271	F5	61	80	0	0	208	P1-14-2	0	-
187	19.253906	19.316406	F4	38	80	0	0	212	P1-14-9	0	-
188	19.253906	19.316406	C4	40	80	0	0	212	P1-14-8	0	-
189	19.588542	19.673177	C5	55	80	0	0	215	P1-14-5	0	-
190	19.614583	20.075521	Ab4	54	80	0	0	216	P1-14-3	0	-
191	19.618490	20.109375	F5	57	80	0	0	216	P1-14-4	0	-
192	19.622396	19.683594	F2	41	80	0	0	216	P1-14-10	1	-
193	19.963542	20.010417	F4	38	80	0	0	220	P1-14-12	0	-
194	19.964844	20.014323	C4	45	80	0	0	220	P1-14-11	0	-
195	20.265625	20.408854	Gb5	54	80	0	0	223	P1-14-6	0	-
196	20.308594	20.319010	F2	46	80	0	0	224	*	3	-
197	20.313802	20.415365	F5	59	80	0	0	224	P1-15-1	0	-
198	20.313802	20.360677	Db3	56	80	0	0	224	P1-15-10	0	-
199	20.319010	20.384115	Ab4	57	80	0	0	224	P1-15-6	0	-
200	20.675781	20.809896	F5	61	80	0	0	228	P1-15-2	0	-
201	20.683594	20.688802	F3	51	80	0	0	228	*	3	-
202	20.684896	20.929688	Ab4	61	80	0	0	228	P1-15-7	0	-
203	20.684896	20.734375	Db4	55	80	0	0	228	P1-15-11	0	-
204	20.684896	20.731771	F4	49	80	0	0	228	P1-15-12	0	-
205	20.694010	20.759115	C#3	50	80	0	0	228	*	3	-
206	20.832031	20.954427	Gb5	67	80	0	0	230	P1-15-3	0	-
207	21.011719	21.118490	F5	61	80	0	0	232	P1-15-4	0	-
208	21.014323	21.071615	C3	57	80	0	0	232	P1-15-13	0	-
209	21.015625	21.139323	C5	52	80	0	0	232	*	3	-
210	21.022135	21.169271	A4	60	80	0	0	232	P1-15-8	0	-
211	21.372396	21.466146	F5	62	80	0	0	236	P1-15-5	0	-
212	21.373698	21.420573	F4	50	80	0	0	236	P1-15-16	0	-
213	21.378906	21.479167	A4	53	80	0	0	236	P1-15-9	0	-
214	21.384115	21.428385	Eb4	54	80	0	0	236	P1-15-15	0	-
215	21.385417	21.432292	C4	44	80	0	0	236	P1-15-14	0	-
216	21.727865	22.218750	F5	56	80	0	0	240	P1-16-1	0	-
217	21.731771	21.929688	Bb4	55	80	0	0	240	P1-16-6	0	-
218	21.735677	21.791667	Bb2	43	80	0	0	240	P1-16-7	0	-
219	22.085938	22.182292	Bb5	57	80	0	0	244	P1-16-2	0	-
220	22.104167	22.184896	Db4	38	80	0	0	244	P1-16-9	0	-
221	22.105469	22.184896	Bb4	39	80	0	0	244	*	3	-
222	22.105469	22.184896	F4	29	80	0	0	244	P1-16-10	0	-
223	22.110677	22.188802	Bb3	33	80	0	0	244	P1-16-8	0	-
224	22.462240	22.968750	F5	57	80	0	0	248	P1-16-5	0	-
225	22.463542	22.520833	F3	32	80	0	0	248	P1-16-11	0	-
226	22.464844	22.524740	F2	32	80	0	0	248	*	3	-
227	22.473958	22.959635	Ab4	39	80	0	0	248	P1-16-4	0	-
228	22.492188	22.889323	C5	36	80	0	0	248	*	3	-
229	22.826823	22.908854	F4	41	80	0	0	252	P1-16-13	0	-
230	22.826823	22.876302	C4	42	80	0	0	252	P1-16-12	0	-
231	23.165365	23.222656	C3	47	80	0	0	256	P1-17-16	0	-
232	23.165365	23.229167	C2	45	80	0	0	256	*	3	-
233	23.167969	23.307292	C5	52	80	0	0	256	P1-17-2	0	-
234	23.182292	23.319010	Ab4	54	80	0	0	256	P1-17-1	0	-
235	23.341146	23.393229	Bb4	56	80	0	0	258	P1-17-4	0	-
236	23.345052	23.394531	G4	47	80	0	0	258	P1-17-3	0	-
237	23.354167	23.359375	C4	35	80	0	0	258	*	3	-
238	23.484375	23.576823	F4	55	80	0	0	260	P1-17-18	0	-
239	23.494792	23.608073	Ab4	61	80	0	0	260	P1-17-6	0	-
240	23.502604	23.579427	Bb4	57	80	0	0	260	*	3	-
241	23.505208	23.557292	C4	45	80	0	0	260	P1-17-17	0	-
242	23.635417	23.680990	Bb4	65	80	0	0	262	P1-17-8	0	-
243	23.640625	23.677083	G4	56	80	0	0	262	P1-17-7	0	-
244	23.816406	23.967448	C5	62	80	0	0	264	P1-17-9	0	-
245	23.819010	23.876302	C3	47	80	0	0	264	P1-17-19	0	-
246	23.825521	23.947917	Ab4	57	80	0	0	264	P1-17-13	0	-
247	23.954427	24.013021	Db5	61	80	0	0	266	P1-17-10	0	-
248	24.127604	24.223958	C5	62	80	0	0	268	P1-17-11	0	-
249	24.131510	24.208333	Bb4	57	80	0	0	268	P1-17-15	0	-
250	24.134115	24.204427	G4	49	80	0	0	268	P1-17-14	0	-
251	24.143229	24.210938	E4	50	80	0	0	268	P1-17-21	0	-
252	24.148438	24.216146	C4	51	80	0	0	268	P1-17-20	0	-
253	24.273438	24.315104	E5	65	80	0	0	270	P1-17-12	0	-
254	24.473958	24.915365	C5	55	80	0	0	272	P1-18-2	0	-
255	24.473958	24.544271	F2	41	80	0	0	272	*	3	-
256	24.473958	24.979167	F5	57	80	0	0	272	P1-18-3	0	-
257	24.475260	24.544271	F3	41	80	0	0	272	P1-18-7	0	-
258	24.475260	24.916667	Ab4	52	80	0	0	272	P1-18-1	0	-
259	24.841146	24.902344	C4	40	80	0	0	276	P1-18-8	0	-
260	24.841146	24.901042	F4	33	80	0	0	276	P1-18-9	0	-
261	25.191406	25.251302	F3	37	80	0	0	280	P1-18-10	0	-
262	25.196615	25.869792	F5	52	80	0	0	280	P1-18-6	0	-
263	25.221354	25.229167	C4	30	80	0	0	280	*	3	-
264	25.223958	25.630208	C5	43	80	0	0	280	P1-18-5	0	-
265	25.225260	25.632812	Ab4	37	80	0	0	280	P1-18-4	0	-
266	25.559896	25.626302	F4	33	80	0	0	284	P1-18-12	0	-
267	25.561198	25.625000	C4	35	80	0	0	284	P1-18-11	0	-
268	25.954427	26.459635	C5	50	80	0	0	288	P1-19-1	0	-
269	25.959635	26.019531	Ab3	41	80	0	0	288	P1-19-3	0	-
270	25.964844	26.149740	Ab4	37	80	0	0	292	*	3	-
271	25.981771	26.027344	C4	29	80	0	0	292	*	3	-
272	26.355469	26.539062	Ab4	34	80	0	0	292	P1-19-6	0	-
273	26.355469	26.479167	C4	35	80	0	0	292	P1-19-4	0	-
274	26.359375	26.429688	Eb4	35	80	0	0	292	P1-19-5	0	-
275	26.369792	26.428385	G#3	29	80	0	0	292	*	3	-
276	26.720052	27.239583	C5	62	80	0	0	296	P1-19-2	0	-
277	26.735677	26.789062	Ab3	42	80	0	0	296	P1-19-7	0	-
278	27.093750	27.229167	Eb4	30	80	0	0	300	P1-19-9	0	-
279	27.095052	27.239583	Ab4	44	80	0	0	300	P1-19-10	0	-
280	27.102865	27.186198	C4	33	80	0	0	300	P1-19-8	0	-
281	27.444010	27.555990	C5	57	80	0	0	304	P1-20-1	0	-
282	27.451823	27.505208	Ab3	49	80	0	0	304	P1-20-7	0	-
283	27.610677	27.683594	Db5	64	80	0	0	306	P1-20-2	0	-
284	27.783854	27.989583	Eb5	66	80	0	0	308	P1-20-3	0	-
285	27.785156	27.949219	Eb4	41	80	0	0	308	P1-20-9	0	-
286	27.785156	27.848958	G4	42	80	0	0	308	P1-20-10	0	-
287	27.802083	27.889323	C#5	52	80	0	0	308	*	3	-
288	27.803385	28.000000	Bb3	44	80	0	0	308	P1-20-8	0	-
289	27.927083	27.983073	Db5	67	80	0	0	310	P1-20-4	0	-
290	28.106771	28.468750	Db5	62	80	0	0	312	P1-20-5	0	-
291	28.122396	28.182292	Ab3	43	80	0	0	312	P1-20-11	0	-
292	28.442708	28.505208	G4	49	80	0	0	316	P1-20-14	0	-
293	28.444010	28.506510	Eb4	41	80	0	0	316	P1-20-13	0	-
294	28.464844	28.669271	Bb3	40	80	0	0	316	P1-20-12	0	-
295	28.562500	28.611979	C5	66	80	0	0	318	P1-20-6	0	-
296	28.704427	28.809896	C5	67	80	0	0	320	P1-21-1	0	-
297	28.704427	28.819010	C#5	66	80	0	0	320	*	3	-
298	28.752604	28.809896	Ab3	54	80	0	0	320	P1-21-8	0	-
299	28.753906	28.812500	Bb4	64	80	0	0	321	P1-21-2	0	-
300	29.095052	29.259115	Bb4	55	80	0	0	324	P1-21-3	0	-
301	29.122396	29.177083	G4	42	80	0	0	324	P1-21-11	0	-
302	29.123698	29.183594	Db4	42	80	0	0	324	P1-21-9	0	-
303	29.125000	29.182292	Eb4	36	80	0	0	324	P1-21-10	0	-
304	29.450521	29.503906	Ab3	47	80	0	0	328	P1-21-12	0	-
305	29.453125	29.649740	C5	57	80	0	0	328	P1-21-4	0	-
306	29.617188	29.661458	Bb4	59	80	0	0	330	P1-21-5	0	-
307	29.785156	29.920573	Ab4	59	80	0	0	332	P1-21-6	0	-
308	29.786458	29.858073	G4	53	80	0	0	332	P1-21-15	0	-
309	29.792969	29.858073	Db4	43	80	0	0	332	P1-21-13	0	-
310	29.794271	29.854167	Eb4	49	80	0	0	332	P1-21-14	0	-
311	29.934896	29.981771	Bb4	65	80	0	0	334	P1-21-7	0	-
312	30.119792	30.175781	Ab3	50	80	0	0	336	P1-22-4	0	-
313	30.123698	30.563802	Bb4	56	80	0	0	336	P1-22-1	0	-
314	30.492188	30.552083	Ab4	44	80	0	0	340	P1-22-7	0	-
315	30.501302	30.563802	C4	31	80	0	0	340	P1-22-5	0	-
316	30.501302	30.557292	Eb4	33	80	0	0	340	P1-22-6	0	-
317	30.514323	30.519531	G#3	34	80	0	0	340	*	3	-
318	30.851562	30.898438	Ab3	42	80	0	0	344	P1-22-8	0	-
319	30.852865	31.269531	C5	53	80	0	0	344	P1-22-2	0	-
320	31.203125	31.265625	Ab4	44	80	0	0	348	P1-22-11	0	-
321	31.207031	31.266927	Eb4	35	80	0	0	348	P1-22-10	0	-
322	31.208333	31.266927	C4	34	80	0	0	348	P1-22-9	0	-
323	31.515625	31.688802	Eb5	55	80	0	0	351	P1-22-3	0	-
324	31.566406	32.139323	Ab5	72	80	0	0	352	P1-23-2	0	-
325	31.570312	32.053385	C5	53	80	0	0	352	P1-23-1	0	-
326	31.945312	32.035156	Ab4	42	80	0	0	356	P1-23-9	0	-
327	31.951823	32.035156	Eb4	35	80	0	0	356	P1-23-8	0	-
328	31.953125	32.033854	C4	34	80	0	0	356	P1-23-7	0	-
329	32.248698	32.848958	Eb5	54	80	0	0	359	P1-23-5	0	-
330	32.285156	33.119792	Ab5	68	80	0	0	360	P1-23-4	0	-
331	32.290365	32.779948	C5	57	80	0	0	360	P1-23-3	0	-
332	32.311198	32.359375	G#2	43	80	0	0	360	P1-23-10	1	-
333	32.641927	32.739583	Ab4	44	80	0	0	364	P1-23-13	0	-
334	32.643229	32.691406	Eb4	42	80	0	0	364	P1-23-12	0	-
335	32.643229	32.688802	C4	42	80	0	0	364	P1-23-11	0	-
336	33.013021	33.177083	G5	66	80	0	0	368	P1-24-2	0	-
337	33.013021	33.019531	Db3	50	80	0	0	368	P1-24-11	0	-
338	33.014323	33.174479	Eb5	55	80	0	0	368	P1-24-1	0	-
339	33.173177	33.348958	F5	66	80	0	0	370	P1-24-4	0	-
340	33.183594	33.259115	Db5	59	80	0	0	370	P1-24-3	0	-
341	33.186198	33.250000	G#4	48	80	0	0	-1	*	3	-
342	33.355469	33.403646	Db4	53	80	0	0	372	P1-24-12	0	-
343	33.360677	33.533854	E5	63	80	0	0	372	P1-24-6	0	-
344	33.361979	33.438802	G#4	52	80	0	0	372	P1-24-13	1	-
345	33.364583	33.425781	C5	58	80	0	0	372	P1-24-5	0	-
346	33.502604	33.588542	F5	67	80	0	0	374	P1-24-8	0	-
347	33.510417	33.555990	Db5	61	80	0	0	374	P1-24-7	0	-
348	33.513021	33.549479	G#4	56	80	0	0	-1	*	3	-
349	33.675781	33.712240	Db3	49	80	0	0	376	P1-24-14	0	-
350	33.683594	34.169271	F5	55	80	0	0	376	P1-24-10	0	-
351	33.684896	33.769531	G#4	53	80	0	0	-1	*	3	-
352	33.691406	33.747396	Db5	61	80	0	0	376	P1-24-9	0	-
353	34.035156	34.115885	Db4	38	80	0	0	380	P1-24-15	0	-
354	34.036458	34.149740	G#4	41	80	0	0	-1	*	3	-
355	34.037760	34.119792	F4	40	80	0	0	380	P1-24-16	0	-
356	34.375000	34.459635	F5	61	80	0	0	384	P1-25-1	0	-
357	34.391927	34.454427	Eb2	49	80	0	0	-1	*	3	-
358	34.394531	34.529948	Db5	54	80	0	0	384	P1-25-8	0	-
359	34.398438	34.462240	Eb3	51	80	0	0	384	P1-25-14	0	-
360	34.403646	34.598958	G4	52	80	0	0	384	P1-25-7	0	-
361	34.552083	34.606771	Eb5	61	80	0	0	386	P1-25-2	0	-
362	34.734375	34.955729	G4	63	80	0	0	388	P1-25-9	0	-
363	34.738281	34.794271	Eb4	65	80	0	0	388	P1-25-17	0	-
364	34.744792	35.229167	Eb5	65	80	0	0	388	P1-25-4	0	-
365	34.744792	34.805990	Db4	60	80	0	0	388	P1-25-16	0	-
366	34.746094	35.019531	Db5	62	80	0	0	388	P1-25-3	0	-
367	34.750000	34.805990	Bb3	55	80	0	0	388	P1-25-15	0	-
368	34.902344	35.222656	Ab4	66	80	0	0	390	P1-25-10	0	-
369	35.089844	35.182292	Bb4	53	80	0	0	392	P1-25-11	0	-
370	35.097656	35.164062	Eb3	50	80	0	0	392	P1-25-18	0	-
371	35.102865	35.199219	G4	47	80	0	0	392	*	3	-
372	35.440104	35.669271	Db5	59	80	0	0	396	P1-25-5	0	-
373	35.445312	35.598958	Eb5	59	80	0	0	396	P1-25-6	0	-
374	35.445312	35.608073	Ab4	50	80	0	0	396	P1-25-12	0	-
375	35.454427	35.527344	Db4	44	80	0	0	396	P1-25-20	0	-
376	35.464844	35.589844	Bb3	45	80	0	0	396	P1-25-19	0	-
377	35.466146	35.524740	Eb4	44	80	0	0	396	P1-25-21	0	-
378	35.613281	35.763021	G4	65	80	0	0	398	P1-25-13	0	-
379	35.785156	36.500000	Eb5	55	80	0	0	400	P1-26-3	0	-
380	35.805990	36.149740	C5	49	80	0	0	400	P1-26-2	0	-
381	35.805990	35.851562	Ab3	46	80	0	0	400	P1-26-7	0	-
382	35.816406	36.213542	Ab4	46	80	0	0	400	P1-26-1	0	-
383	36.156250	36.212240	C5	43	80	0	0	400	*	3	-
384	36.161458	36.213542	Ab3	43	80	0	0	400	*	3	-
385	36.161458	36.210938	C4	41	80	0	0	404	P1-26-8	0	-
386	36.162760	36.210938	Eb4	36	80	0	0	404	P1-26-9	0	-
387	36.509115	38.529948	Eb5	55	80	0	0	408	P1-26-6	0	-
388	36.514323	36.979167	C5	57	80	0	0	408	P1-26-5	0	-
389	36.514323	37.079427	Ab4	48	80	0	0	408	P1-26-4	0	-
390	36.519531	36.575521	Ab3	47	80	0	0	408	P1-26-10	0	-
391	36.528646	36.539062	C4	32	80	0	0	408	*	3	-
392	36.873698	36.949219	Eb4	35	80	0	0	412	P1-26-12	0	-
393	36.875000	36.949219	C4	32	80	0	0	412	P1-26-11	0	-
394	36.877604	36.954427	G#3	31	80	0	0	412	*	3	-
395	37.244792	37.729167	C5	56	80	0	0	416	P1-27-1	0	-
396	37.253906	37.312500	Ab3	40	80	0	0	416	P1-27-3	0	-
397	37.631510	37.779948	Ab4	41	80	0	0	420	P1-27-6	0	-
398	37.634115	37.750000	C4	39	80	0	0	420	P1-27-4	0	-
399	37.634115	37.688802	Eb4	38	80	0	0	420	P1-27-5	0	-
400	37.635417	37.712240	G#3	33	80	0	0	420	*	3	-
401	37.996094	38.496094	C5	62	80	0	0	424	P1-27-2	0	-
402	38.009115	38.065104	Ab3	46	80	0	0	424	P1-27-7	0	-
403	38.365885	38.658854	Ab4	41	80	0	0	428	P1-27-10	0	-
404	38.372396	38.479167	Eb4	33	80	0	0	428	P1-27-9	0	-
405	38.373698	38.475260	C4	34	80	0	0	428	P1-27-8	0	-
406	38.726562	38.912760	C5	55	80	0	0	432	P1-28-1	0	-
407	38.731771	38.781250	Ab3	45	80	0	0	432	P1-28-7	0	-
408	38.733073	38.809896	G#4	50	80	0	0	432	*	3	-
409	38.893229	38.951823	Db5	61	80	0	0	434	P1-28-2	0	-
410	39.057292	39.253906	Eb5	59	80	0	0	436	P1-28-3	0	-
411	39.063802	39.151042	G4	42	80	0	0	436	P1-28-10	0	-
412	39.066406	39.191406	Eb4	34	80	0	0	436	P1-28-9	0	-
413	39.066406	39.199219	C#5	51	80	0	0	436	*	3	-
414	39.074219	39.269531	Bb3	42	80	0	0	436	P1-28-8	0	-
415	39.204427	39.274740	Db5	66	80	0	0	438	P1-28-4	0	-
416	39.393229	39.579427	Db5	55	80	0	0	440	P1-28-5	0	-
417	39.403646	39.462240	Ab3	46	80	0	0	440	P1-28-11	0	-
418	39.403646	39.408854	Bb3	48	80	0	0	440	*	3	-
419	39.750000	39.820312	G4	43	80	0	0	444	P1-28-14	0	-
420	39.753906	39.833333	Eb4	38	80	0	0	444	P1-28-13	0	-
421	39.753906	39.968750	Bb3	40	80	0	0	444	P1-28-12	0	-
422	39.871094	39.917969	C5	57	80	0	0	446	P1-28-6	0	-
423	40.007812	40.089844	C5	62	80	0	0	448	P1-29-1	0	-
424	40.055990	40.095052	Ab3	50	80	0	0	448	P1-29-8	0	-
425	40.069010	40.269531	Bb4	63	80	0	0	449	P1-29-2	0	-
426	40.427083	40.819010	Bb4	53	80	0	0	452	P1-29-3	0	-
427	40.434896	40.519531	G4	41	80	0	0	452	P1-29-11	0	-
428	40.438802	40.533854	Db4	39	80	0	0	452	P1-29-9	0	-
429	40.441406	40.524740	Eb4	39	80	0	0	452	P1-29-10	0	-
430	40.796875	40.848958	Ab3	42	80	0	0	456	P1-29-12	0	-
431	40.800781	40.968750	C5	52	80	0	0	456	P1-29-4	0	-
432	40.962240	41.089844	Bb4	59	80	0	0	458	P1-29-5	0	-
433	41.127604	41.252604	Ab4	58	80	0	0	460	P1-29-6	0	-
434	41.132812	41.210938	Eb4	44	80	0	0	460	P1-29-14	0	-
435	41.134115	41.216146	Db4	41	80	0	0	460	P1-29-13	0	-
436	41.285156	41.334635	Bb4	58	80	0	0	462	P1-29-7	0	-
437	41.476562	42.169271	Bb4	58	80	0	0	464	P1-30-1	0	-
438	41.479167	41.524740	Ab3	46	80	0	0	464	P1-30-4	0	-
439	41.842448	41.911458	Ab4	44	80	0	0	468	P1-30-7	0	-
440	41.851562	41.908854	Eb4	34	80	0	0	468	P1-30-6	0	-
441	41.871094	41.915365	C4	29	80	0	0	468	P1-30-5	0	-
442	42.184896	42.559896	C5	50	80	0	0	472	P1-30-2	0	-
443	42.190104	42.256510	Ab3	42	80	0	0	472	P1-30-8	0	-
444	42.194010	42.256510	G#4	38	80	0	0	472	*	3	-
445	42.535156	42.601562	Ab4	44	80	0	0	476	P1-30-11	0	-
446	42.540365	42.604167	C4	38	80	0	0	476	P1-30-9	0	-
447	42.542969	42.602865	Eb4	35	80	0	0	476	P1-30-10	0	-
448	42.858073	43.429688	Eb5	56	80	0	0	479	P1-30-3	0	-
449	42.876302	42.889323	Ab3	45	80	0	0	480	P1-31-6	0	-
450	42.904948	43.628906	Ab5	73	80	0	0	480	P1-31-2	0	-
451	42.907552	43.376302	C5	57	80	0	0	480	P1-31-1	0	-
452	43.278646	43.363281	Ab4	47	80	0	0	484	P1-31-9	0	-
453	43.283854	43.361979	Eb4	37	80	0	0	484	P1-31-8	0	-
454	43.290365	43.438802	C4	34	80	0	0	484	P1-31-7	0	-
455	43.309896	43.449219	G#3	27	80	0	0	484	*	3	-
456	43.604167	44.179688	Eb5	54	80	0	0	487	P1-31-5	0	-
457	43.634115	43.683594	Ab3	48	80	0	0	488	P1-31-10	0	-
458	43.635417	44.459635	Ab5	69	80	0	0	488	P1-31-4	0	-
459	43.641927	44.149740	C5	52	80	0	0	488	P1-31-3	0	-
460	43.645833	43.688802	G#2	46	80	0	0	488	*	3	-
461	44.005208	44.053385	Eb4	41	80	0	0	492	P1-31-12	0	-
462	44.005208	44.054688	Ab4	43	80	0	0	492	P1-31-13	0	-
463	44.007812	44.054688	C4	37	80	0	0	492	P1-31-11	0	-
464	44.356771	44.406250	Db3	48	80	0	0	496	P1-32-11	0	-
465	44.364583	44.516927	Eb5	55	80	0	0	496	P1-32-1	0	-
466	44.367188	44.519531	G5	59	80	0	0	496	P1-32-2	0	-
467	44.522135	44.619792	F5	60	80	0	0	498	P1-32-4	0	-
468	44.524740	44.593750	Db5	58	80	0	0	498	P1-32-3	0	-
469	44.694010	44.759115	F3	42	80	0	0	500	P1-32-13	1	-
470	44.696615	44.859375	E5	60	80	0	0	500	P1-32-6	0	-
471	44.707031	44.748698	Db4	46	80	0	0	500	P1-32-12	0	-
472	44.714844	44.799479	C#5	57	80	0	0	-1	*	3	-
473	44.846354	44.899740	F5	60	80	0	0	502	P1-32-8	0	-
474	44.850260	44.929688	Db5	61	80	0	0	502	P1-32-7	0	-
475	45.032552	45.070312	Db3	52	80	0	0	504	P1-32-14	0	-
476	45.033854	45.085938	F5	55	80	0	0	504	P1-32-10	0	-
477	45.042969	45.139323	G#4	52	80	0	0	-1	*	3	-
478	45.042969	45.113281	Db5	55	80	0	0	504	P1-32-9	0	-
479	45.386719	45.436198	F4	39	80	0	0	508	P1-32-16	0	-
480	45.386719	45.459635	F5	46	80	0	0	-1	*	3	-
481	45.386719	45.441406	Db4	43	80	0	0	508	P1-32-15	0	-
482	45.388021	45.489583	C#5	43	80	0	0	-1	*	3	-
483	45.388021	45.429688	G#4	45	80	0	0	-1	*	3	-
484	45.718750	45.899740	F5	64	80	0	0	512	P1-33-1	0	-
485	45.735677	45.811198	Db5	53	80	0	0	512	P1-33-8	0	-
486	45.735677	45.796875	Eb3	52	80	0	0	512	P1-33-14	0	-
487	45.739583	45.750000	Bb4	54	80	0	0	-1	*	3	-
488	45.746094	45.813802	G4	51	80	0	0	512	P1-33-7	0	-
489	45.895833	45.968750	Eb5	63	80	0	0	514	P1-33-2	0	-
490	45.902344	45.989583	C#5	56	80	0	0	-1	*	3	-
491	46.085938	46.579427	Db5	58	80	0	0	516	P1-33-3	0	-
492	46.087240	46.628906	Eb5	59	80	0	0	516	P1-33-4	0	-
493	46.091146	46.157552	G4	58	80	0	0	516	P1-33-9	0	-
494	46.100260	46.154948	Db4	50	80	0	0	516	P1-33-16	0	-
495	46.102865	46.153646	Eb4	55	80	0	0	516	P1-33-17	0	-
496	46.104167	46.153646	Bb3	47	80	0	0	516	P1-33-15	0	-
497	46.244792	46.289062	Bb4	63	80	0	0	-1	*	3	-
498	46.244792	46.582031	Ab4	64	80	0	0	518	P1-33-10	0	-
499	46.442708	46.609375	Bb4	59	80	0	0	520	P1-33-11	0	-
500	46.445312	46.496094	Eb3	47	80	0	0	520	P1-33-18	0	-
501	46.455729	46.468750	G4	44	80	0	0	-1	*	3	-
502	46.774740	46.919271	Db5	54	80	0	0	524	P1-33-5	0	-
503	46.783854	46.875000	Eb5	57	80	0	0	524	P1-33-6	0	-
504	46.786458	46.839844	C5	50	80	0	0	-1	*	3	-
505	46.787760	46.917969	Ab4	53	80	0	0	524	P1-33-12	0	-
506	46.802083	46.863281	Db4	44	80	0	0	524	P1-33-20	0	-
507	46.813802	46.854167	Eb4	46	80	0	0	524	P1-33-21	0	-
508	46.813802	46.871094	Bb3	44	80	0	0	524	P1-33-19	0	-
509	46.955729	47.098958	G4	55	80	0	0	526	P1-33-13	0	-
510	47.131510	47.799479	Eb5	55	80	0	0	528	P1-34-3	0	-
511	47.135417	47.191406	Ab3	51	80	0	0	528	P1-34-7	0	-
512	47.152344	47.639323	C5	49	80	0	0	528	P1-34-2	0	-
513	47.162760	47.567708	Ab4	48	80	0	0	528	P1-34-1	0	-
514	47.503906	47.557292	Eb4	48	80	0	0	532	P1-34-9	0	-
515	47.510417	47.561198	C4	38	80	0	0	532	P1-34-8	0	-
516	47.510417	47.562500	G#3	42	80	0	0	532	*	3	-
517	47.852865	48.279948	Eb5	53	80	0	0	536	P1-34-6	0	-
518	47.864583	48.282552	Ab4	46	80	0	0	536	P1-34-4	0	-
519	47.865885	48.269531	C5	46	80	0	0	536	P1-34-5	0	-
520	47.873698	47.924479	Ab3	49	80	0	0	536	P1-34-10	0	-
521	47.877604	47.959635	C4	34	80	0	0	536	*	3	-
522	48.230469	48.276042	Eb4	45	80	0	0	540	P1-34-12	0	-
523	48.230469	48.276042	C4	46	80	0	0	540	P1-34-11	0	-
524	48.231771	48.276042	G#3	46	80	0	0	540	*	3	-
525	48.619792	49.289062	E5	86	80	0	0	544	P1-35-4	0	-
526	48.627604	49.179688	C5	74	80	0	0	544	P1-35-3	0	-
527	48.635417	48.769531	C3	58	80	0	0	544	P1-35-10	0	-
528	48.643229	49.079427	G4	68	80	0	0	544	P1-35-1	0	-
529	48.643229	49.149740	Bb4	75	80	0	0	544	P1-35-2	0	-
530	49.018229	49.119792	C4	42	80	0	0	548	P1-35-11	0	-
531	49.020833	49.075521	E4	37	80	0	0	548	P1-35-12	0	-
532	49.382812	49.938802	E5	87	80	0	0	552	P1-35-8	0	-
533	49.394531	49.791667	C5	72	80	0	0	552	P1-35-7	0	-
534	49.394531	49.579427	G4	71	80	0	0	552	P1-35-5	0	-
535	49.398438	49.569010	Bb4	75	80	0	0	552	P1-35-6	0	-
536	49.733073	49.792969	Bb4	49	80	0	0	-1	*	3	-
537	49.733073	49.782552	C4	47	80	0	0	556	P1-35-14	0	-
538	49.734375	49.786458	E4	47	80	0	0	556	P1-35-15	0	-
539	49.993490	50.149740	F5	65	80	0	0	559	P1-35-9	0	-
540	50.075521	50.279948	Ab5	82	80	0	0	560	P1-36-1	0	-
541	50.084635	50.239583	C5	67	80	0	0	560	P1-36-8	0	-
542	50.100260	50.169271	C3	50	80	0	0	560	P1-36-11	0	-
543	50.105469	50.319010	Ab4	61	80	0	0	560	P1-36-7	0	-
544	50.406250	50.639323	Ab5	70	80	0	0	564	P1-36-2	0	-
545	50.417969	50.429688	F3	46	80	0	0	564	P1-36-13	1	-
546	50.437500	50.519531	C4	45	80	0	0	564	P1-36-12	0	-
547	50.438802	50.639323	C5	54	80	0	0	564	P1-36-10	0	-
548	50.442708	50.619792	Ab4	51	80	0	0	564	P1-36-9	0	-
549	50.565104	50.819010	G5	65	80	0	0	566	P1-36-3	0	-
550	50.750000	50.790365	C3	49	80	0	0	568	P1-36-14	0	-
551	50.752604	51.259115	F5	67	80	0	0	568	P1-36-4	0	-
552	50.755208	51.139323	G#4	53	80	0	0	-1	*	3	-
553	51.083333	51.256510	Eb5	64	80	0	0	572	P1-36-5	0	-
554	51.084635	51.127604	F4	38	80	0	0	572	P1-36-16	0	-
555	51.092448	51.136719	C4	43	80	0	0	572	P1-36-15	0	-
556	51.233073	51.304688	Db5	59	80	0	0	574	P1-36-6	0	-
557	51.414062	51.899740	C5	69	80	0	0	576	P1-37-3	0	-
558	51.427083	51.628906	G4	67	80	0	0	576	P1-37-1	0	-
559	51.433594	51.569010	Bb4	70	80	0	0	576	P1-37-2	0	-
560	51.436198	51.475260	C3	59	80	0	0	576	P1-37-9	0	-
561	51.790365	51.858073	Bb4	61	80	0	0	-1	*	3	-
562	51.790365	51.869792	E4	59	80	0	0	580	P1-37-11	0	-
563	51.791667	51.834635	C4	55	80	0	0	580	P1-37-10	0	-
564	52.132812	52.718750	E5	86	80	0	0	584	P1-37-7	0	-
565	52.147135	52.191406	C3	61	80	0	0	584	P1-37-12	0	-
566	52.149740	52.509115	C5	69	80	0	0	584	P1-37-6	0	-
567	52.151042	52.239583	Bb4	74	80	0	0	584	P1-37-5	0	-
568	52.160156	52.169271	E4	64	80	0	0	584	P1-37-4	1	-
569	52.473958	52.531250	C4	63	80	0	0	588	P1-37-13	0	-
570	52.473958	52.532552	E4	54	80	0	0	588	P1-37-14	0	-
571	52.479167	52.489583	Bb3	61	80	0	0	-1	*	3	-
572	52.485677	52.500000	G3	48	80	0	0	-1	*	3	-
573	52.694010	52.869792	F5	67	80	0	0	591	P1-37-8	0	-
574	52.802083	53.009115	Ab5	81	80	0	0	592	P1-38-1	0	-
575	52.808594	52.859375	C3	62	80	0	0	592	P1-38-11	0	-
576	52.813802	52.949219	C5	63	80	0	0	592	P1-38-8	0	-
577	52.815104	52.863281	C4	54	80	0	0	-1	*	3	-
578	52.824219	52.959635	Ab4	64	80	0	0	592	P1-38-7	0	-
579	53.121094	53.312500	Ab5	73	80	0	0	596	P1-38-2	0	-
580	53.139323	53.289062	C5	62	80	0	0	596	P1-38-10	0	-
581	53.143229	53.239583	C4	53	80	0	0	596	P1-38-12	0	-
582	53.144531	53.279948	Ab4	60	80	0	0	596	P1-38-9	0	-
583	53.145833	53.209635	F3	41	80	0	0	-1	*	3	-
584	53.274740	53.378906	G5	71	80	0	0	598	P1-38-3	0	-
585	53.464844	53.848958	F5	65	80	0	0	600	P1-38-4	0	-
586	53.464844	53.669271	G#4	55	80	0	0	-1	*	3	-
587	53.464844	53.513021	F3	45	80	0	0	600	P1-38-14	0	-
588	53.783854	53.972656	Eb5	65	80	0	0	604	P1-38-5	0	-
589	53.795573	53.878906	F4	38	80	0	0	604	P1-38-16	0	-
590	53.795573	53.878906	C5	46	80	0	0	-1	*	3	-
591	53.822917	53.919271	C4	36	80	0	0	604	P1-38-15	0	-
592	53.934896	54.019531	Db5	64	80	0	0	606	P1-38-6	0	-
593	54.114583	54.718750	C5	67	80	0	0	608	P1-39-2	0	-
594	54.127604	54.164062	Ab2	50	80	0	0	608	P1-39-5	0	-
595	54.134115	54.218750	F#4	44	80	0	0	-1	*	3	-
596	54.134115	54.562500	Ab4	50	80	0	0	608	P1-39-1	0	-
597	54.501302	54.549479	Ab3	46	80	0	0	612	P1-39-6	0	-
598	54.502604	54.509115	F#4	42	80	0	0	-1	*	3	-
599	54.502604	54.550781	C4	48	80	0	0	612	P1-39-7	0	-
600	54.852865	54.902344	A2	50	80	0	0	616	P1-39-8	0	-
601	54.852865	55.319010	C5	63	80	0	0	616	P1-39-4	0	-
602	54.868490	55.270833	Gb4	54	80	0	0	616	P1-39-3	0	-
603	55.225260	55.274740	C4	48	80	0	0	620	P1-39-10	0	-
604	55.234375	55.283854	Gb3	35	80	0	0	620	P1-39-9	0	-
605	55.243490	55.250000	G#3	35	80	0	0	-1	*	3	-
606	55.584635	55.792969	C5	60	80	0	0	624	P1-40-1	0	-
607	55.592448	55.667969	Bb2	48	80	0	0	624	P1-40-12	0	-
608	55.753906	55.816406	Db5	67	80	0	0	626	P1-40-2	0	-
609	55.915365	56.119792	Eb5	63	80	0	0	628	P1-40-3	0	-
610	55.915365	56.019531	Bb2	47	80	0	0	-1	*	3	-
611	55.923177	55.929688	Bb4	53	80	0	0	-1	*	3	-
612	55.925781	56.128906	F3	42	80	0	0	628	P1-40-13	0	-
613	55.927083	56.029948	Bb3	48	80	0	0	628	P1-40-14	0	-
614	55.927083	56.059896	C#5	54	80	0	0	-1	*	3	-
615	56.074219	56.136719	Db5	63	80	0	0	630	P1-40-4	0	-
616	56.253906	56.300781	Db2	47	80	0	0	632	P1-40-15	0	-
617	56.256510	56.509115	Db5	62	80	0	0	632	P1-40-6	0	-
618	56.265625	56.459635	F4	44	80	0	0	632	P1-40-5	0	-
619	56.606771	56.671875	C5	59	80	0	0	636	P1-40-8	0	-
620	56.615885	56.673177	F3	43	80	0	0	636	P1-40-17	0	-
621	56.622396	56.688802	C#4	46	80	0	0	-1	*	3	-
622	56.623698	56.679688	G#4	52	80	0	0	-1	*	3	-
623	56.627604	56.674479	Eb4	49	80	0	0	636	P1-40-7	0	-
624	56.773438	56.938802	Bb4	62	80	0	0	638	P1-40-10	0	-
625	56.799479	56.854167	Db4	51	80	0	0	638	P1-40-9	0	-
626	56.972656	57.029948	C5	52	80	0	0	-1	*	3	-
627	56.973958	57.036458	Eb2	42	80	0	0	640	P1-41-13	0	-
628	56.973958	57.119792	Ab4	54	80	0	0	640	P1-41-2	0	-
629	56.981771	57.037760	C4	45	80	0	0	640	P1-41-1	0	-
630	57.347656	57.489583	Ab4	51	80	0	0	644	P1-41-4	0	-
631	57.348958	57.408854	Eb3	41	80	0	0	644	P1-41-14	0	-
632	57.351562	57.404948	C4	44	80	0	0	644	P1-41-3	0	-
633	57.352865	57.406250	Ab3	38	80	0	0	644	P1-41-15	0	-
634	57.705729	57.908854	Eb2	44	80	0	0	648	P1-41-16	0	-
635	57.710938	57.878906	C4	48	80	0	0	648	P1-41-5	0	-
636	57.712240	57.942708	Ab4	55	80	0	0	648	P1-41-6	0	-
637	57.864583	57.923177	Bb4	58	80	0	0	650	P1-41-8	0	-
638	57.865885	57.917969	Db4	53	80	0	0	650	P1-41-7	0	-
639	58.037760	58.174479	C5	55	80	0	0	652	P1-41-10	0	-
640	58.040365	58.179688	Eb4	48	80	0	0	652	P1-41-9	0	-
641	58.052083	58.115885	Eb3	43	80	0	0	652	P1-41-17	0	-
642	58.062500	58.113281	G3	39	80	0	0	652	P1-41-18	0	-
643	58.203125	58.359375	Bb4	55	80	0	0	654	P1-41-12	0	-
644	58.205729	58.299479	Db4	51	80	0	0	654	P1-41-11	0	-
645	58.393229	58.434896	Ab2	42	80	0	0	656	P1-42-5	0	-
646	58.397135	58.807292	Ab4	52	80	0	0	656	P1-42-2	0	-
647	58.402344	58.750000	C4	42	80	0	0	656	P1-42-1	0	-
648	58.757812	58.815104	Eb3	36	80	0	0	660	P1-42-6	0	-
649	58.763021	58.815104	Ab3	35	80	0	0	660	P1-42-7	0	-
650	58.763021	58.813802	C4	32	80	0	0	660	*	3	-
651	59.117188	59.544271	Ab4	44	80	0	0	664	P1-42-4	0	-
652	59.122396	59.259115	G#3	37	80	0	0	664	*	3	-
653	59.127604	59.289062	Ab2	34	80	0	0	664	P1-42-8	0	-
654	59.131510	59.489583	C4	36	80	0	0	664	P1-42-3	0	-
655	59.134115	59.139323	F#4	35	80	0	0	664	*	3	-
656	59.494792	59.553385	Eb3	42	80	0	0	668	P1-42-9	0	-
657	59.497396	59.545573	C4	34	80	0	0	668	*	3	-
658	59.498698	59.548177	Ab3	41	80	0	0	668	P1-42-10	0	-
659	59.895833	60.438802	E5	84	80	0	0	672	P1-43-4	0	-
660	59.912760	59.957031	C3	60	80	0	0	672	P1-43-10	0	-
661	59.915365	60.348958	Bb4	73	80	0	0	672	P1-43-2	0	-
662	59.916667	60.355469	G4	68	80	0	0	672	P1-43-1	0	-
663	59.919271	60.399740	C5	66	80	0	0	672	P1-43-3	0	-
664	60.285156	60.347656	E4	46	80	0	0	676	P1-43-12	0	-
665	60.286458	60.352865	C4	54	80	0	0	676	P1-43-11	0	-
666	60.631510	61.132812	E5	82	80	0	0	680	P1-43-8	0	-
667	60.636719	60.739583	C3	59	80	0	0	680	P1-43-13	0	-
668	60.644531	61.098958	C5	72	80	0	0	680	P1-43-7	0	-
669	60.644531	60.739583	Bb4	77	80	0	0	680	P1-43-6	0	-
670	60.644531	60.759115	G4	63	80	0	0	680	P1-43-5	0	-
671	60.975260	61.039062	C4	51	80	0	0	684	P1-43-14	0	-
672	60.977865	61.087240	Bb4	53	80	0	0	684	*	3	-
673	60.979167	61.035156	E4	45	80	0	0	684	P1-43-15	0	-
674	61.160156	61.266927	F5	68	80	0	0	687	P1-43-9	0	-
675	61.286458	61.598958	Ab5	80	80	0	0	688	P1-44-1	0	-
676	61.295573	61.468750	C5	62	80	0	0	688	P1-44-8	0	-
677	61.303385	61.364583	C3	60	80	0	0	688	P1-44-11	0	-
678	61.304688	61.419271	Bb4	64	80	0	0	688	*	3	-
679	61.308594	61.459635	Ab4	65	80	0	0	688	P1-44-7	0	-
680	61.613281	61.785156	Ab5	72	80	0	0	692	P1-44-2	0	-
681	61.621094	61.819010	C5	63	80	0	0	692	P1-44-10	0	-
682	61.623698	61.674479	C4	47	80	0	0	692	P1-44-12	0	-
683	61.627604	61.699219	F5	51	80	0	0	692	*	3	-
684	61.634115	61.670573	F4	43	80	0	0	692	P1-44-13	0	-
685	61.635417	61.709635	Ab4	57	80	0	0	692	P1-44-9	0	-
686	61.763021	61.937500	G5	69	80	0	0	694	P1-44-3	0	-
687	61.953125	62.209635	F5	64	80	0	0	696	P1-44-4	0	-
688	61.953125	62.001302	C3	48	80	0	0	696	P1-44-14	0	-
689	61.963542	62.079427	G#4	52	80	0	0	696	*	3	-
690	62.286458	62.326823	F4	40	80	0	0	700	P1-44-16	0	-
691	62.287760	62.460938	Eb5	57	80	0	0	700	P1-44-5	0	-
692	62.291667	62.333333	C4	44	80	0	0	700	P1-44-15	0	-
693	62.429688	62.485677	Db5	63	80	0	0	702	P1-44-6	0	-
694	62.610677	63.024740	C5	75	80	0	0	704	P1-45-3	0	-
695	62.613281	62.619792	C#5	74	80	0	0	704	*	3	-
696	62.626302	62.959635	Bb4	75	80	0	0	704	P1-45-2	0	-
697	62.626302	63.128906	G4	69	80	0	0	704	P1-45-1	0	-
698	62.635417	62.649740	C3	57	80	0	0	704	P1-45-9	0	-
699	62.973958	63.027344	Bb4	62	80	0	0	708	*	3	-
700	62.973958	63.016927	C4	58	80	0	0	708	P1-45-10	0	-
701	62.975260	63.015625	E4	51	80	0	0	708	P1-45-11	0	-
702	63.329427	63.878906	E5	85	80	0	0	712	P1-45-7	0	-
703	63.338542	63.789062	C5	72	80	0	0	712	P1-45-6	0	-
704	63.342448	63.449219	C3	62	80	0	0	712	P1-45-12	0	-
705	63.343750	63.699219	G4	74	80	0	0	712	P1-45-4	0	-
706	63.345052	63.519531	Bb4	73	80	0	0	712	P1-45-5	0	-
707	63.350260	63.389323	C4	61	80	0	0	712	*	3	-
708	63.665365	63.723958	E4	55	80	0	0	716	P1-45-14	0	-
709	63.665365	63.725260	C4	53	80	0	0	716	P1-45-13	0	-
710	63.871094	63.963542	F5	75	80	0	0	719	P1-45-8	0	-
711	63.992188	64.218750	Ab5	77	80	0	0	720	P1-46-1	0	-
712	63.994792	64.179688	C5	66	80	0	0	720	P1-46-8	0	-
713	63.998698	64.045573	C3	60	80	0	0	720	P1-46-11	0	-
714	64.013021	64.071615	Ab4	68	80	0	0	720	P1-46-7	0	-
715	64.322917	64.519531	Ab5	66	80	0	0	724	P1-46-2	0	-
716	64.329427	64.339844	F5	52	80	0	0	724	*	3	-
717	64.334635	64.468750	C5	55	80	0	0	724	P1-46-10	0	-
718	64.347656	64.390625	C4	40	80	0	0	724	P1-46-12	0	-
719	64.348958	64.385417	F4	37	80	0	0	724	P1-46-13	0	-
720	64.352865	64.438802	Ab4	51	80	0	0	724	P1-46-9	0	-
721	64.476562	64.654948	G5	70	80	0	0	726	P1-46-3	0	-
722	64.666667	65.029948	F5	62	80	0	0	728	P1-46-4	0	-
723	64.667969	64.731771	F3	46	80	0	0	728	P1-46-14	0	-
724	64.976562	65.156250	Eb5	62	80	0	0	732	P1-46-5	0	-
725	64.983073	65.026042	F4	42	80	0	0	732	P1-46-16	0	-
726	64.984375	65.059896	C5	51	80	0	0	732	*	3	-
727	64.986979	65.036458	C4	45	80	0	0	732	P1-46-15	0	-
728	65.125000	65.186198	Db5	62	80	0	0	734	P1-46-6	0	-
729	65.320312	65.776042	C5	61	80	0	0	736	P1-47-2	0	-
730	65.324219	65.373698	G#3	52	80	0	0	736	*	3	-
731	65.337240	65.765625	Ab4	46	80	0	0	736	P1-47-1	0	-
732	65.345052	65.429688	Ab2	46	80	0	0	736	P1-47-5	0	-
733	65.714844	65.765625	C4	44	80	0	0	740	P1-47-7	0	-
734	65.717448	65.766927	Ab3	46	80	0	0	740	P1-47-6	0	-
735	66.075521	66.549479	C5	56	80	0	0	744	P1-47-4	0	-
736	66.080729	66.127604	A2	46	80	0	0	744	P1-47-8	0	-
737	66.084635	66.492188	Gb4	46	80	0	0	744	P1-47-3	0	-
738	66.441406	66.503906	C4	43	80	0	0	748	P1-47-10	0	-
739	66.454427	66.513021	Gb3	33	80	0	0	748	P1-47-9	0	-
740	66.455729	66.468750	G#3	34	80	0	0	-1	*	3	-
741	66.803385	66.861979	Bb2	42	80	0	0	752	P1-48-12	0	-
742	66.808594	67.003906	C5	49	80	0	0	752	P1-48-1	0	-
743	66.972656	67.072917	Db5	58	80	0	0	754	P1-48-2	0	-
744	67.145833	67.348958	Eb5	57	80	0	0	756	P1-48-3	0	-
745	67.156250	67.220052	Bb3	41	80	0	0	756	P1-48-14	0	-
746	67.162760	67.233073	F3	35	80	0	0	756	P1-48-13	0	-
747	67.165365	67.179688	G#3	39	80	0	0	-1	*	3	-
748	67.166667	67.279948	C#5	46	80	0	0	-1	*	3	-
749	67.316406	67.360677	Db5	56	80	0	0	758	P1-48-4	0	-
750	67.494792	67.595052	Db5	51	80	0	0	760	P1-48-6	0	-
751	67.497396	67.563802	Db2	41	80	0	0	760	P1-48-15	0	-
752	67.505208	67.602865	F4	33	80	0	0	760	P1-48-5	0	-
753	67.843750	67.898438	C5	56	80	0	0	764	P1-48-8	0	-
754	67.846354	67.895833	Eb4	53	80	0	0	764	P1-48-7	0	-
755	67.851562	67.902344	Db3	46	80	0	0	764	P1-48-16	0	-
756	67.854167	67.904948	F3	42	80	0	0	764	P1-48-17	0	-
757	67.854167	67.908854	G#3	45	80	0	0	764	*	3	-
758	67.858073	67.869792	Eb3	46	80	0	0	764	*	3	-
759	68.001302	68.239583	Bb4	58	80	0	0	766	P1-48-10	0	-
760	68.016927	68.089844	Db4	47	80	0	0	766	P1-48-9	0	-
761	68.205729	68.428385	Ab4	54	80	0	0	768	P1-49-2	0	-
762	68.212240	68.438802	C4	45	80	0	0	768	P1-49-1	0	-
763	68.213542	68.264323	Eb2	42	80	0	0	768	P1-49-13	0	-
764	68.580729	68.869792	Ab4	51	80	0	0	772	P1-49-4	0	-
765	68.584635	68.699219	C4	43	80	0	0	772	P1-49-3	0	-
766	68.585938	68.643229	Ab3	44	80	0	0	772	P1-49-15	0	-
767	68.588542	68.653646	Eb3	40	80	0	0	772	P1-49-14	0	-
768	68.951823	68.994792	C4	54	80	0	0	776	P1-49-5	0	-
769	68.954427	69.006510	Eb2	43	80	0	0	776	P1-49-16	0	-
770	68.955729	69.209635	Ab4	59	80	0	0	776	P1-49-6	0	-
771	68.963542	69.009115	Eb3	47	80	0	0	776	*	3	-
772	69.121094	69.174479	Db4	56	80	0	0	778	P1-49-7	0	-
773	69.121094	69.269531	Bb4	58	80	0	0	778	P1-49-8	0	-
774	69.134115	69.188802	Eb3	45	80	0	0	780	*	3	-
775	69.298177	69.419271	C5	58	80	0	0	780	P1-49-10	0	-
776	69.305990	69.369792	Eb3	48	80	0	0	780	P1-49-17	0	-
777	69.313802	69.369792	G3	43	80	0	0	780	P1-49-18	0	-
778	69.315104	69.377604	Eb4	45	80	0	0	780	P1-49-9	0	-
779	69.475260	69.550781	Bb4	55	80	0	0	782	P1-49-12	0	-
780	69.477865	69.536458	Db4	52	80	0	0	782	P1-49-11	0	-
781	69.670573	69.714844	Ab2	40	80	0	0	784	P1-50-6	0	-
782	69.670573	69.716146	G#3	43	80	0	0	784	*	3	-
783	69.671875	70.059896	C4	45	80	0	0	784	P1-50-1	0	-
784	69.673177	69.679688	C5	46	80	0	0	784	*	3	-
785	69.674479	70.248698	Ab4	49	80	0	0	784	P1-50-2	0	-
786	70.067708	70.132812	Ab3	36	80	0	0	788	P1-50-8	0	-
787	70.067708	70.134115	Eb3	36	80	0	0	788	P1-50-7	0	-
788	70.071615	70.209635	C4	32	80	0	0	788	*	3	-
789	70.454427	70.509115	Ab2	34	80	0	0	792	P1-50-9	0	-
790	70.455729	70.549479	G#3	35	80	0	0	792	*	3	-
791	70.466146	70.967448	Ab4	39	80	0	0	792	P1-50-4	0	-
792	70.481771	70.869792	C4	33	80	0	0	792	P1-50-3	0	-
793	70.871094	70.937500	Eb3	40	80	0	0	796	P1-50-10	0	-
794	70.877604	70.940104	Ab3	36	80	0	0	796	P1-50-11	0	-
795	70.884115	70.934896	C4	31	80	0	0	796	*	3	-
796	71.289062	71.395833	Bb4	52	80	0	0	799	P1-50-5	0	-
797	71.325521	71.419271	F4	29	80	0	0	800	*	3	-
798	71.325521	71.391927	F3	33	80	0	0	800	P1-51-8	0	-
799	71.329427	71.403646	Ab4	44	80	0	0	800	P1-51-1	0	-
800	71.330729	71.393229	G#3	38	80	0	0	800	*	3	-
801	71.723958	71.787760	Ab4	47	80	0	0	804	P1-51-2	0	-
802	71.725260	71.773438	F4	36	80	0	0	804	P1-51-10	0	-
803	71.725260	71.777344	C4	39	80	0	0	804	P1-51-9	0	-
804	71.875000	71.938802	Bb4	48	80	0	0	806	P1-51-3	0	-
805	72.048177	72.126302	Ab4	45	80	0	0	808	P1-51-4	0	-
806	72.054688	72.149740	F4	25	80	0	0	808	*	3	-
807	72.054688	72.069010	G#3	33	80	0	0	808	*	3	-
808	72.055990	72.117188	F3	32	80	0	0	808	P1-51-11	0	-
809	72.445312	72.522135	E4	39	80	0	0	812	P1-51-13	0	-
810	72.446615	72.524740	G4	49	80	0	0	812	P1-51-5	0	-
811	72.447917	72.535156	C4	33	80	0	0	812	P1-51-12	0	-
812	72.694010	73.329427	Ab4	45	80	0	0	814	P1-51-6	0	-
813	72.751302	72.989583	Bb4	52	80	0	0	815	P1-51-7	0	-
814	72.815104	72.973958	C5	56	80	0	0	816	P1-52-2	0	-
815	72.826823	72.904948	F3	33	80	0	0	816	P1-52-8	0	-
816	73.187500	73.236979	F4	36	80	0	0	820	P1-52-10	0	-
817	73.190104	73.239583	C4	36	80	0	0	820	P1-52-9	0	-
818	73.457031	74.000000	Ab4	48	80	0	0	822	P1-52-5	0	-
819	73.500000	73.589844	Bb4	56	80	0	0	823	P1-52-6	0	-
820	73.540365	73.605469	F2	42	80	0	0	-1	*	3	-
821	73.553385	73.602865	F3	39	80	0	0	824	P1-52-11	0	-
822	73.554688	73.989583	C5	57	80	0	0	824	P1-52-4	0	-
823	73.904948	73.967448	F4	33	80	0	0	828	P1-52-13	0	-
824	73.912760	73.973958	C4	34	80	0	0	828	P1-52-12	0	-
825	74.229167	74.342448	Bb4	58	80	0	0	831	P1-52-7	0	-
826	74.264323	74.345052	Ab4	54	80	0	0	832	P1-53-1	0	-
827	74.268229	74.326823	F3	34	80	0	0	832	P1-53-9	0	-
828	74.272135	74.279948	C4	27	80	0	0	832	*	3	-
829	74.634115	74.755208	Ab4	58	80	0	0	836	P1-53-2	0	-
830	74.635417	74.729167	F3	36	80	0	0	836	*	3	-
831	74.635417	74.700521	F4	39	80	0	0	836	P1-53-11	0	-
832	74.636719	74.705729	C4	35	80	0	0	836	P1-53-10	0	-
833	74.774740	74.848958	Bb4	59	80	0	0	838	P1-53-3	0	-
834	74.942708	75.058594	Ab4	54	80	0	0	840	P1-53-4	0	-
835	74.944010	75.063802	Bb4	54	80	0	0	840	*	3	-
836	74.949219	75.015625	F3	36	80	0	0	840	P1-53-12	0	-
837	74.953125	75.032552	C4	28	80	0	0	840	*	3	-
838	75.302083	75.385417	C5	55	80	0	0	844	P1-53-6	0	-
839	75.330729	75.408854	E4	40	80	0	0	844	P1-53-14	0	-
840	75.334635	75.375000	G4	45	80	0	0	844	P1-53-5	0	-
841	75.334635	75.394531	C4	39	80	0	0	844	P1-53-13	0	-
842	75.640625	75.899740	C5	54	80	0	0	847	P1-53-8	0	-
843	75.671875	76.188802	Ab4	48	80	0	0	848	P1-54-1	0	-
844	75.680990	75.750000	F3	39	80	0	0	848	P1-54-7	0	-
845	75.682292	75.740885	F2	40	80	0	0	848	*	3	-
846	75.684896	76.229167	F5	58	80	0	0	848	P1-54-2	0	-
847	76.035156	76.096354	F4	31	80	0	0	852	P1-54-9	0	-
848	76.037760	76.096354	C4	34	80	0	0	852	P1-54-8	0	-
849	76.377604	76.609375	C5	49	80	0	0	855	P1-54-5	0	-
850	76.403646	76.750000	F5	54	80	0	0	856	P1-54-4	0	-
851	76.410156	76.467448	F2	37	80	0	0	856	*	3	-
852	76.412760	76.812500	Ab4	50	80	0	0	856	P1-54-3	0	-
853	76.414062	76.463542	F3	37	80	0	0	856	P1-54-10	0	-
854	76.752604	76.811198	C4	38	80	0	0	860	P1-54-11	0	-
855	76.753906	76.805990	F4	35	80	0	0	860	P1-54-12	0	-
856	77.040365	77.152344	Gb5	63	80	0	0	863	P1-54-6	0	-
857	77.091146	77.173177	F5	61	80	0	0	864	P1-55-1	0	-
858	77.093750	77.147135	Db3	49	80	0	0	864	P1-55-10	0	-
859	77.100260	77.164062	Ab4	52	80	0	0	864	P1-55-6	0	-
860	77.451823	77.606771	F5	63	80	0	0	868	P1-55-2	0	-
861	77.462240	77.513021	F4	41	80	0	0	868	P1-55-12	0	-
862	77.463542	77.658854	Ab4	54	80	0	0	868	P1-55-7	0	-
863	77.463542	77.514323	Db4	49	80	0	0	868	P1-55-11	0	-
864	77.608073	77.726562	Gb5	68	80	0	0	870	P1-55-3	0	-
865	77.789062	77.988281	F5	61	80	0	0	872	P1-55-4	0	-
866	77.792969	77.847656	C3	46	80	0	0	872	P1-55-13	0	-
867	77.794271	77.799479	C5	52	80	0	0	872	*	3	-
868	77.799479	77.994792	A4	55	80	0	0	872	P1-55-8	0	-
869	78.160156	78.260417	F5	61	80	0	0	876	P1-55-5	0	-
870	78.169271	78.369792	A4	45	80	0	0	876	P1-55-9	0	-
871	78.170573	78.252604	F4	46	80	0	0	876	P1-55-16	0	-
872	78.178385	78.250000	C4	40	80	0	0	876	P1-55-14	0	-
873	78.182292	78.246094	Eb4	39	80	0	0	876	P1-55-15	0	-
874	78.520833	78.591146	F5	59	80	0	0	880	P1-56-1	0	-
875	78.542969	78.585938	Bb2	38	80	0	0	880	P1-56-7	0	-
876	78.906250	79.005208	Bb5	66	80	0	0	884	P1-56-2	0	-
877	78.915365	79.014323	Bb3	42	80	0	0	884	P1-56-8	0	-
878	78.916667	79.006510	Db4	41	80	0	0	884	P1-56-9	0	-
879	78.916667	79.005208	F4	34	80	0	0	884	P1-56-10	0	-
880	79.272135	80.149740	F5	54	80	0	0	888	P1-56-5	0	-
881	79.276042	79.345052	F3	33	80	0	0	888	P1-56-11	0	-
882	79.286458	79.710938	Ab4	42	80	0	0	888	P1-56-4	0	-
883	79.302083	79.348958	F4	26	80	0	0	888	*	3	-
884	79.643229	79.696615	C4	44	80	0	0	892	P1-56-12	0	-
885	79.644531	79.695312	F4	40	80	0	0	892	P1-56-13	0	-
886	79.996094	80.046875	C3	41	80	0	0	896	P1-57-16	0	-
887	80.000000	80.131510	C5	61	80	0	0	896	P1-57-2	0	-
888	80.003906	80.135417	Ab4	58	80	0	0	896	P1-57-1	0	-
889	80.171875	80.223958	Bb4	61	80	0	0	898	P1-57-4	0	-
890	80.174479	80.226562	G4	56	80	0	0	898	P1-57-3	0	-
891	80.317708	80.420573	F4	56	80	0	0	900	P1-57-18	0	-
892	80.329427	80.503906	Ab4	65	80	0	0	900	P1-57-6	0	-
893	80.332031	80.339844	Bb4	61	80	0	0	-1	*	3	-
894	80.332031	80.384115	C4	50	80	0	0	900	P1-57-17	0	-
895	80.479167	80.519531	Bb4	69	80	0	0	902	P1-57-8	0	-
896	80.483073	80.539062	G4	60	80	0	0	902	P1-57-7	0	-
897	80.489583	80.500000	C4	41	80	0	0	-1	*	3	-
898	80.658854	80.699219	C#3	48	80	0	0	904	P1-57-19	1	-
899	80.664062	80.812500	C5	63	80	0	0	904	P1-57-9	0	-
900	80.666667	80.760417	Ab4	62	80	0	0	904	P1-57-13	0	-
901	80.794271	80.854167	Db5	57	80	0	0	906	P1-57-10	0	-
902	80.977865	81.084635	C5	65	80	0	0	908	P1-57-11	0	-
903	80.981771	81.209635	Bb4	65	80	0	0	908	P1-57-15	0	-
904	80.990885	81.045573	E4	49	80	0	0	908	P1-57-21	0	-
905	80.993490	81.044271	G4	52	80	0	0	908	P1-57-14	0	-
906	81.002604	81.054688	C4	51	80	0	0	908	P1-57-20	0	-
907	81.136719	81.309896	E5	61	80	0	0	910	P1-57-12	0	-
908	81.326823	81.919271	F5	62	80	0	0	912	P1-58-3	0	-
909	81.351562	81.799479	C5	46	80	0	0	912	P1-58-2	0	-
910	81.352865	81.407552	F3	35	80	0	0	912	P1-58-8	0	-
911	81.354167	81.855469	Ab4	48	80	0	0	912	P1-58-1	0	-
912	81.694010	81.744792	F4	36	80	0	0	916	P1-58-10	0	-
913	81.694010	81.744792	C4	38	80	0	0	916	P1-58-9	0	-
914	82.059896	82.509115	F5	52	80	0	0	920	P1-58-6	0	-
915	82.072917	82.138021	F3	37	80	0	0	920	P1-58-11	0	-
916	82.075521	82.473958	C5	39	80	0	0	920	P1-58-5	0	-
917	82.080729	82.470052	Ab4	37	80	0	0	920	P1-58-4	0	-
918	82.408854	82.457031	F4	33	80	0	0	924	P1-58-13	0	-
919	82.408854	82.463542	C4	36	80	0	0	924	P1-58-12	0	-
920	82.734375	82.824219	Ab5	64	80	0	0	927	P1-58-7	0	-
921	82.765625	82.824219	E5	51	80	0	0	928	P1-59-6	0	-
922	82.773438	82.829427	G5	62	80	0	0	928	P1-59-1	0	-
923	82.774740	82.821615	Bb2	49	80	0	0	928	P1-59-9	0	-
924	83.143229	83.305990	G5	67	80	0	0	932	P1-59-2	0	-
925	83.145833	83.303385	E5	54	80	0	0	932	P1-59-7	0	-
926	83.149740	83.195312	Db4	47	80	0	0	932	P1-59-11	0	-
927	83.160156	83.200521	Bb3	49	80	0	0	932	P1-59-10	0	-
928	83.294271	83.549479	Ab5	72	80	0	0	934	P1-59-3	0	-
929	83.477865	83.604167	G5	66	80	0	0	936	P1-59-4	0	-
930	83.483073	83.533854	Bb2	53	80	0	0	936	P1-59-12	0	-
931	83.841146	84.049479	G5	61	80	0	0	940	P1-59-5	0	-
932	83.846354	84.218750	E5	54	80	0	0	940	P1-59-8	0	-
933	83.854167	83.898438	Db4	47	80	0	0	940	P1-59-14	0	-
934	83.855469	83.959635	Bb3	47	80	0	0	940	P1-59-13	0	-
935	84.204427	84.809896	Bb5	63	80	0	0	944	P1-60-1	0	-
936	84.212240	84.255208	B2	48	80	0	0	944	P1-60-8	0	-
937	84.595052	85.369792	Ab5	57	80	0	0	948	P1-60-2	0	-
938	84.595052	84.660156	D4	40	80	0	0	948	P1-60-10	0	-
939	84.601562	84.699219	B4	46	80	0	0	-1	*	3	-
940	84.602865	84.664062	B3	43	80	0	0	948	P1-60-9	0	-
941	84.608073	84.619792	F5	44	80	0	0	-1	*	3	-
942	84.946615	84.998698	B2	36	80	0	0	952	P1-60-11	0	-
943	85.292969	85.432292	G5	55	80	0	0	956	P1-60-3	0	-
944	85.295573	85.351562	D4	36	80	0	0	956	P1-60-13	0	-
945	85.295573	85.449219	B4	46	80	0	0	-1	*	3	-
946	85.296875	85.347656	B3	42	80	0	0	956	P1-60-12	0	-
947	85.441406	85.519531	F5	56	80	0	0	958	P1-60-4	0	-
948	85.664062	85.713542	C3	44	80	0	0	960	P1-61-11	0	-
949	85.674479	85.738281	Db5	58	80	0	0	959	P1-60-7	0	-
950	85.695312	85.753906	C5	58	80	0	0	960	P1-61-1	0	-
951	85.712240	85.753906	Ab4	57	80	0	0	960	P1-61-6	0	-
952	86.053385	86.108073	F3	35	80	0	0	-1	*	3	-
953	86.054688	86.244792	C5	58	80	0	0	964	P1-61-2	0	-
954	86.054688	86.069010	Bb4	58	80	0	0	-1	*	3	-
955	86.061198	86.106771	C4	43	80	0	0	964	P1-61-12	0	-
956	86.061198	86.102865	F4	42	80	0	0	964	P1-61-13	0	-
957	86.069010	86.399740	Ab4	55	80	0	0	964	P1-61-7	0	-
958	86.223958	86.399740	Db5	59	80	0	0	966	P1-61-3	0	-
959	86.403646	86.466146	C5	58	80	0	0	968	P1-61-4	0	-
960	86.403646	86.445312	C3	38	80	0	0	968	P1-61-14	0	-
961	86.408854	86.476562	C#5	59	80	0	0	-1	*	3	-
962	86.411458	86.462240	G#4	46	80	0	0	-1	*	3	-
963	86.804688	86.867188	E4	47	80	0	0	972	P1-61-16	0	-
964	86.805990	86.873698	C4	41	80	0	0	972	P1-61-15	0	-
965	86.805990	86.869792	G4	47	80	0	0	972	P1-61-8	0	-
966	86.807292	86.873698	Bb4	55	80	0	0	972	P1-61-9	0	-
967	86.809896	86.875000	C5	53	80	0	0	972	P1-61-10	0	-
968	87.165365	87.750000	F5	53	80	0	0	976	P1-62-3	0	-
969	87.173177	87.244792	F3	38	80	0	0	976	P1-62-8	0	-
970	87.187500	87.598958	C5	38	80	0	0	976	P1-62-2	0	-
971	87.190104	87.579427	Ab4	40	80	0	0	976	P1-62-1	0	-
972	87.515625	87.563802	F4	36	80	0	0	980	P1-62-10	0	-
973	87.520833	87.570312	C4	34	80	0	0	980	P1-62-9	0	-
974	87.885417	88.329427	F5	48	80	0	0	984	P1-62-6	0	-
975	87.886719	87.953125	F3	36	80	0	0	984	P1-62-11	0	-
976	87.902344	88.309896	C5	40	80	0	0	984	P1-62-5	0	-
977	87.903646	88.309896	Ab4	39	80	0	0	984	P1-62-4	0	-
978	87.904948	87.989583	F4	27	80	0	0	988	*	3	-
979	87.916667	87.929688	C4	22	80	0	0	988	*	3	-
980	88.234375	88.276042	F4	36	80	0	0	988	P1-62-13	0	-
981	88.235677	88.285156	C4	36	80	0	0	988	P1-62-12	0	-
982	88.539062	88.699219	Ab5	54	80	0	0	991	P1-62-7	0	-
983	88.578125	88.645833	Bb2	42	80	0	0	992	P1-63-9	0	-
984	88.597656	88.819010	E5	47	80	0	0	992	P1-63-6	0	-
985	88.604167	88.789062	G5	56	80	0	0	992	P1-63-1	0	-
986	88.960938	89.105469	G5	59	80	0	0	996	P1-63-2	0	-
987	88.964844	89.020833	Db4	42	80	0	0	996	P1-63-11	0	-
988	88.966146	89.199219	E5	47	80	0	0	996	P1-63-7	0	-
989	88.971354	89.039062	Bb4	47	80	0	0	996	*	3	-
990	88.973958	89.023438	Bb3	45	80	0	0	996	P1-63-10	0	-
991	89.104167	89.309896	Ab5	63	80	0	0	998	P1-63-3	0	-
992	89.273438	89.377604	G5	58	80	0	0	1000	P1-63-4	0	-
993	89.274740	89.324219	Bb2	52	80	0	0	1000	P1-63-12	0	-
994	89.615885	90.035156	G5	61	80	0	0	1004	P1-63-5	0	-
995	89.627604	90.033854	E5	51	80	0	0	1004	P1-63-8	0	-
996	89.627604	89.739583	F5	56	80	0	0	-1	*	3	-
997	89.638021	89.684896	Bb3	44	80	0	0	1004	P1-63-13	0	-
998	89.639323	89.769531	C#5	44	80	0	0	-1	*	3	-
999	89.641927	89.718750	Db4	44	80	0	0	1004	P1-63-14	0	-
1000	90.005208	90.053385	B2	45	80	0	0	1008	P1-64-8	0	-
1001	90.007812	90.619792	Bb5	60	80	0	0	1008	P1-64-1	0	-
1002	90.372396	91.059896	Ab5	53	80	0	0	1012	P1-64-2	0	-
1003	90.391927	90.468750	D4	30	80	0	0	1012	P1-64-10	0	-
1004	90.401042	90.457031	B3	38	80	0	0	1012	P1-64-9	0	-
1005	90.402344	90.509115	B4	38	80	0	0	-1	*	3	-
1006	90.773438	90.822917	B2	32	80	0	0	1016	P1-64-11	0	-
1007	91.134115	91.196615	D4	36	80	0	0	1020	P1-64-13	0	-
1008	91.136719	91.348958	G5	46	80	0	0	1020	P1-64-3	0	-
1009	91.138021	91.196615	B3	39	80	0	0	1020	P1-64-12	0	-
1010	91.141927	91.329427	B4	44	80	0	0	-1	*	3	-
1011	91.304688	91.354167	F5	50	80	0	0	1022	P1-64-4	0	-
1012	91.544271	91.595052	C3	42	80	0	0	1024	P1-65-11	0	-
1013	91.548177	91.559896	F1	44	80	0	0	-1	*	3	-
1014	91.552083	91.649740	D5	57	80	0	0	1023	P1-64-7	0	-
1015	91.563802	91.613281	C5	58	80	0	0	1024	P1-65-1	0	-
1016	91.575521	91.658854	A4	47	80	0	0	1024	P1-65-8	0	-
1017	91.963542	92.031250	C5	59	80	0	0	1028	P1-65-2	0	-
1018	91.966146	92.024740	F3	36	80	0	0	-1	*	3	-
1019	91.967448	92.139323	A4	50	80	0	0	1028	P1-65-9	0	-
1020	91.967448	92.020833	F4	39	80	0	0	1028	P1-65-13	0	-
1021	91.971354	92.026042	C4	45	80	0	0	1028	P1-65-12	0	-
1022	92.126302	92.325521	D5	57	80	0	0	1030	P1-65-3	0	-
1023	92.141927	92.149740	C5	52	80	0	0	-1	*	3	-
1024	92.147135	92.158854	Bb4	45	80	0	0	-1	*	3	-
1025	92.152344	92.348958	A4	38	80	0	0	-1	*	3	-
1026	92.295573	92.338542	C5	59	80	0	0	1032	P1-65-4	0	-
1027	92.303385	92.309896	Bb4	55	80	0	0	-1	*	3	-
1028	92.303385	92.352865	C3	43	80	0	0	1032	P1-65-14	0	-
1029	92.665365	92.714844	E4	51	80	0	0	1036	P1-65-16	0	-
1030	92.671875	92.726562	D5	54	80	0	0	1036	P1-65-5	0	-
1031	92.674479	92.679688	F4	43	80	0	0	-1	*	3	-
1032	92.674479	92.716146	Bb4	58	80	0	0	1036	P1-65-10	0	-
1033	92.682292	92.729167	C4	48	80	0	0	1036	P1-65-15	0	-
1034	92.683594	92.688802	F3	40	80	0	0	-1	*	3	-
1035	92.989583	93.063802	D5	55	80	0	0	1039	P1-65-7	0	-
1036	93.015625	93.149740	Bb4	57	80	0	0	-1	*	3	-
1037	93.020833	93.069010	C2	47	80	0	0	1040	P1-66-11	1	-
1038	93.032552	93.109375	C5	58	80	0	0	1040	P1-66-1	0	-
1039	93.035156	93.119792	A4	50	80	0	0	1040	P1-66-8	0	-
1040	93.355469	93.500000	C5	58	80	0	0	1044	P1-66-2	0	-
1041	93.368490	93.598958	A4	52	80	0	0	1044	P1-66-9	0	-
1042	93.372396	93.412760	F4	44	80	0	0	1044	P1-66-13	0	-
1043	93.373698	93.414062	C4	45	80	0	0	1044	P1-66-12	0	-
1044	93.532552	93.729167	D5	59	80	0	0	1046	P1-66-3	0	-
1045	93.535156	93.628906	Bb4	51	80	0	0	-1	*	3	-
1046	93.691406	93.734375	C3	44	80	0	0	1048	P1-66-14	0	-
1047	93.692708	93.743490	C5	67	80	0	0	1048	P1-66-4	0	-
1048	94.036458	94.095052	D5	62	80	0	0	1052	P1-66-5	0	-
1049	94.041667	94.080729	Bb4	63	80	0	0	1052	P1-66-10	0	-
1050	94.041667	94.082031	E4	51	80	0	0	1052	P1-66-16	0	-
1051	94.046875	94.088542	C4	46	80	0	0	1052	P1-66-15	0	-
1052	94.046875	94.059896	F3	44	80	0	0	-1	*	3	-
1053	94.341146	94.421875	D5	59	80	0	0	1055	P1-66-7	0	-
1054	94.376302	94.500000	Bb4	62	80	0	0	1056	P1-67-6	1	-
1055	94.381510	94.424479	C5	64	80	0	0	1056	P1-67-1	0	-
1056	94.382812	94.389323	F2	45	80	0	0	-1	*	3	-
1057	94.382812	94.440104	C3	44	80	0	0	1056	P1-67-9	0	-
1058	94.731771	94.881510	C5	61	80	0	0	1060	P1-67-2	0	-
1059	94.733073	94.739583	Bb4	62	80	0	0	-1	*	3	-
1060	94.736979	94.799479	F3	41	80	0	0	-1	*	3	-
1061	94.739583	95.128906	A4	55	80	0	0	1060	P1-67-7	0	-
1062	94.743490	94.778646	C4	46	80	0	0	1060	P1-67-10	0	-
1063	94.863281	94.968750	D5	62	80	0	0	1062	P1-67-3	0	-
1064	95.036458	95.096354	C5	68	80	0	0	1064	P1-67-4	0	-
1065	95.037760	95.092448	C3	49	80	0	0	1064	P1-67-12	0	-
1066	95.039062	95.149740	Bb4	59	80	0	0	-1	*	3	-
1067	95.373698	95.457031	E5	62	80	0	0	1068	P1-67-5	0	-
1068	95.384115	95.434896	G3	49	80	0	0	1068	P1-67-14	1	-
1069	95.384115	95.442708	Bb4	60	80	0	0	1068	P1-67-8	0	-
1070	95.391927	95.434896	C4	51	80	0	0	1068	P1-67-13	0	-
1071	95.753906	96.253906	F5	66	80	0	0	1072	P1-68-2	0	-
1072	95.759115	95.834635	F2	45	80	0	0	1072	P1-68-6	0	-
1073	95.763021	96.236979	A4	53	80	0	0	1072	P1-68-1	0	-
1074	95.763021	96.239583	C5	52	80	0	0	-1	*	3	-
1075	96.098958	96.177083	F3	37	80	0	0	1076	P1-68-8	0	-
1076	96.117188	96.175781	C3	36	80	0	0	1076	P1-68-7	0	-
1077	96.463542	96.520833	F2	37	80	0	0	1080	P1-68-9	0	-
1078	96.467448	96.989583	F5	52	80	0	0	1080	P1-68-4	0	-
1079	96.484375	96.959635	A4	44	80	0	0	1080	P1-68-3	0	-
1080	96.835938	96.907552	F3	36	80	0	0	1084	P1-68-11	0	-
1081	96.837240	96.911458	C3	35	80	0	0	1084	P1-68-10	0	-
1082	97.154948	97.225260	D5	54	80	0	0	1087	P1-68-5	0	-
1083	97.179688	97.259115	A4	56	80	0	0	1088	P1-69-6	0	-
1084	97.182292	97.227865	F2	44	80	0	0	1088	P1-69-9	0	-
1085	97.184896	97.259115	C5	61	80	0	0	1088	P1-69-1	0	-
1086	97.184896	97.199219	F3	42	80	0	0	1088	*	3	-
1087	97.563802	97.717448	C5	61	80	0	0	1092	P1-69-2	0	-
1088	97.567708	97.638021	F3	45	80	0	0	1092	P1-69-11	0	-
1089	97.569010	97.636719	C3	48	80	0	0	1092	P1-69-10	0	-
1090	97.576823	97.937500	A4	55	80	0	0	1092	P1-69-7	0	-
1091	97.734375	97.924479	D5	65	80	0	0	1094	P1-69-3	0	-
1092	97.901042	97.954427	C5	58	80	0	0	1096	P1-69-4	0	-
1093	97.903646	97.953125	F2	46	80	0	0	1096	P1-69-12	0	-
1094	98.270833	98.408854	A4	55	80	0	0	1100	P1-69-5	0	-
1095	98.273438	98.358073	F2	45	80	0	0	1100	*	3	-
1096	98.273438	98.346354	C3	49	80	0	0	1100	P1-69-13	0	-
1097	98.274740	98.389323	F4	43	80	0	0	1100	P1-69-8	0	-
1098	98.274740	98.345052	F3	44	80	0	0	1100	P1-69-14	0	-
1099	98.614583	98.674479	F2	38	80	0	0	1104	P1-70-6	0	-
1100	98.617188	99.126302	Bb4	59	80	0	0	1104	P1-70-2	0	-
1101	98.621094	99.229167	E4	54	80	0	0	1104	P1-70-1	0	-
1102	98.992188	99.062500	G3	46	80	0	0	1108	P1-70-8	0	-
1103	98.997396	99.063802	C3	46	80	0	0	1108	P1-70-7	0	-
1104	99.350260	99.781250	Bb4	63	80	0	0	1112	P1-70-4	0	-
1105	99.355469	99.412760	F2	38	80	0	0	1112	P1-70-9	0	-
1106	99.358073	99.799479	E4	52	80	0	0	1112	P1-70-3	0	-
1107	99.716146	99.776042	G3	43	80	0	0	1116	P1-70-11	0	-
1108	99.716146	99.781250	C3	41	80	0	0	1116	P1-70-10	0	-
1109	100.039062	100.087240	C5	60	80	0	0	1119	P1-70-5	0	-
1110	100.053385	100.109375	F2	42	80	0	0	1120	P1-71-9	0	-
1111	100.061198	100.098958	Bb4	63	80	0	0	1120	P1-71-1	0	-
1112	100.063802	100.104167	E4	51	80	0	0	1120	P1-71-6	0	-
1113	100.433594	100.484375	G3	48	80	0	0	1124	P1-71-11	0	-
1114	100.433594	100.619792	Bb4	66	80	0	0	1124	P1-71-2	0	-
1115	100.434896	100.489583	C3	45	80	0	0	1124	P1-71-10	0	-
1116	100.437500	100.718750	E4	56	80	0	0	1124	P1-71-7	0	-
1117	100.584635	100.729167	C5	59	80	0	0	1126	P1-71-3	0	-
1118	100.746094	100.804688	Bb4	54	80	0	0	1128	P1-71-4	0	-
1119	100.755208	100.811198	F2	30	80	0	0	1128	P1-71-12	0	-
1120	100.757812	100.968750	E4	34	80	0	0	1128	*	3	-
1121	101.123698	101.194010	Bb3	58	80	0	0	1132	P1-71-8	0	-
1122	101.125000	101.195312	E4	50	80	0	0	1132	P1-71-5	0	-
1123	101.125000	101.194010	G3	49	80	0	0	1132	P1-71-14	0	-
1124	101.131510	101.196615	C3	45	80	0	0	1132	P1-71-13	0	-
1125	101.502604	101.595052	F2	37	80	0	0	1136	P1-72-6	0	-
1126	101.503906	101.966146	F4	48	80	0	0	1136	P1-72-2	0	-
1127	101.507812	101.959635	A3	43	80	0	0	1136	P1-72-1	0	-
1128	101.509115	101.519531	C4	39	80	0	0	1136	*	3	-
1129	101.863281	101.934896	F3	39	80	0	0	1140	P1-72-8	0	-
1130	101.863281	101.928385	C3	45	80	0	0	1140	P1-72-7	0	-
1131	102.208333	102.527344	F4	40	80	0	0	1144	P1-72-4	0	-
1132	102.214844	102.658854	F2	33	80	0	0	1144	P1-72-9	0	-
1133	102.214844	102.479167	A3	39	80	0	0	1144	P1-72-3	0	-
1134	102.216146	102.619792	C4	32	80	0	0	-1	*	3	-
1135	102.570312	102.647135	F3	35	80	0	0	1148	P1-72-11	0	-
1136	102.570312	102.669271	A3	35	80	0	0	-1	*	3	-
1137	102.570312	102.648438	C3	42	80	0	0	1148	P1-72-10	0	-
1138	102.868490	102.937500	D5	52	80	0	0	1151	P1-72-5	0	-
1139	102.904948	102.954427	C5	53	80	0	0	1152	P1-73-1	0	-
1140	102.908854	102.962240	F2	40	80	0	0	1152	P1-73-9	0	-
1141	102.914062	102.954427	A4	48	80	0	0	1152	P1-73-6	0	-
1142	102.914062	102.959635	F3	37	80	0	0	-1	*	3	-
1143	103.274740	103.429688	C5	60	80	0	0	1156	P1-73-2	0	-
1144	103.279948	103.346354	F2	38	80	0	0	-1	*	3	-
1145	103.281250	103.345052	F3	39	80	0	0	1156	P1-73-11	0	-
1146	103.283854	103.578125	A4	53	80	0	0	1156	P1-73-7	0	-
1147	103.283854	103.350260	C3	39	80	0	0	1156	P1-73-10	0	-
1148	103.433594	103.585938	D5	56	80	0	0	1158	P1-73-3	0	-
1149	103.436198	103.479167	C5	53	80	0	0	-1	*	3	-
1150	103.595052	103.638021	C5	55	80	0	0	1160	P1-73-4	0	-
1151	103.602865	103.647135	F2	38	80	0	0	1160	P1-73-12	0	-
1152	103.979167	104.272135	A4	52	80	0	0	1164	P1-73-5	0	-
1153	103.984375	103.989583	C2	38	80	0	0	1164	P1-73-13	1	-
1154	103.988281	104.309896	F#4	41	80	0	0	-1	*	3	-
1155	103.990885	104.278646	Eb4	46	80	0	0	1164	P1-73-8	0	-
1156	103.994792	104.279948	A3	34	80	0	0	-1	*	3	-
1157	103.997396	104.299479	C4	32	80	0	0	1164	P1-73-14	1	-
1158	104.363281	104.750000	Bb4	55	80	0	0	1168	P1-74-2	0	-
1159	104.364583	104.416667	F2	40	80	0	0	1168	P1-74-6	0	-
1160	104.371094	104.759115	E4	38	80	0	0	1168	P1-74-1	0	-
1161	104.755208	104.826823	G3	39	80	0	0	1172	P1-74-8	0	-
1162	104.757812	104.864583	Bb4	44	80	0	0	1176	*	3	-
1163	104.759115	104.830729	C3	36	80	0	0	1176	*	3	-
1164	104.764323	104.832031	E4	32	80	0	0	1176	*	3	-
1165	105.106771	105.574219	Bb4	52	80	0	0	1176	P1-74-4	0	-
1166	105.114583	105.579427	E4	48	80	0	0	1176	P1-74-3	0	-
1167	105.114583	105.182292	F2	27	80	0	0	1176	P1-74-9	0	-
1168	105.473958	105.549479	G3	34	80	0	0	1180	P1-74-11	0	-
1169	105.475260	105.542969	C4	30	80	0	0	1180	*	3	-
1170	105.481771	105.554688	C3	35	80	0	0	1180	P1-74-10	0	-
1171	105.782552	105.851562	C5	55	80	0	0	1183	P1-74-5	0	-
1172	105.807292	105.875000	F2	36	80	0	0	1184	P1-75-9	0	-
1173	105.817708	105.899740	Bb4	54	80	0	0	1184	P1-75-1	0	-
1174	105.821615	105.877604	E4	41	80	0	0	1184	P1-75-6	0	-
1175	106.191406	106.399740	Bb4	56	80	0	0	1188	P1-75-2	0	-
1176	106.196615	106.263021	G3	38	80	0	0	1188	P1-75-11	0	-
1177	106.201823	106.559896	E4	41	80	0	0	1188	P1-75-7	0	-
1178	106.203125	106.265625	C3	38	80	0	0	1188	P1-75-10	0	-
1179	106.204427	106.263021	C4	36	80	0	0	1188	*	3	-
1180	106.205729	106.218750	Bb3	37	80	0	0	1188	*	3	-
1181	106.347656	106.483073	C5	52	80	0	0	1190	P1-75-3	0	-
1182	106.511719	106.554688	F2	36	80	0	0	1192	P1-75-12	0	-
1183	106.513021	106.566406	Bb4	53	80	0	0	1192	P1-75-4	0	-
1184	106.898438	106.985677	E4	49	80	0	0	1196	P1-75-5	0	-
1185	106.902344	106.973958	G3	38	80	0	0	1196	P1-75-14	0	-
1186	106.903646	106.983073	Bb3	42	80	0	0	1196	P1-75-8	0	-
1187	107.289062	107.415365	F2	32	80	0	0	1200	P1-76-5	0	-
1188	107.291667	107.807292	F4	40	80	0	0	1200	P1-76-2	0	-
1189	107.295573	107.424479	A3	33	80	0	0	1200	P1-76-1	0	-
1190	107.295573	107.500000	C4	32	80	0	0	-1	*	3	-
1191	107.669271	107.765625	F3	28	80	0	0	1204	P1-76-7	0	-
1192	107.679688	107.755208	C3	30	80	0	0	1204	P1-76-6	0	-
1193	107.683594	107.787760	A3	28	80	0	0	-1	*	3	-
1194	107.684896	107.839844	C4	22	80	0	0	-1	*	3	-
1195	108.054688	108.515625	F4	33	80	0	0	1208	P1-76-4	0	-
1196	108.054688	108.239583	F2	30	80	0	0	1208	P1-76-8	0	-
1197	108.058594	108.537760	A3	31	80	0	0	1208	P1-76-3	0	-
1198	108.062500	108.069010	C4	27	80	0	0	-1	*	3	-
1199	108.450521	108.532552	F3	24	80	0	0	1212	P1-76-10	0	-
1200	108.451823	108.569010	C4	23	80	0	0	-1	*	3	-
1201	108.453125	108.545573	C3	26	80	0	0	1212	P1-76-9	0	-
1202	108.828125	109.266927	F4	32	80	0	0	1216	P1-77-2	0	-
1203	108.833333	109.098958	F2	26	80	0	0	1216	P1-77-5	0	-
1204	108.835938	109.339844	C4	24	80	0	0	-1	*	3	-
1205	108.835938	109.229167	A3	29	80	0	0	1216	P1-77-1	0	-
1206	109.243490	109.334635	A3	24	80	0	0	-1	*	3	-
1207	109.244792	109.334635	C3	26	80	0	0	1220	P1-77-6	0	-
1208	109.244792	109.333333	F3	25	80	0	0	1220	P1-77-7	0	-
1209	109.670573	110.119792	A3	32	80	0	0	1224	P1-77-3	0	-
1210	109.673177	110.329427	F2	27	80	0	0	1224	P1-77-8	0	-
1211	109.673177	110.279948	F4	29	80	0	0	1224	P1-77-4	0	-
1212	109.674479	110.119792	F3	25	80	0	0	-1	*	3	-
1213	110.191406	110.319010	A3	22	80	0	0	-1	*	3	-
1214	110.192708	110.339844	F3	23	80	0	0	1228	P1-77-10	0	-
1215	110.194010	110.302083	C3	25	80	0	0	1228	P1-77-9	0	-
1216	110.872396	112.378906	A3	28	80	0	0	1232	P1-78-1	0	-
1217	110.872396	112.658854	F4	30	80	0	0	1232	P1-78-2	0	-
1218	110.886719	112.199219	C4	22	80	0	0	1232	*	3	-
1219	110.894531	113.479167	F2	24	80	0	0	1232	P1-78-3	0	-
1220	110.894531	112.399740	F1	23	80	0	0	1232	*	3	-
1221	110.910156	112.989583	C3	24	80	0	0	1232	P1-78-4	0	-
//Missing 0	P1-1-2
//Missing 48	P1-4-1
//Missing 100	P1-7-12
//Missing 108	P1-7-16
//Missing 176	P1-12-1
//Missing 352	P1-23-6
//Missing 460	P1-29-15
//Missing 552	P1-35-13
//Missing 596	P1-38-13
//Missing 624	P1-40-11
//Missing 636	P1-40-16
//Missing 752	P1-48-11
//Missing 816	P1-52-1
//Missing 824	P1-52-3
//Missing 880	P1-56-6
//Missing 944	P1-60-5
//Missing 972	P1-61-5
//Missing 1008	P1-64-5
//Missing 1060	P1-67-11
//Missing 1172	P1-74-7
//Missing 1196	P1-75-13
//Missing 500	P1-32-5
//Missing 1232	P1-78-5
