//Version: ScorePerfmMatch_v170503
// Score: ./musicxml_cleaned_hmm.txt
// Perfm: ./03920_spr.txt
// fmt3x: ./musicxml_cleaned_fmt3x.txt
0	0.438802	0.449219	F4	49	80	0	0	0	*	3	0
1	0.438802	0.501302	F3	50	80	0	0	0	*	3	-
2	0.816406	0.923177	F4	42	80	0	0	4	P1-1-4	0	-
3	0.819010	0.880208	C4	48	80	0	0	4	P1-1-3	0	-
4	1.158854	1.214844	F3	49	80	0	0	8	P1-1-5	0	-
5	1.527344	1.604167	F4	51	80	0	0	12	P1-1-7	0	-
6	1.535156	1.593750	C4	49	80	0	0	12	P1-1-6	0	-
7	1.544271	1.559896	F3	36	80	0	0	16	*	3	-
8	1.854167	1.912760	F3	47	80	0	0	16	P1-2-3	0	-
9	2.196615	2.247396	C4	51	80	0	0	20	P1-2-4	0	-
10	2.197917	2.264323	F4	46	80	0	0	20	P1-2-5	0	-
11	2.527344	2.588542	F3	58	80	0	0	24	P1-2-6	0	-
12	2.884115	2.934896	C4	47	80	0	0	28	P1-2-7	0	-
13	2.886719	2.949219	F4	39	80	0	0	28	P1-2-8	0	-
14	2.890625	2.899740	F3	38	80	0	0	28	*	3	-
15	3.213542	3.272135	Bb4	64	80	0	0	31	P1-2-2	0	-
16	3.223958	3.274740	Ab4	59	80	0	0	32	P1-3-1	0	-
17	3.223958	3.281250	F3	44	80	0	0	32	P1-3-8	0	-
18	3.582031	3.641927	C4	41	80	0	0	36	P1-3-9	0	-
19	3.584635	3.641927	F4	40	80	0	0	36	P1-3-10	0	-
20	3.584635	3.665365	Ab4	53	80	0	0	36	P1-3-2	0	-
21	3.718750	3.757812	Bb4	63	80	0	0	38	P1-3-3	0	-
22	3.875000	3.933594	Ab4	62	80	0	0	40	P1-3-4	0	-
23	3.880208	3.940104	F3	42	80	0	0	40	P1-3-11	0	-
24	4.234375	4.296875	G4	52	80	0	0	44	P1-3-5	0	-
25	4.235677	4.300781	E4	46	80	0	0	44	P1-3-13	0	-
26	4.236979	4.300781	C4	40	80	0	0	44	P1-3-12	0	-
27	4.484375	5.063802	Ab4	63	80	0	0	46	P1-3-6	0	-
28	4.541667	4.615885	Bb4	62	80	0	0	47	P1-3-7	0	-
29	4.584635	5.083333	C5	66	80	0	0	48	P1-4-2	0	-
30	4.951823	5.024740	F4	43	80	0	0	52	P1-4-10	0	-
31	4.955729	5.010417	C4	41	80	0	0	52	P1-4-9	0	-
32	5.178385	5.769531	Ab4	61	80	0	0	54	P1-4-5	0	-
33	5.225260	5.309896	Bb4	69	80	0	0	55	P1-4-6	0	-
34	5.269531	5.941406	C5	73	80	0	0	56	P1-4-4	0	-
35	5.641927	5.725260	F4	48	80	0	0	60	P1-4-13	0	-
36	5.647135	5.710938	C4	32	80	0	0	60	P1-4-12	0	-
37	5.954427	6.009115	Bb4	57	80	0	0	63	P1-4-7	0	-
38	5.959635	6.022135	F3	48	80	0	0	64	P1-5-9	0	-
39	5.970052	6.031250	Ab4	56	80	0	0	64	P1-5-1	0	-
40	5.972656	6.022135	F4	45	80	0	0	-1	*	3	-
41	6.311198	6.415365	Ab4	55	80	0	0	68	P1-5-2	0	-
42	6.315104	6.401042	F4	45	80	0	0	68	P1-5-11	0	-
43	6.428385	6.492188	Bb4	63	80	0	0	70	P1-5-3	0	-
44	6.571615	6.635417	Ab4	57	80	0	0	72	P1-5-4	0	-
45	6.608073	6.651042	F3	35	80	0	0	72	P1-5-12	0	-
46	6.946615	7.006510	C5	54	80	0	0	76	P1-5-6	0	-
47	6.949219	7.005208	G4	55	80	0	0	76	P1-5-5	0	-
48	6.962240	7.024740	E4	48	80	0	0	76	P1-5-14	0	-
49	6.966146	7.018229	C4	38	80	0	0	76	P1-5-13	0	-
50	7.242188	7.348958	C5	61	80	0	0	79	P1-5-8	0	-
51	7.285156	7.847656	F5	67	80	0	0	80	P1-6-2	0	-
52	7.316406	7.893229	Ab4	62	80	0	0	80	P1-6-1	0	-
53	7.670573	7.772135	F4	37	80	0	0	84	P1-6-9	0	-
54	7.675781	7.761719	C4	35	80	0	0	84	P1-6-8	0	-
55	7.929688	8.006510	C5	60	80	0	0	87	P1-6-5	0	-
56	7.973958	8.639323	F5	71	80	0	0	88	P1-6-4	0	-
57	8.010417	8.019531	F3	54	80	0	0	88	P1-6-10	0	-
58	8.015625	8.574219	Ab4	54	80	0	0	88	P1-6-3	0	-
59	8.358073	8.420573	F4	42	80	0	0	92	P1-6-12	0	-
60	8.363281	8.414062	C4	50	80	0	0	92	P1-6-11	0	-
61	8.712240	9.148438	Ab4	72	80	0	0	-1	*	3	-
62	8.713542	9.119792	Gb5	66	80	0	0	95	P1-6-6	0	-
63	8.729167	8.848958	Db3	54	80	0	0	96	P1-7-10	0	-
64	8.734375	9.098958	F5	64	80	0	0	96	P1-7-1	0	-
65	9.085938	9.140625	F4	50	80	0	0	100	P1-7-12	0	-
66	9.104167	9.145833	Db4	52	80	0	0	100	P1-7-11	0	-
67	9.104167	9.279948	F5	58	80	0	0	100	P1-7-2	0	-
68	9.231771	9.408854	Gb5	64	80	0	0	102	P1-7-3	0	-
69	9.385417	9.658854	F5	65	80	0	0	104	P1-7-4	0	-
70	9.403646	9.445312	C3	58	80	0	0	104	P1-7-13	0	-
71	9.406250	9.789062	A4	58	80	0	0	104	P1-7-8	0	-
72	9.412760	9.419271	C2	51	80	0	0	-1	*	3	-
73	9.773438	9.829427	F4	52	80	0	0	108	P1-7-16	0	-
74	9.783854	10.029948	F5	57	80	0	0	108	P1-7-5	0	-
75	9.792969	9.843750	C4	43	80	0	0	108	P1-7-14	0	-
76	9.795573	9.843750	Eb4	46	80	0	0	108	P1-7-15	0	-
77	9.798177	9.855469	A4	39	80	0	0	108	P1-7-9	0	-
78	10.127604	10.518229	Bb4	59	80	0	0	112	P1-8-6	0	-
79	10.130208	10.513021	F5	60	80	0	0	112	P1-8-1	0	-
80	10.134115	10.139323	Bb3	57	80	0	0	-1	*	3	-
81	10.134115	10.194010	Bb2	54	80	0	0	112	P1-8-7	0	-
82	10.473958	10.523438	Bb5	66	80	0	0	116	P1-8-2	0	-
83	10.493490	10.500000	F3	51	80	0	0	-1	*	3	-
84	10.493490	10.532552	F4	53	80	0	0	116	P1-8-10	0	-
85	10.493490	10.541667	Bb3	45	80	0	0	116	P1-8-8	0	-
86	10.854167	11.329427	F5	68	80	0	0	120	P1-8-5	0	-
87	10.875000	11.279948	Ab4	50	80	0	0	120	P1-8-4	0	-
88	10.877604	11.039062	F3	40	80	0	0	120	P1-8-11	0	-
89	11.231771	11.290365	F4	61	80	0	0	124	P1-8-13	0	-
90	11.584635	11.687500	C5	87	80	0	0	128	P1-9-2	0	-
91	11.593750	11.683594	Ab4	79	80	0	0	128	P1-9-1	0	-
92	11.595052	11.675781	G#3	66	80	0	0	-1	*	3	-
93	11.595052	11.669271	C4	61	80	0	0	128	P1-9-16	1	-
94	11.723958	11.791667	Bb4	86	80	0	0	130	P1-9-4	0	-
95	11.735677	11.859375	G4	69	80	0	0	130	P1-9-3	0	-
96	11.891927	11.988281	Ab4	78	80	0	0	132	P1-9-6	0	-
97	11.904948	11.970052	F4	68	80	0	0	132	P1-9-18	0	-
98	11.915365	11.963542	C4	55	80	0	0	132	P1-9-17	0	-
99	12.044271	12.109375	Bb4	81	80	0	0	134	P1-9-8	0	-
100	12.225260	12.394531	C5	79	80	0	0	136	P1-9-9	0	-
101	12.226562	12.388021	Ab4	83	80	0	0	136	P1-9-13	0	-
102	12.248698	12.295573	C3	58	80	0	0	136	P1-9-19	0	-
103	12.253906	12.290365	G3	63	80	0	0	-1	*	3	-
104	12.386719	12.444010	Db5	74	80	0	0	138	P1-9-10	0	-
105	12.553385	12.613281	G4	63	80	0	0	140	P1-9-14	0	-
106	12.553385	12.617188	C5	60	80	0	0	140	P1-9-11	0	-
107	12.563802	12.611979	C4	52	80	0	0	140	P1-9-20	0	-
108	12.582031	12.618490	E4	47	80	0	0	140	P1-9-21	0	-
109	12.694010	12.764323	E5	77	80	0	0	142	P1-9-12	0	-
110	12.867188	13.450521	F5	75	80	0	0	144	P1-10-3	0	-
111	12.875000	13.454427	C5	70	80	0	0	144	P1-10-2	0	-
112	12.882812	13.457031	Ab4	71	80	0	0	144	P1-10-1	0	-
113	12.886719	12.953125	F3	69	80	0	0	144	P1-10-8	0	-
114	13.253906	13.304688	F4	47	80	0	0	148	P1-10-10	0	-
115	13.266927	13.311198	C4	48	80	0	0	148	P1-10-9	0	-
116	13.583333	14.199219	F5	80	80	0	0	152	P1-10-6	0	-
117	13.600260	13.692708	C5	69	80	0	0	152	P1-10-5	0	-
118	13.604167	14.169271	Ab4	65	80	0	0	152	P1-10-4	0	-
119	13.621094	13.683594	F3	51	80	0	0	152	P1-10-11	0	-
120	14.005208	14.098958	C4	41	80	0	0	156	P1-10-12	0	-
121	14.304688	14.369792	Bb4	50	80	0	0	159	P1-10-7	0	-
122	14.337240	14.393229	Ab4	45	80	0	0	160	P1-11-1	0	-
123	14.354167	14.359375	F3	30	80	0	0	160	P1-11-8	0	-
124	14.687500	14.802083	Ab4	52	80	0	0	164	P1-11-2	0	-
125	14.695312	14.764323	F4	41	80	0	0	164	P1-11-10	0	-
126	14.710938	14.765625	C4	35	80	0	0	164	P1-11-9	0	-
127	14.833333	14.898438	Bb4	61	80	0	0	166	P1-11-3	0	-
128	15.000000	15.117188	F3	35	80	0	0	168	P1-11-11	0	-
129	15.001302	15.139323	Ab4	47	80	0	0	168	P1-11-4	0	-
130	15.364583	15.416667	G4	49	80	0	0	172	P1-11-5	0	-
131	15.393229	15.451823	C4	27	80	0	0	172	P1-11-12	0	-
132	15.394531	15.442708	E4	24	80	0	0	172	P1-11-13	0	-
133	15.610677	16.279948	Ab4	52	80	0	0	174	P1-11-6	0	-
134	15.667969	15.723958	Bb4	45	80	0	0	175	P1-11-7	0	-
135	15.707031	15.819010	F4	49	80	0	0	176	P1-12-1	1	-
136	15.708333	16.235677	C5	69	80	0	0	176	P1-12-2	0	-
137	15.729167	15.799479	F3	40	80	0	0	176	P1-12-8	0	-
138	16.100260	16.192708	F4	37	80	0	0	180	P1-12-10	0	-
139	16.113281	16.175781	C4	34	80	0	0	180	P1-12-9	0	-
140	16.375000	16.973958	Ab4	59	80	0	0	182	P1-12-5	0	-
141	16.404948	16.498698	Bb4	62	80	0	0	183	P1-12-6	0	-
142	16.451823	17.205729	C5	73	80	0	0	184	P1-12-4	0	-
143	16.454427	16.459635	F4	48	80	0	0	184	P1-12-3	1	-
144	16.457031	16.500000	F3	49	80	0	0	184	P1-12-11	0	-
145	16.841146	16.914062	F4	39	80	0	0	188	P1-12-13	0	-
146	16.843750	16.898438	C4	40	80	0	0	188	P1-12-12	0	-
147	17.164062	17.218750	Bb4	64	80	0	0	191	P1-12-7	0	-
148	17.174479	17.285156	Ab4	60	80	0	0	192	P1-13-1	0	-
149	17.179688	17.230469	F3	61	80	0	0	192	P1-13-9	0	-
150	17.180990	17.289062	F4	54	80	0	0	192	*	3	-
151	17.531250	17.644531	Ab4	63	80	0	0	196	P1-13-2	0	-
152	17.535156	17.549479	F3	48	80	0	0	196	*	3	-
153	17.535156	17.593750	C4	53	80	0	0	196	P1-13-10	0	-
154	17.539062	17.605469	F4	49	80	0	0	196	P1-13-11	0	-
155	17.671875	17.735677	Bb4	57	80	0	0	198	P1-13-3	0	-
156	17.795573	17.873698	Ab4	60	80	0	0	200	P1-13-4	0	-
157	17.834635	17.889323	F3	36	80	0	0	200	P1-13-12	0	-
158	18.165365	18.273438	C5	63	80	0	0	204	P1-13-6	0	-
159	18.177083	18.246094	G4	58	80	0	0	204	P1-13-5	0	-
160	18.183594	18.234375	C4	49	80	0	0	204	P1-13-13	0	-
161	18.184896	18.235677	E4	54	80	0	0	204	P1-13-14	0	-
162	18.463542	18.548177	C5	57	80	0	0	207	P1-13-8	0	-
163	18.513021	19.072917	F5	61	80	0	0	208	P1-14-2	0	-
164	18.515625	18.529948	F3	50	80	0	0	208	P1-14-7	0	-
165	18.522135	19.085938	Ab4	61	80	0	0	208	P1-14-1	0	-
166	18.891927	18.985677	F4	34	80	0	0	212	P1-14-9	0	-
167	18.891927	18.959635	C4	42	80	0	0	212	P1-14-8	0	-
168	19.140625	19.263021	C5	57	80	0	0	215	P1-14-5	0	-
169	19.184896	19.750000	F5	63	80	0	0	216	P1-14-4	0	-
170	19.213542	19.675781	Ab4	55	80	0	0	216	P1-14-3	0	-
171	19.216146	19.369792	F4	49	80	0	0	216	*	3	-
172	19.220052	19.299479	F3	47	80	0	0	216	P1-14-10	0	-
173	19.574219	19.654948	F4	34	80	0	0	220	P1-14-12	0	-
174	19.576823	19.709635	C4	46	80	0	0	220	P1-14-11	0	-
175	19.847656	20.000000	Gb5	63	80	0	0	223	P1-14-6	0	-
176	19.884115	20.109375	Ab4	74	80	0	0	224	P1-15-6	0	-
177	19.885417	19.985677	F5	71	80	0	0	224	P1-15-1	0	-
178	19.889323	19.971354	Db3	62	80	0	0	224	P1-15-10	0	-
179	20.223958	20.390625	F5	68	80	0	0	228	P1-15-2	0	-
180	20.225260	20.539062	Ab4	69	80	0	0	228	P1-15-7	0	-
181	20.231771	20.239583	F3	58	80	0	0	-1	*	3	-
182	20.238281	20.330729	Db4	52	80	0	0	228	P1-15-11	0	-
183	20.364583	20.496094	Gb5	64	80	0	0	230	P1-15-3	0	-
184	20.542969	20.635417	F5	69	80	0	0	232	P1-15-4	0	-
185	20.544271	20.643229	A4	74	80	0	0	232	P1-15-8	0	-
186	20.548177	20.604167	C3	66	80	0	0	232	P1-15-13	0	-
187	20.906250	20.976562	F5	73	80	0	0	236	P1-15-5	0	-
188	20.907552	20.962240	F4	65	80	0	0	236	P1-15-16	0	-
189	20.907552	20.966146	A4	61	80	0	0	236	P1-15-9	0	-
190	20.930990	20.979167	Eb4	58	80	0	0	236	P1-15-15	0	-
191	20.930990	20.973958	C4	52	80	0	0	236	P1-15-14	0	-
192	21.260417	21.694010	Bb4	59	80	0	0	240	P1-16-6	0	-
193	21.265625	21.649740	F5	58	80	0	0	240	P1-16-1	0	-
194	21.269531	21.334635	Bb2	57	80	0	0	240	P1-16-7	0	-
195	21.615885	21.687500	Bb5	61	80	0	0	244	P1-16-2	0	-
196	21.634115	21.697917	F4	34	80	0	0	244	P1-16-10	0	-
197	21.643229	21.687500	Db4	38	80	0	0	244	P1-16-9	0	-
198	21.990885	22.389323	F5	51	80	0	0	248	P1-16-5	0	-
199	21.993490	22.170573	F3	38	80	0	0	248	P1-16-11	0	-
200	21.993490	22.319010	Ab4	45	80	0	0	248	P1-16-4	0	-
201	22.003906	22.158854	F4	36	80	0	0	-1	*	3	-
202	22.361979	22.424479	F4	35	80	0	0	252	P1-16-13	0	-
203	22.694010	22.759115	C3	63	80	0	0	256	P1-17-16	0	-
204	22.695312	22.813802	C5	85	80	0	0	256	P1-17-2	0	-
205	22.707031	22.779948	C4	60	80	0	0	-1	*	3	-
206	22.707031	22.808594	Ab4	77	80	0	0	256	P1-17-1	0	-
207	22.713542	22.783854	G#3	64	80	0	0	-1	*	3	-
208	22.845052	22.923177	Bb4	78	80	0	0	258	P1-17-4	0	-
209	22.847656	22.908854	G4	70	80	0	0	258	P1-17-3	0	-
210	23.011719	23.085938	F4	59	80	0	0	260	P1-17-18	0	-
211	23.013021	23.091146	Ab4	67	80	0	0	260	P1-17-6	0	-
212	23.027344	23.083333	C4	51	80	0	0	260	P1-17-17	0	-
213	23.174479	23.264323	Bb4	62	80	0	0	262	P1-17-8	0	-
214	23.223958	23.274740	G4	66	80	0	0	262	P1-17-7	0	-
215	23.343750	23.500000	C5	83	80	0	0	264	P1-17-9	0	-
216	23.364583	23.483073	Ab4	65	80	0	0	264	P1-17-13	0	-
217	23.371094	23.415365	C3	56	80	0	0	264	P1-17-19	0	-
218	23.372396	23.414062	G3	54	80	0	0	-1	*	3	-
219	23.496094	23.546875	Db5	68	80	0	0	266	P1-17-10	0	-
220	23.664062	23.721354	G4	60	80	0	0	268	P1-17-14	0	-
221	23.665365	23.725260	C5	58	80	0	0	268	P1-17-11	0	-
222	23.675781	23.729167	G3	54	80	0	0	-1	*	3	-
223	23.675781	23.725260	C4	51	80	0	0	268	P1-17-20	0	-
224	23.684896	23.725260	E4	52	80	0	0	268	P1-17-21	0	-
225	23.804688	23.882812	E5	68	80	0	0	270	P1-17-12	0	-
226	23.994792	24.149740	C5	69	80	0	0	-1	*	3	-
227	23.994792	24.639323	F5	72	80	0	0	272	P1-18-3	0	-
228	23.998698	24.471354	Ab4	70	80	0	0	272	P1-18-1	0	-
229	24.002604	24.062500	F3	59	80	0	0	272	P1-18-7	0	-
230	24.154948	24.500000	C5	51	80	0	0	272	P1-18-2	0	-
231	24.384115	24.459635	F4	38	80	0	0	276	P1-18-9	0	-
232	24.390625	24.451823	C4	36	80	0	0	276	P1-18-8	0	-
233	24.390625	24.463542	G#3	42	80	0	0	-1	*	3	-
234	24.703125	25.500000	F5	59	80	0	0	280	P1-18-6	0	-
235	24.713542	24.815104	C5	55	80	0	0	280	P1-18-5	0	-
236	24.720052	24.815104	Ab4	55	80	0	0	280	P1-18-4	0	-
237	24.723958	24.802083	F3	53	80	0	0	280	P1-18-10	0	-
238	24.723958	24.739583	F4	46	80	0	0	-1	*	3	-
239	25.096354	25.170573	Ab3	51	80	0	0	284	P1-18-11	1	-
240	25.098958	25.187500	Ab4	45	80	0	0	-1	*	3	-
241	25.100260	25.187500	F4	37	80	0	0	284	P1-18-12	0	-
242	25.433594	25.550781	Ab3	69	80	0	0	288	P1-19-3	0	-
243	25.437500	26.066406	C5	82	80	0	0	288	P1-19-1	0	-
244	25.447917	25.619792	Ab4	63	80	0	0	-1	*	3	-
245	25.838542	26.098958	Ab4	50	80	0	0	292	P1-19-6	0	-
246	25.841146	25.899740	Eb4	47	80	0	0	292	P1-19-5	0	-
247	25.845052	25.894531	C4	39	80	0	0	292	P1-19-4	0	-
248	26.153646	26.750000	C5	84	80	0	0	296	P1-19-2	0	-
249	26.186198	26.235677	Ab3	46	80	0	0	296	P1-19-7	0	-
250	26.192708	26.269531	Eb4	43	80	0	0	-1	*	3	-
251	26.509115	26.848958	Ab4	59	80	0	0	300	P1-19-10	0	-
252	26.511719	26.669271	C4	52	80	0	0	300	P1-19-8	0	-
253	26.536458	26.639323	Eb4	45	80	0	0	300	P1-19-9	0	-
254	26.799479	26.908854	Ab3	48	80	0	0	304	P1-20-7	0	-
255	26.839844	27.028646	C5	77	80	0	0	304	P1-20-1	0	-
256	26.980469	27.134115	Db5	84	80	0	0	306	P1-20-2	0	-
257	27.131510	27.290365	Eb5	79	80	0	0	308	P1-20-3	0	-
258	27.154948	27.192708	G4	55	80	0	0	308	P1-20-10	0	-
259	27.167969	27.212240	Eb4	54	80	0	0	308	P1-20-9	0	-
260	27.167969	27.214844	Bb3	45	80	0	0	308	P1-20-8	0	-
261	27.273438	27.346354	Db5	81	80	0	0	310	P1-20-4	0	-
262	27.441406	27.872396	Db5	83	80	0	0	312	P1-20-5	0	-
263	27.467448	27.549479	Ab3	38	80	0	0	312	P1-20-11	0	-
264	27.804688	27.959635	G4	40	80	0	0	316	P1-20-14	0	-
265	27.804688	27.968750	Bb3	45	80	0	0	316	P1-20-12	0	-
266	27.808594	27.880208	Eb4	42	80	0	0	316	P1-20-13	0	-
267	27.873698	27.923177	C5	72	80	0	0	318	P1-20-6	0	-
268	27.980469	28.085938	C5	75	80	0	0	320	P1-21-1	0	-
269	28.091146	28.350260	Bb4	76	80	0	0	321	P1-21-2	0	-
270	28.104167	28.154948	Ab3	47	80	0	0	320	P1-21-8	0	-
271	28.442708	28.829427	Bb4	65	80	0	0	324	P1-21-3	0	-
272	28.463542	28.524740	G4	47	80	0	0	324	P1-21-11	0	-
273	28.475260	28.522135	Db4	29	80	0	0	324	P1-21-9	0	-
274	28.481771	28.541667	Eb4	32	80	0	0	324	P1-21-10	0	-
275	28.738281	28.819010	Ab3	40	80	0	0	328	P1-21-12	0	-
276	28.832031	28.959635	C5	60	80	0	0	328	P1-21-4	0	-
277	28.973958	29.074219	Bb4	62	80	0	0	330	P1-21-5	0	-
278	29.114583	29.223958	Ab4	54	80	0	0	332	P1-21-6	0	-
279	29.122396	29.182292	C4	36	80	0	0	332	P1-21-13	1	-
280	29.126302	29.199219	Eb4	44	80	0	0	332	P1-21-14	0	-
281	29.214844	29.266927	Bb4	64	80	0	0	334	P1-21-7	0	-
282	29.363281	30.083333	Bb4	63	80	0	0	336	P1-22-1	0	-
283	29.403646	29.470052	Ab3	43	80	0	0	336	P1-22-4	0	-
284	29.722656	29.787760	Ab4	45	80	0	0	340	P1-22-7	0	-
285	29.723958	29.786458	Eb4	51	80	0	0	340	P1-22-6	0	-
286	29.733073	29.789062	C4	41	80	0	0	340	P1-22-5	0	-
287	30.063802	30.500000	C5	65	80	0	0	344	P1-22-2	0	-
288	30.084635	30.139323	G#2	37	80	0	0	344	P1-22-8	1	-
289	30.412760	30.463542	C4	34	80	0	0	348	P1-22-9	0	-
290	30.414062	30.507812	Ab4	39	80	0	0	348	P1-22-11	0	-
291	30.417969	30.493490	Eb4	40	80	0	0	348	P1-22-10	0	-
292	30.513021	30.559896	C5	43	80	0	0	-1	*	3	-
293	30.653646	30.705729	Eb5	67	80	0	0	351	P1-22-3	0	-
294	30.729167	31.139323	Ab5	86	80	0	0	352	P1-23-2	0	-
295	30.755208	31.019531	Ab3	55	80	0	0	352	P1-23-6	0	-
296	30.756510	31.269531	C5	64	80	0	0	352	P1-23-1	0	-
297	31.174479	31.289062	Ab4	37	80	0	0	356	P1-23-9	0	-
298	31.183594	31.248698	Eb4	37	80	0	0	356	P1-23-8	0	-
299	31.184896	31.329427	C4	29	80	0	0	356	P1-23-7	0	-
300	31.360677	31.598958	Eb5	67	80	0	0	359	P1-23-5	0	-
301	31.446615	32.139323	Ab5	84	80	0	0	360	P1-23-4	0	-
302	31.458333	31.559896	Ab3	60	80	0	0	360	P1-23-10	0	-
303	31.470052	32.304688	C5	62	80	0	0	360	P1-23-3	0	-
304	31.843750	31.968750	Ab4	43	80	0	0	364	P1-23-13	0	-
305	31.846354	31.968750	C4	36	80	0	0	364	P1-23-11	0	-
306	31.852865	31.906250	Eb4	41	80	0	0	364	P1-23-12	0	-
307	32.144531	32.468750	G#5	57	80	0	0	368	P1-24-2	1	-
308	32.157552	32.307292	Eb5	57	80	0	0	368	P1-24-1	0	-
309	32.173177	32.221354	Db3	68	80	0	0	368	P1-24-11	0	-
310	32.298177	32.411458	F5	60	80	0	0	370	P1-24-4	0	-
311	32.325521	32.402344	Db5	42	80	0	0	370	P1-24-3	0	-
312	32.475260	32.619792	C5	52	80	0	0	372	P1-24-5	0	-
313	32.476562	32.563802	E5	55	80	0	0	372	P1-24-6	0	-
314	32.514323	32.549479	F4	41	80	0	0	372	P1-24-13	0	-
315	32.516927	32.557292	Db4	47	80	0	0	372	P1-24-12	0	-
316	32.625000	32.669271	Db5	56	80	0	0	374	P1-24-7	0	-
317	32.625000	32.674479	F5	55	80	0	0	374	P1-24-8	0	-
318	32.811198	33.250000	F5	57	80	0	0	376	P1-24-10	0	-
319	32.812500	33.289062	Db5	59	80	0	0	376	P1-24-9	0	-
320	32.835938	32.884115	Db3	59	80	0	0	376	P1-24-14	0	-
321	33.164062	33.209635	F4	53	80	0	0	380	P1-24-16	0	-
322	33.179688	33.227865	Db4	49	80	0	0	380	P1-24-15	0	-
323	33.462240	33.593750	F5	72	80	0	0	384	P1-25-1	0	-
324	33.471354	33.522135	Eb3	53	80	0	0	384	P1-25-14	0	-
325	33.472656	33.515625	Bb3	53	80	0	0	-1	*	3	-
326	33.481771	33.628906	Db5	58	80	0	0	384	P1-25-8	0	-
327	33.483073	33.626302	G4	63	80	0	0	384	P1-25-7	0	-
328	33.600260	33.652344	Eb5	67	80	0	0	386	P1-25-2	0	-
329	33.781250	33.843750	G4	60	80	0	0	388	P1-25-9	0	-
330	33.792969	33.959635	Db5	56	80	0	0	388	P1-25-3	0	-
331	33.792969	33.843750	Eb4	49	80	0	0	388	P1-25-17	0	-
332	33.803385	33.837240	Db4	49	80	0	0	388	P1-25-16	0	-
333	33.803385	33.855469	Bb3	46	80	0	0	388	P1-25-15	0	-
334	33.924479	33.981771	Ab4	66	80	0	0	390	P1-25-10	0	-
335	34.132812	34.520833	Bb4	85	80	0	0	392	P1-25-11	0	-
336	34.483073	34.562500	Ab4	53	80	0	0	396	P1-25-12	0	-
337	34.484375	34.589844	Db5	57	80	0	0	396	P1-25-5	0	-
338	34.489583	34.537760	Db4	49	80	0	0	396	P1-25-20	0	-
339	34.493490	34.539062	Eb4	50	80	0	0	396	P1-25-21	0	-
340	34.622396	34.730469	G4	62	80	0	0	398	P1-25-13	0	-
341	34.773438	35.330729	Ab4	60	80	0	0	400	P1-26-1	0	-
342	34.805990	35.098958	Ab3	49	80	0	0	400	P1-26-7	0	-
343	34.812500	35.348958	C5	46	80	0	0	400	P1-26-2	0	-
344	35.164062	35.217448	C4	48	80	0	0	404	P1-26-8	0	-
345	35.459635	35.945312	Ab4	53	80	0	0	408	P1-26-4	0	-
346	35.481771	35.938802	C5	49	80	0	0	408	P1-26-5	0	-
347	35.486979	35.924479	Ab3	48	80	0	0	408	P1-26-10	0	-
348	35.851562	35.915365	Eb4	48	80	0	0	412	P1-26-12	0	-
349	35.852865	35.904948	C4	36	80	0	0	412	P1-26-11	0	-
350	36.139323	36.216146	Ab3	48	80	0	0	416	P1-27-3	0	-
351	36.242188	36.733073	C5	59	80	0	0	416	P1-27-1	0	-
352	36.589844	36.682292	Ab4	47	80	0	0	420	P1-27-6	0	-
353	36.606771	36.673177	C4	33	80	0	0	420	P1-27-4	0	-
354	36.608073	36.678385	Eb4	41	80	0	0	420	P1-27-5	0	-
355	36.906250	37.375000	C5	58	80	0	0	424	P1-27-2	0	-
356	36.932292	36.993490	Ab3	31	80	0	0	424	P1-27-7	0	-
357	37.278646	37.339844	C4	38	80	0	0	428	P1-27-8	0	-
358	37.278646	37.351562	Ab4	42	80	0	0	428	P1-27-10	0	-
359	37.283854	37.354167	Eb4	41	80	0	0	428	P1-27-9	0	-
360	37.563802	37.683594	Ab3	53	80	0	0	432	P1-28-7	0	-
361	37.593750	37.751302	C5	53	80	0	0	432	P1-28-1	0	-
362	37.738281	37.791667	Db5	64	80	0	0	434	P1-28-2	0	-
363	37.894531	38.044271	Eb5	56	80	0	0	436	P1-28-3	0	-
364	37.902344	37.908854	C#5	52	80	0	0	-1	*	3	-
365	37.906250	37.966146	G4	46	80	0	0	436	P1-28-10	0	-
366	37.921875	37.985677	Bb3	44	80	0	0	436	P1-28-8	0	-
367	37.930990	37.992188	Eb4	36	80	0	0	436	P1-28-9	0	-
368	38.027344	38.074219	Db5	69	80	0	0	438	P1-28-4	0	-
369	38.216146	38.359375	Db5	61	80	0	0	440	P1-28-5	0	-
370	38.222656	38.274740	Ab3	52	80	0	0	440	P1-28-11	0	-
371	38.372396	38.532552	Db5	48	80	0	0	-1	*	3	-
372	38.540365	38.623698	Bb3	47	80	0	0	444	P1-28-12	0	-
373	38.550781	38.611979	G4	44	80	0	0	444	P1-28-14	0	-
374	38.571615	38.623698	Eb4	39	80	0	0	444	P1-28-13	0	-
375	38.627604	38.682292	C5	65	80	0	0	446	P1-28-6	0	-
376	38.751302	38.825521	C5	56	80	0	0	448	P1-29-1	0	-
377	38.841146	38.885417	Bb4	69	80	0	0	449	P1-29-2	0	-
378	38.851562	38.906250	Ab3	49	80	0	0	448	P1-29-8	0	-
379	39.199219	39.566406	Bb4	65	80	0	0	452	P1-29-3	0	-
380	39.226562	39.289062	G4	44	80	0	0	452	P1-29-11	0	-
381	39.238281	39.319010	Db4	42	80	0	0	452	P1-29-9	0	-
382	39.238281	39.302083	Eb4	45	80	0	0	452	P1-29-10	0	-
383	39.544271	39.696615	C5	60	80	0	0	456	P1-29-4	0	-
384	39.555990	39.709635	Ab3	47	80	0	0	456	P1-29-12	0	-
385	39.688802	39.800781	Bb4	73	80	0	0	458	P1-29-5	0	-
386	39.830729	39.953125	Ab4	59	80	0	0	460	P1-29-6	0	-
387	39.845052	39.906250	Eb4	42	80	0	0	460	P1-29-14	0	-
388	39.851562	39.902344	Db4	41	80	0	0	460	P1-29-13	0	-
389	39.944010	40.009115	Bb4	66	80	0	0	462	P1-29-7	0	-
390	40.123698	40.783854	Bb4	59	80	0	0	464	P1-30-1	0	-
391	40.143229	40.218750	Ab3	51	80	0	0	464	P1-30-4	0	-
392	40.466146	40.554688	Ab4	46	80	0	0	468	P1-30-7	0	-
393	40.476562	40.545573	Eb4	48	80	0	0	468	P1-30-6	0	-
394	40.483073	40.536458	C4	39	80	0	0	468	P1-30-5	0	-
395	40.803385	41.234375	C5	60	80	0	0	472	P1-30-2	0	-
396	40.805990	40.907552	Ab3	48	80	0	0	472	P1-30-8	0	-
397	41.153646	41.222656	Ab4	37	80	0	0	476	P1-30-11	0	-
398	41.154948	41.227865	Eb4	39	80	0	0	476	P1-30-10	0	-
399	41.162760	41.227865	C4	31	80	0	0	476	P1-30-9	0	-
400	41.360677	41.424479	Eb5	60	80	0	0	479	P1-30-3	0	-
401	41.497396	41.878906	Ab5	53	80	0	0	480	P1-31-2	0	-
402	41.531250	41.889323	C5	33	80	0	0	480	P1-31-1	0	-
403	41.533854	41.678385	Ab3	33	80	0	0	480	P1-31-6	0	-
404	41.924479	41.997396	Ab4	40	80	0	0	484	P1-31-9	0	-
405	41.942708	42.539062	G#3	33	80	0	0	-1	*	3	-
406	41.945312	42.003906	Eb4	36	80	0	0	484	P1-31-8	0	-
407	41.955729	42.149740	C4	24	80	0	0	484	P1-31-7	0	-
408	42.098958	42.214844	Eb5	59	80	0	0	487	P1-31-5	0	-
409	42.208333	42.979167	Ab5	60	80	0	0	488	P1-31-4	0	-
410	42.246094	42.750000	C5	49	80	0	0	488	P1-31-3	0	-
411	42.644531	42.759115	Ab4	34	80	0	0	492	P1-31-13	0	-
412	42.648438	42.789062	C4	28	80	0	0	492	P1-31-11	0	-
413	42.667969	42.750000	Eb4	28	80	0	0	492	P1-31-12	0	-
414	42.932292	42.977865	Db3	56	80	0	0	496	P1-32-11	0	-
415	42.983073	43.065104	Eb5	54	80	0	0	496	P1-32-1	0	-
416	42.985677	43.128906	G5	58	80	0	0	496	P1-32-2	0	-
417	43.104167	43.183594	F5	62	80	0	0	498	P1-32-4	0	-
418	43.134115	43.177083	Db5	49	80	0	0	498	P1-32-3	0	-
419	43.273438	43.332031	F4	51	80	0	0	500	P1-32-13	0	-
420	43.279948	43.378906	E5	60	80	0	0	500	P1-32-6	0	-
421	43.282552	43.333333	C5	58	80	0	0	500	P1-32-5	0	-
422	43.282552	43.334635	Db4	51	80	0	0	500	P1-32-12	0	-
423	43.412760	43.454427	F5	60	80	0	0	502	P1-32-8	0	-
424	43.414062	43.454427	Db5	60	80	0	0	502	P1-32-7	0	-
425	43.623698	43.819010	F5	50	80	0	0	504	P1-32-10	0	-
426	43.625000	43.682292	Db3	41	80	0	0	504	P1-32-14	0	-
427	43.625000	44.039062	Db5	53	80	0	0	504	P1-32-9	0	-
428	43.997396	44.066406	F4	51	80	0	0	508	P1-32-16	0	-
429	44.032552	44.076823	Db4	46	80	0	0	508	P1-32-16	1	-
430	44.303385	44.406250	F5	63	80	0	0	512	P1-33-1	0	-
431	44.324219	44.449219	Db5	51	80	0	0	512	P1-33-8	0	-
432	44.328125	44.406250	G4	54	80	0	0	512	P1-33-7	0	-
433	44.330729	44.339844	Bb3	41	80	0	0	-1	*	3	-
434	44.332031	44.399740	Eb4	39	80	0	0	-1	*	3	-
435	44.338542	44.378906	Db4	39	80	0	0	508	P1-32-15	0	-
436	44.451823	44.502604	Eb5	71	80	0	0	514	P1-33-2	0	-
437	44.641927	44.695312	Db5	67	80	0	0	516	P1-33-3	0	-
438	44.644531	44.692708	G4	56	80	0	0	516	P1-33-9	0	-
439	44.649740	44.710938	Eb4	48	80	0	0	516	P1-33-17	0	-
440	44.664062	44.700521	Db4	32	80	0	0	516	P1-33-16	0	-
441	44.673177	44.718750	Bb3	33	80	0	0	516	P1-33-15	0	-
442	44.774740	45.309896	Eb5	56	80	0	0	516	P1-33-4	0	-
443	44.804688	44.861979	Ab4	57	80	0	0	518	P1-33-10	0	-
444	44.986979	45.259115	Bb4	71	80	0	0	520	P1-33-11	0	-
445	45.013021	45.145833	Db4	42	80	0	0	-1	*	3	-
446	45.036458	45.139323	Eb4	31	80	0	0	520	P1-33-18	1	-
447	45.037760	45.128906	Bb3	29	80	0	0	-1	*	3	-
448	45.335938	45.459635	Db5	56	80	0	0	524	P1-33-5	0	-
449	45.342448	45.404948	Ab4	46	80	0	0	524	P1-33-12	0	-
450	45.343750	45.406250	Db4	46	80	0	0	524	P1-33-20	0	-
451	45.352865	45.359375	Bb3	42	80	0	0	524	P1-33-19	0	-
452	45.385417	45.449219	Eb4	39	80	0	0	524	P1-33-21	0	-
453	45.464844	45.513021	G4	55	80	0	0	526	P1-33-13	0	-
454	45.648438	46.113281	Eb5	51	80	0	0	528	P1-34-3	0	-
455	45.665365	46.101562	C5	41	80	0	0	528	P1-34-2	0	-
456	45.669271	45.778646	Ab3	41	80	0	0	528	P1-34-7	0	-
457	45.671875	46.119792	Ab4	40	80	0	0	528	P1-34-1	0	-
458	45.674479	45.757812	C4	32	80	0	0	-1	*	3	-
459	46.033854	46.095052	Eb4	45	80	0	0	532	P1-34-9	0	-
460	46.337240	46.794271	Eb5	49	80	0	0	536	P1-34-6	0	-
461	46.343750	46.683594	Ab4	41	80	0	0	536	P1-34-4	0	-
462	46.346354	46.675781	C5	44	80	0	0	536	P1-34-5	0	-
463	46.372396	46.679688	Ab3	36	80	0	0	536	P1-34-10	0	-
464	46.726562	46.790365	Eb4	54	80	0	0	540	P1-34-12	0	-
465	46.736979	46.790365	C4	32	80	0	0	540	P1-34-11	0	-
466	47.127604	47.769531	E5	87	80	0	0	544	P1-35-4	0	-
467	47.153646	47.750000	C5	70	80	0	0	544	P1-35-3	0	-
468	47.165365	47.729167	G4	51	80	0	0	544	P1-35-1	0	-
469	47.174479	47.750000	C3	50	80	0	0	544	P1-35-10	0	-
470	47.180990	47.188802	Bb4	47	80	0	0	544	P1-35-2	0	-
471	47.589844	47.736979	E4	51	80	0	0	548	P1-35-12	0	-
472	47.611979	47.839844	C4	37	80	0	0	548	P1-35-11	0	-
473	47.890625	48.500000	E5	89	80	0	0	552	P1-35-8	0	-
474	47.898438	48.359375	C5	72	80	0	0	552	P1-35-7	0	-
475	47.903646	48.339844	G4	68	80	0	0	552	P1-35-5	0	-
476	47.904948	48.109375	Bb3	52	80	0	0	552	P1-35-13	1	-
477	48.286458	48.365885	E4	52	80	0	0	556	P1-35-15	0	-
478	48.294271	48.559896	Bb3	44	80	0	0	556	P1-35-14	1	-
479	48.424479	48.848958	F5	68	80	0	0	559	P1-35-9	0	-
480	48.506510	48.589844	E5	51	80	0	0	-1	*	3	-
481	48.544271	48.908854	Ab4	57	80	0	0	560	P1-36-7	0	-
482	48.545573	49.378906	C5	52	80	0	0	560	P1-36-8	0	-
483	48.656250	49.069010	C4	44	80	0	0	560	P1-36-11	1	-
484	48.661458	48.808594	G#3	47	80	0	0	-1	*	3	-
485	48.743490	48.949219	Ab5	92	80	0	0	560	P1-36-1	0	-
486	49.095052	49.299479	Ab5	68	80	0	0	564	P1-36-2	0	-
487	49.105469	49.188802	F4	38	80	0	0	564	P1-36-13	0	-
488	49.121094	49.192708	G#3	43	80	0	0	564	P1-36-12	1	-
489	49.126302	49.259115	Ab4	43	80	0	0	564	P1-36-9	0	-
490	49.252604	49.436198	G5	78	80	0	0	566	P1-36-3	0	-
491	49.273438	49.339844	F4	37	80	0	0	568	P1-36-14	1	-
492	49.445312	49.813802	F5	68	80	0	0	568	P1-36-4	0	-
493	49.475260	50.059896	G#4	44	80	0	0	572	P1-36-16	1	-
494	49.475260	49.829427	G#3	38	80	0	0	-1	*	3	-
495	49.481771	49.598958	C4	32	80	0	0	572	P1-36-15	0	-
496	49.861979	49.975260	Eb5	61	80	0	0	572	P1-36-5	0	-
497	50.001302	50.104167	Db5	58	80	0	0	574	P1-36-6	0	-
498	50.165365	50.699219	C5	54	80	0	0	576	P1-37-3	0	-
499	50.204427	50.598958	G4	41	80	0	0	576	P1-37-1	0	-
500	50.212240	50.699219	Bb4	46	80	0	0	576	P1-37-2	0	-
501	50.222656	50.416667	G3	38	80	0	0	576	*	3	-
502	50.226562	50.579427	C3	38	80	0	0	576	P1-37-9	0	-
503	50.644531	50.714844	C4	33	80	0	0	580	P1-37-10	0	-
504	50.644531	50.723958	E4	45	80	0	0	580	P1-37-11	0	-
505	50.933594	51.569010	E5	82	80	0	0	584	P1-37-7	0	-
506	50.970052	51.449219	C5	58	80	0	0	584	P1-37-6	0	-
507	50.983073	51.209635	C3	50	80	0	0	584	P1-37-12	0	-
508	50.984375	51.429688	G3	47	80	0	0	-1	*	3	-
509	50.985677	51.369792	G4	53	80	0	0	584	P1-37-4	0	-
510	51.332031	51.402344	E4	40	80	0	0	588	P1-37-14	0	-
511	51.343750	51.549479	Bb3	41	80	0	0	588	P1-37-13	1	-
512	51.446615	51.531250	F5	67	80	0	0	591	P1-37-8	0	-
513	51.566406	51.829427	Ab4	56	80	0	0	592	P1-38-7	0	-
514	51.582031	52.158854	C5	60	80	0	0	592	P1-38-8	0	-
515	51.647135	51.769531	F5	70	80	0	0	-1	*	3	-
516	51.653646	51.717448	G#3	50	80	0	0	-1	*	3	-
517	51.656250	51.709635	C4	48	80	0	0	592	P1-38-11	1	-
518	51.660156	51.889323	Ab5	88	80	0	0	592	P1-38-1	0	-
519	52.006510	52.279948	Ab5	77	80	0	0	596	P1-38-2	0	-
520	52.023438	52.139323	F4	48	80	0	0	596	P1-38-13	0	-
521	52.152344	52.315104	G5	65	80	0	0	598	P1-38-3	0	-
522	52.334635	52.450521	F5	68	80	0	0	600	P1-38-4	0	-
523	52.351562	52.699219	G#4	55	80	0	0	-1	*	3	-
524	52.363281	52.421875	F3	41	80	0	0	600	P1-38-14	0	-
525	52.641927	52.708333	F4	40	80	0	0	604	P1-38-16	0	-
526	52.667969	52.839844	Eb5	63	80	0	0	604	P1-38-5	0	-
527	52.682292	52.725260	C4	37	80	0	0	604	P1-38-15	0	-
528	52.795573	52.841146	Db5	67	80	0	0	606	P1-38-6	0	-
529	52.970052	53.496094	C5	58	80	0	0	608	P1-39-2	0	-
530	52.971354	53.410156	Ab4	62	80	0	0	608	P1-39-1	0	-
531	52.972656	53.069010	G#3	60	80	0	0	608	*	3	-
532	52.983073	53.031250	Ab2	58	80	0	0	608	P1-39-5	0	-
533	52.988281	53.035156	Eb3	62	80	0	0	608	*	3	-
534	53.352865	53.403646	C4	56	80	0	0	612	P1-39-7	0	-
535	53.354167	53.414062	Ab3	58	80	0	0	612	P1-39-6	0	-
536	53.690104	53.819010	A2	80	80	0	0	616	P1-39-8	0	-
537	53.708333	54.304688	C5	72	80	0	0	616	P1-39-4	0	-
538	53.714844	54.569010	Gb4	65	80	0	0	616	P1-39-3	0	-
539	54.111979	54.184896	C4	51	80	0	0	620	P1-39-10	0	-
540	54.135417	54.205729	Gb3	42	80	0	0	620	P1-39-9	0	-
541	54.364583	54.434896	Bb2	55	80	0	0	624	P1-40-12	0	-
542	54.492188	54.584635	C5	64	80	0	0	624	P1-40-1	0	-
543	54.497396	54.579427	F3	46	80	0	0	-1	*	3	-
544	54.503906	54.583333	F4	46	80	0	0	624	P1-40-11	0	-
545	54.644531	54.712240	Db5	62	80	0	0	626	P1-40-2	0	-
546	54.766927	54.815104	C#4	50	80	0	0	628	P1-40-14	1	-
547	54.773438	54.869792	Eb5	71	80	0	0	628	P1-40-3	0	-
548	54.776042	54.825521	F3	42	80	0	0	628	P1-40-13	0	-
549	54.871094	54.906250	Db5	67	80	0	0	630	P1-40-4	0	-
550	55.016927	55.065104	Db5	64	80	0	0	-1	*	3	-
551	55.075521	55.162760	Eb5	64	80	0	0	-1	*	3	-
552	55.102865	55.199219	F4	32	80	0	0	632	P1-40-5	0	-
553	55.147135	55.214844	Db5	70	80	0	0	632	P1-40-6	0	-
554	55.151042	55.223958	Db2	53	80	0	0	632	P1-40-15	0	-
555	55.511719	55.601562	C5	58	80	0	0	636	P1-40-8	0	-
556	55.518229	55.575521	Eb4	58	80	0	0	636	P1-40-7	0	-
557	55.644531	55.712240	Bb4	62	80	0	0	638	P1-40-10	0	-
558	55.795573	55.872396	Ab4	58	80	0	0	640	P1-41-2	0	-
559	55.796875	55.875000	C4	42	80	0	0	640	P1-41-1	0	-
560	55.833333	55.882812	Eb2	44	80	0	0	640	P1-41-13	0	-
561	56.171875	56.253906	Ab4	54	80	0	0	644	P1-41-4	0	-
562	56.174479	56.243490	Ab3	46	80	0	0	644	P1-41-15	0	-
563	56.182292	56.235677	C4	38	80	0	0	644	P1-41-3	0	-
564	56.183594	56.242188	Eb3	39	80	0	0	644	P1-41-14	0	-
565	56.192708	56.242188	Eb4	36	80	0	0	-1	*	3	-
566	56.433594	56.518229	Eb2	52	80	0	0	648	P1-41-16	0	-
567	56.536458	56.656250	Ab4	69	80	0	0	648	P1-41-6	0	-
568	56.539062	56.601562	C4	48	80	0	0	648	P1-41-5	0	-
569	56.686198	56.829427	Bb4	68	80	0	0	650	P1-41-8	0	-
570	56.733073	56.820312	Db4	47	80	0	0	650	P1-41-7	0	-
571	56.856771	56.973958	C5	62	80	0	0	652	P1-41-10	0	-
572	56.868490	57.049479	Eb4	59	80	0	0	652	P1-41-9	0	-
573	56.885417	56.899740	G2	40	80	0	0	652	P1-41-17	1	-
574	56.891927	57.000000	G3	44	80	0	0	652	P1-41-18	0	-
575	56.993490	57.132812	Bb4	63	80	0	0	654	P1-41-12	0	-
576	57.031250	57.070312	Db4	46	80	0	0	654	P1-41-11	0	-
577	57.160156	57.329427	Ab4	59	80	0	0	656	P1-42-2	0	-
578	57.182292	57.529948	C4	38	80	0	0	656	P1-42-1	0	-
579	57.191406	57.259115	Ab2	35	80	0	0	656	P1-42-5	0	-
580	57.335938	57.389323	Ab4	48	80	0	0	-1	*	3	-
581	57.528646	57.593750	Eb3	43	80	0	0	660	P1-42-6	0	-
582	57.532552	57.658854	G#4	44	80	0	0	-1	*	3	-
583	57.533854	57.602865	Ab3	44	80	0	0	660	P1-42-7	0	-
584	57.537760	57.623698	C4	35	80	0	0	-1	*	3	-
585	57.846354	58.489583	Ab4	47	80	0	0	664	P1-42-4	0	-
586	57.852865	58.104167	C4	33	80	0	0	664	P1-42-3	0	-
587	57.893229	58.044271	Ab2	23	80	0	0	664	P1-42-8	0	-
588	58.333333	58.549479	Ab3	32	80	0	0	668	P1-42-10	0	-
589	58.360677	58.500000	Eb3	29	80	0	0	668	P1-42-9	0	-
590	58.660156	59.209635	C3	61	80	0	0	672	P1-43-10	0	-
591	58.703125	59.229167	E5	79	80	0	0	672	P1-43-4	0	-
592	58.716146	59.199219	C5	69	80	0	0	672	P1-43-3	0	-
593	58.743490	59.209635	G4	55	80	0	0	672	P1-43-1	0	-
594	58.751302	59.209635	Bb4	56	80	0	0	672	P1-43-2	0	-
595	59.131510	59.289062	C4	52	80	0	0	676	P1-43-11	0	-
596	59.132812	59.269531	E4	40	80	0	0	676	P1-43-12	0	-
597	59.404948	59.949219	E5	82	80	0	0	680	P1-43-8	0	-
598	59.414062	59.878906	C5	71	80	0	0	680	P1-43-7	0	-
599	59.419271	59.658854	G4	69	80	0	0	680	P1-43-5	0	-
600	59.427083	59.516927	C3	54	80	0	0	680	P1-43-13	0	-
601	59.434896	59.449219	E4	59	80	0	0	-1	*	3	-
602	59.442708	59.679688	Bb4	64	80	0	0	680	P1-43-6	0	-
603	59.763021	59.833333	E4	47	80	0	0	684	P1-43-15	0	-
604	59.783854	60.089844	C4	39	80	0	0	684	P1-43-14	0	-
605	59.783854	59.889323	Bb4	44	80	0	0	-1	*	3	-
606	59.794271	59.799479	Bb3	40	80	0	0	-1	*	3	-
607	59.895833	60.309896	F5	74	80	0	0	687	P1-43-9	0	-
608	60.042969	60.289062	Ab4	58	80	0	0	688	P1-44-7	0	-
609	60.050781	60.429688	C5	51	80	0	0	688	P1-44-8	0	-
610	60.082031	60.179688	C3	50	80	0	0	688	P1-44-11	0	-
611	60.096354	60.489583	C4	46	80	0	0	-1	*	3	-
612	60.105469	60.329427	Ab5	91	80	0	0	688	P1-44-1	0	-
613	60.425781	60.566406	Ab5	73	80	0	0	692	P1-44-2	0	-
614	60.438802	60.769531	C5	52	80	0	0	692	P1-44-10	0	-
615	60.441406	60.519531	F4	54	80	0	0	692	P1-44-13	0	-
616	60.570312	60.736979	G5	73	80	0	0	694	P1-44-3	0	-
617	60.744792	61.179688	F5	68	80	0	0	696	P1-44-4	0	-
618	60.774740	60.819010	C5	47	80	0	0	-1	*	3	-
619	60.782552	60.989583	G#4	50	80	0	0	-1	*	3	-
620	60.783854	60.835938	C3	47	80	0	0	696	P1-44-14	0	-
621	61.122396	61.174479	F4	44	80	0	0	700	P1-44-16	0	-
622	61.125000	61.203125	Eb5	59	80	0	0	700	P1-44-5	0	-
623	61.132812	61.194010	G#4	52	80	0	0	-1	*	3	-
624	61.143229	61.239583	C4	35	80	0	0	700	P1-44-15	0	-
625	61.256510	61.312500	Db5	67	80	0	0	702	P1-44-6	0	-
626	61.454427	62.069010	C5	63	80	0	0	704	P1-45-3	0	-
627	61.494792	61.799479	C3	42	80	0	0	704	P1-45-9	0	-
628	61.502604	61.623698	G3	36	80	0	0	704	P1-45-1	1	-
629	61.505208	62.019531	Bb4	44	80	0	0	704	P1-45-2	0	-
630	61.884115	61.983073	E4	56	80	0	0	708	P1-45-11	0	-
631	61.915365	62.079427	C4	32	80	0	0	708	P1-45-10	0	-
632	61.933594	62.079427	G3	32	80	0	0	-1	*	3	-
633	62.179688	62.859375	E5	84	80	0	0	712	P1-45-7	0	-
634	62.212240	62.639323	C5	65	80	0	0	712	P1-45-6	0	-
635	62.214844	62.479167	C3	50	80	0	0	712	P1-45-12	0	-
636	62.227865	62.529948	Bb4	53	80	0	0	712	P1-45-5	0	-
637	62.537760	62.598958	E4	50	80	0	0	716	P1-45-14	0	-
638	62.559896	62.688802	C4	34	80	0	0	716	P1-45-13	0	-
639	62.566406	62.579427	E3	38	80	0	0	-1	*	3	-
640	62.727865	62.937500	F5	69	80	0	0	719	P1-45-8	0	-
641	62.872396	63.139323	Ab5	84	80	0	0	720	P1-46-1	0	-
642	62.882812	62.942708	C3	54	80	0	0	720	P1-46-11	0	-
643	62.901042	63.276042	C5	58	80	0	0	720	P1-46-8	0	-
644	63.213542	63.273438	F4	43	80	0	0	724	P1-46-13	0	-
645	63.213542	63.356771	Ab5	75	80	0	0	724	P1-46-2	0	-
646	63.222656	63.285156	C4	40	80	0	0	724	P1-46-12	0	-
647	63.373698	63.528646	G5	63	80	0	0	726	P1-46-3	0	-
648	63.541667	63.790365	F5	57	80	0	0	728	P1-46-4	0	-
649	63.542969	63.656250	F3	40	80	0	0	728	P1-46-14	0	-
650	63.563802	64.029948	G#4	39	80	0	0	-1	*	3	-
651	63.902344	63.958333	Eb5	54	80	0	0	732	P1-46-5	0	-
652	63.917969	63.962240	C4	34	80	0	0	732	P1-46-15	0	-
653	64.029948	64.074219	Db5	67	80	0	0	734	P1-46-6	0	-
654	64.217448	64.609375	C5	65	80	0	0	736	P1-47-2	0	-
655	64.222656	64.579427	Ab2	69	80	0	0	736	P1-47-5	0	-
656	64.597656	64.636719	C4	43	80	0	0	740	P1-47-7	0	-
657	64.604167	64.647135	Ab3	49	80	0	0	740	P1-47-6	0	-
658	64.963542	65.309896	A2	60	80	0	0	744	P1-47-8	0	-
659	64.967448	65.509115	C5	53	80	0	0	744	P1-47-4	0	-
660	64.972656	65.309896	Gb4	50	80	0	0	744	P1-47-3	0	-
661	65.391927	65.529948	C4	47	80	0	0	748	P1-47-10	0	-
662	65.394531	65.598958	Gb3	44	80	0	0	748	P1-47-9	0	-
663	65.401042	65.628906	F#4	39	80	0	0	-1	*	3	-
664	65.675781	65.752604	Bb2	53	80	0	0	752	P1-48-12	0	-
665	65.731771	65.778646	C5	62	80	0	0	752	P1-48-1	0	-
666	65.889323	65.932292	Db5	66	80	0	0	754	P1-48-2	0	-
667	66.023438	66.070312	C#4	50	80	0	0	756	P1-48-14	1	-
668	66.039062	66.075521	F3	42	80	0	0	756	P1-48-13	0	-
669	66.045573	66.123698	Eb5	61	80	0	0	756	P1-48-3	0	-
670	66.177083	66.216146	Db5	61	80	0	0	758	P1-48-4	0	-
671	66.324219	66.394531	Eb5	52	80	0	0	-1	*	3	-
672	66.346354	66.500000	F4	31	80	0	0	760	P1-48-5	0	-
673	66.385417	66.437500	Db5	59	80	0	0	760	P1-48-6	0	-
674	66.389323	66.444010	Db2	58	80	0	0	760	P1-48-15	0	-
675	66.734375	66.809896	F3	35	80	0	0	764	P1-48-17	0	-
676	66.747396	66.759115	Db3	45	80	0	0	764	P1-48-16	0	-
677	66.761719	66.833333	C5	51	80	0	0	764	P1-48-8	0	-
678	66.765625	66.832031	Eb4	51	80	0	0	764	P1-48-7	0	-
679	66.770833	66.822917	G#4	46	80	0	0	-1	*	3	-
680	66.886719	66.994792	Bb4	58	80	0	0	766	P1-48-10	0	-
681	66.949219	66.986979	Db4	33	80	0	0	766	P1-48-9	0	-
682	67.027344	67.093750	Ab4	62	80	0	0	768	P1-49-2	0	-
683	67.063802	67.118490	Eb2	43	80	0	0	768	P1-49-13	0	-
684	67.423177	67.514323	Ab4	50	80	0	0	772	P1-49-4	0	-
685	67.432292	67.513021	Ab3	42	80	0	0	772	P1-49-15	0	-
686	67.432292	67.498698	C4	39	80	0	0	772	P1-49-3	0	-
687	67.442708	67.505208	Eb3	34	80	0	0	772	P1-49-14	0	-
688	67.761719	67.812500	Eb2	42	80	0	0	776	P1-49-16	0	-
689	67.785156	67.834635	C4	36	80	0	0	776	P1-49-5	0	-
690	67.790365	67.876302	Ab4	49	80	0	0	776	P1-49-6	0	-
691	67.945312	68.097656	Bb4	59	80	0	0	778	P1-49-8	0	-
692	67.985677	68.065104	Db4	34	80	0	0	778	P1-49-7	0	-
693	68.135417	68.273438	C5	57	80	0	0	780	P1-49-10	0	-
694	68.136719	68.212240	Eb4	53	80	0	0	780	P1-49-9	0	-
695	68.161458	68.169271	G2	35	80	0	0	780	P1-49-17	1	-
696	68.173177	68.222656	G3	34	80	0	0	780	P1-49-18	0	-
697	68.304688	68.417969	Bb4	45	80	0	0	782	P1-49-12	0	-
698	68.309896	68.375000	Db4	46	80	0	0	782	P1-49-11	0	-
699	68.493490	68.882812	Ab4	47	80	0	0	784	P1-50-2	0	-
700	68.501302	68.576823	Ab2	34	80	0	0	784	P1-50-6	0	-
701	68.503906	68.976562	C4	36	80	0	0	784	P1-50-1	0	-
702	68.894531	68.964844	Ab3	36	80	0	0	788	P1-50-8	0	-
703	68.933594	68.975260	Eb3	19	80	0	0	788	P1-50-7	0	-
704	69.252604	69.979167	Ab4	50	80	0	0	792	P1-50-4	0	-
705	69.260417	70.089844	C4	36	80	0	0	792	P1-50-3	0	-
706	69.287760	69.368490	Ab2	27	80	0	0	792	P1-50-9	0	-
707	69.289062	69.419271	Eb4	24	80	0	0	-1	*	3	-
708	69.763021	69.834635	Eb3	38	80	0	0	796	P1-50-10	0	-
709	70.139323	70.195312	Eb3	49	80	0	0	-1	*	3	-
710	70.148438	70.209635	Bb4	57	80	0	0	799	P1-50-5	0	-
711	70.160156	70.216146	F3	40	80	0	0	800	P1-51-8	0	-
712	70.175781	70.279948	Ab4	53	80	0	0	800	P1-51-1	0	-
713	70.175781	70.239583	F4	39	80	0	0	-1	*	3	-
714	70.544271	70.613281	F4	44	80	0	0	804	P1-51-10	0	-
715	70.545573	70.623698	Ab4	54	80	0	0	804	P1-51-2	0	-
716	70.553385	70.618490	C4	39	80	0	0	804	P1-51-9	0	-
717	70.675781	70.726562	Bb4	50	80	0	0	806	P1-51-3	0	-
718	70.813802	70.875000	Ab4	54	80	0	0	808	P1-51-4	0	-
719	70.824219	70.908854	F4	34	80	0	0	-1	*	3	-
720	70.825521	70.876302	F3	39	80	0	0	808	P1-51-11	0	-
721	71.178385	71.234375	G4	52	80	0	0	812	P1-51-5	0	-
722	71.183594	71.234375	E4	48	80	0	0	812	P1-51-13	0	-
723	71.406250	71.968750	Ab4	51	80	0	0	814	P1-51-6	0	-
724	71.453125	71.493490	Bb4	55	80	0	0	815	P1-51-7	0	-
725	71.507812	71.964844	C5	65	80	0	0	816	P1-52-2	0	-
726	71.524740	71.598958	F3	39	80	0	0	816	P1-52-8	0	-
727	71.855469	71.917969	F4	51	80	0	0	820	P1-52-10	0	-
728	71.863281	71.915365	C4	46	80	0	0	820	P1-52-9	0	-
729	72.092448	72.688802	Ab4	48	80	0	0	822	P1-52-5	0	-
730	72.156250	72.204427	Bb4	60	80	0	0	823	P1-52-6	0	-
731	72.204427	72.378906	F3	44	80	0	0	824	P1-52-11	0	-
732	72.213542	72.660156	C5	65	80	0	0	824	P1-52-4	0	-
733	72.557292	72.631510	F4	53	80	0	0	828	P1-52-13	0	-
734	72.558594	72.608073	C4	56	80	0	0	828	P1-52-12	0	-
735	72.833333	72.884115	Bb4	69	80	0	0	831	P1-52-7	0	-
736	72.876302	72.938802	Ab4	72	80	0	0	832	P1-53-1	0	-
737	72.884115	72.937500	F3	51	80	0	0	832	P1-53-9	0	-
738	73.235677	73.299479	F4	45	80	0	0	836	P1-53-11	0	-
739	73.235677	73.289062	C4	42	80	0	0	836	P1-53-10	0	-
740	73.242188	73.342448	Ab4	50	80	0	0	836	P1-53-2	0	-
741	73.354167	73.403646	Bb4	60	80	0	0	838	P1-53-3	0	-
742	73.483073	73.554688	Ab4	64	80	0	0	840	P1-53-4	0	-
743	73.526042	73.580729	F3	37	80	0	0	840	P1-53-12	0	-
744	73.842448	73.898438	C5	62	80	0	0	844	P1-53-6	0	-
745	73.845052	73.897135	G4	64	80	0	0	844	P1-53-5	0	-
746	73.855469	73.901042	E4	53	80	0	0	844	P1-53-14	0	-
747	73.861979	73.902344	C4	44	80	0	0	844	P1-53-13	0	-
748	74.132812	74.194010	C5	60	80	0	0	847	P1-53-8	0	-
749	74.184896	74.714844	F5	54	80	0	0	848	P1-54-2	0	-
750	74.187500	74.269531	F3	53	80	0	0	848	P1-54-7	0	-
751	74.192708	74.714844	Ab4	60	80	0	0	848	P1-54-1	0	-
752	74.565104	74.626302	C4	39	80	0	0	852	P1-54-8	0	-
753	74.566406	74.657552	F4	35	80	0	0	852	P1-54-9	0	-
754	74.824219	74.907552	C5	64	80	0	0	855	P1-54-5	0	-
755	74.867188	75.438802	F5	67	80	0	0	856	P1-54-4	0	-
756	74.886719	74.968750	F3	53	80	0	0	856	P1-54-10	0	-
757	74.904948	75.292969	Ab4	55	80	0	0	856	P1-54-3	0	-
758	75.225260	75.283854	F4	46	80	0	0	860	P1-54-12	0	-
759	75.235677	75.287760	C4	51	80	0	0	860	P1-54-11	0	-
760	75.503906	75.699219	Gb5	61	80	0	0	863	P1-54-6	0	-
761	75.552083	75.647135	Ab4	73	80	0	0	864	P1-55-6	0	-
762	75.553385	75.559896	Db3	61	80	0	0	864	P1-55-10	0	-
763	75.554688	75.643229	F5	66	80	0	0	864	P1-55-1	0	-
764	75.872396	75.878906	F4	53	80	0	0	868	P1-55-12	0	-
765	75.904948	76.128906	Ab4	69	80	0	0	868	P1-55-7	0	-
766	75.914062	76.031250	F5	63	80	0	0	868	P1-55-2	0	-
767	75.923177	75.971354	Db4	52	80	0	0	868	P1-55-11	0	-
768	76.044271	76.147135	Gb5	71	80	0	0	870	P1-55-3	0	-
769	76.213542	76.283854	A4	73	80	0	0	872	P1-55-8	0	-
770	76.214844	76.283854	F5	64	80	0	0	872	P1-55-4	0	-
771	76.216146	76.260417	C3	64	80	0	0	872	P1-55-13	0	-
772	76.580729	76.632812	F4	60	80	0	0	876	P1-55-16	0	-
773	76.584635	76.638021	F5	66	80	0	0	876	P1-55-5	0	-
774	76.585938	76.634115	A4	56	80	0	0	876	P1-55-9	0	-
775	76.600260	76.644531	C4	48	80	0	0	876	P1-55-14	0	-
776	76.602865	76.648438	Eb4	56	80	0	0	876	P1-55-15	0	-
777	76.602865	76.664062	F3	47	80	0	0	-1	*	3	-
778	76.963542	77.329427	F5	51	80	0	0	880	P1-56-1	0	-
779	76.964844	77.026042	Bb2	61	80	0	0	880	P1-56-7	0	-
780	77.320312	77.369792	Bb5	61	80	0	0	884	P1-56-2	0	-
781	77.332031	77.393229	F4	51	80	0	0	884	P1-56-10	0	-
782	77.334635	77.389323	Bb4	46	80	0	0	-1	*	3	-
783	77.361979	77.404948	Db4	37	80	0	0	884	P1-56-9	0	-
784	77.363281	77.410156	Bb3	35	80	0	0	884	P1-56-8	0	-
785	77.656250	77.929688	F5	60	80	0	0	888	P1-56-5	0	-
786	77.658854	77.735677	F3	41	80	0	0	888	P1-56-11	0	-
787	77.666667	77.889323	Ab4	47	80	0	0	888	P1-56-4	0	-
788	77.670573	77.779948	F4	42	80	0	0	-1	*	3	-
789	78.013021	78.074219	F4	42	80	0	0	892	P1-56-13	0	-
790	78.023438	78.085938	G#3	47	80	0	0	-1	*	3	-
791	78.044271	78.059896	D4	30	80	0	0	892	P1-56-12	1	-
792	78.337240	78.410156	C3	60	80	0	0	896	P1-57-16	0	-
793	78.376302	78.494792	C5	78	80	0	0	896	P1-57-2	0	-
794	78.397135	78.490885	Ab4	67	80	0	0	896	P1-57-1	0	-
795	78.523438	78.613281	Bb4	77	80	0	0	898	P1-57-4	0	-
796	78.533854	78.591146	G4	64	80	0	0	898	P1-57-3	0	-
797	78.684896	78.751302	F4	60	80	0	0	900	P1-57-18	0	-
798	78.687500	78.763021	Ab4	67	80	0	0	900	P1-57-6	0	-
799	78.694010	78.755208	G#3	60	80	0	0	900	*	3	-
800	78.697917	78.752604	C4	51	80	0	0	900	P1-57-17	0	-
801	78.825521	78.904948	Bb4	71	80	0	0	902	P1-57-8	0	-
802	78.864583	79.057292	G4	61	80	0	0	902	P1-57-7	0	-
803	79.006510	79.148438	C5	77	80	0	0	904	P1-57-9	0	-
804	79.014323	79.141927	Ab4	71	80	0	0	904	P1-57-13	0	-
805	79.024740	79.075521	C3	60	80	0	0	904	P1-57-19	0	-
806	79.156250	79.209635	Db5	74	80	0	0	906	P1-57-10	0	-
807	79.321615	79.407552	C5	63	80	0	0	908	P1-57-11	0	-
808	79.339844	79.398438	G4	53	80	0	0	908	P1-57-14	0	-
809	79.343750	79.393229	C4	48	80	0	0	908	P1-57-20	0	-
810	79.346354	79.395833	E4	51	80	0	0	908	P1-57-21	0	-
811	79.354167	79.402344	Bb3	47	80	0	0	-1	*	3	-
812	79.466146	79.589844	E5	67	80	0	0	910	P1-57-12	0	-
813	79.638021	80.339844	F5	60	80	0	0	912	P1-58-3	0	-
814	79.664062	80.049479	F4	47	80	0	0	-1	*	3	-
815	79.665365	80.169271	Ab4	54	80	0	0	912	P1-58-1	0	-
816	79.673177	79.734375	F3	44	80	0	0	912	P1-58-8	0	-
817	80.045573	80.109375	F3	26	80	0	0	-1	*	3	-
818	80.055990	80.158854	F4	27	80	0	0	916	P1-58-10	0	-
819	80.057292	80.118490	G#3	30	80	0	0	-1	*	3	-
820	80.061198	80.122396	C4	29	80	0	0	916	P1-58-9	0	-
821	80.354167	80.848958	F5	54	80	0	0	920	P1-58-6	0	-
822	80.356771	80.484375	Ab4	44	80	0	0	920	P1-58-4	0	-
823	80.364583	80.649740	C5	49	80	0	0	920	P1-58-5	0	-
824	80.364583	80.539062	F3	43	80	0	0	920	P1-58-11	0	-
825	80.371094	80.500000	F4	40	80	0	0	-1	*	3	-
826	80.751302	80.805990	F4	42	80	0	0	924	P1-58-13	0	-
827	80.773438	80.889323	G#3	39	80	0	0	-1	*	3	-
828	80.773438	80.821615	C4	37	80	0	0	924	P1-58-12	0	-
829	81.072917	81.609375	Ab5	87	80	0	0	927	P1-58-7	0	-
830	81.104167	81.479167	E5	53	80	0	0	928	P1-59-6	0	-
831	81.147135	81.509115	G5	69	80	0	0	928	P1-59-1	0	-
832	81.238281	81.304688	Bb2	67	80	0	0	928	P1-59-9	0	-
833	81.630208	81.759115	G5	80	80	0	0	932	P1-59-2	0	-
834	81.631510	81.639323	Bb4	64	80	0	0	932	*	3	-
835	81.634115	82.000000	E5	67	80	0	0	932	P1-59-7	0	-
836	81.643229	81.701823	Db4	56	80	0	0	932	P1-59-11	0	-
837	81.644531	81.649740	C#5	64	80	0	0	932	*	3	-
838	81.651042	81.703125	Bb3	56	80	0	0	932	P1-59-10	0	-
839	81.752604	82.000000	Ab5	82	80	0	0	934	P1-59-3	0	-
840	81.914062	82.139323	G5	82	80	0	0	936	P1-59-4	0	-
841	81.936198	82.029948	Bb2	49	80	0	0	936	P1-59-12	0	-
842	82.278646	82.683594	G5	88	80	0	0	940	P1-59-5	0	-
843	82.296875	82.354167	Db4	52	80	0	0	940	P1-59-14	0	-
844	82.313802	82.429688	Bb3	50	80	0	0	940	P1-59-13	0	-
845	82.322917	82.839844	E5	56	80	0	0	940	P1-59-8	0	-
846	82.657552	83.348958	Bb5	78	80	0	0	944	P1-60-1	0	-
847	82.657552	82.778646	B2	57	80	0	0	944	P1-60-8	0	-
848	82.726562	83.319010	F5	43	80	0	0	944	P1-60-5	0	-
849	83.066406	83.209635	D4	48	80	0	0	948	P1-60-10	0	-
850	83.105469	84.079427	Ab5	69	80	0	0	948	P1-60-2	0	-
851	83.111979	83.269531	Bb3	44	80	0	0	948	P1-60-9	1	-
852	83.481771	83.598958	B2	52	80	0	0	952	P1-60-11	0	-
853	83.890625	84.029948	D4	49	80	0	0	956	P1-60-13	0	-
854	83.903646	84.149740	G5	52	80	0	0	956	P1-60-3	0	-
855	83.904948	84.029948	B3	44	80	0	0	956	P1-60-12	0	-
856	84.036458	84.279948	F5	54	80	0	0	958	P1-60-4	0	-
857	84.246094	84.299479	Db5	61	80	0	0	959	P1-60-7	0	-
858	84.253906	84.302083	C3	48	80	0	0	960	P1-61-11	0	-
859	84.272135	84.329427	C4	48	80	0	0	960	P1-61-6	1	-
860	84.276042	84.325521	C5	54	80	0	0	960	P1-61-1	0	-
861	84.595052	84.677083	F4	50	80	0	0	964	P1-61-13	0	-
862	84.622396	84.694010	C5	58	80	0	0	964	P1-61-2	0	-
863	84.622396	84.889323	Ab4	52	80	0	0	964	P1-61-7	0	-
864	84.634115	84.889323	G#3	41	80	0	0	-1	*	3	-
865	84.635417	84.718750	C4	34	80	0	0	964	P1-61-12	0	-
866	84.734375	84.869792	Db5	52	80	0	0	966	P1-61-3	0	-
867	84.858073	84.911458	C5	58	80	0	0	968	P1-61-4	0	-
868	84.886719	84.933594	C3	44	80	0	0	968	P1-61-14	0	-
869	85.230469	85.283854	G4	56	80	0	0	972	P1-61-8	0	-
870	85.231771	85.389323	E5	56	80	0	0	972	P1-61-5	0	-
871	85.238281	85.286458	C4	45	80	0	0	972	P1-61-15	0	-
872	85.239583	85.292969	E4	54	80	0	0	972	P1-61-16	0	-
873	85.244792	85.302083	C5	46	80	0	0	972	P1-61-10	0	-
874	85.588542	86.179688	F5	64	80	0	0	976	P1-62-3	0	-
875	85.589844	85.641927	F4	58	80	0	0	-1	*	3	-
876	85.593750	85.639323	F3	57	80	0	0	976	P1-62-8	0	-
877	85.593750	86.063802	C5	56	80	0	0	976	P1-62-2	0	-
878	85.600260	86.072917	Ab4	55	80	0	0	976	P1-62-1	0	-
879	85.997396	86.063802	F4	37	80	0	0	980	P1-62-10	0	-
880	86.000000	86.050781	C4	40	80	0	0	980	P1-62-9	0	-
881	86.304688	86.869792	F5	61	80	0	0	984	P1-62-6	0	-
882	86.329427	86.779948	C5	56	80	0	0	984	P1-62-5	0	-
883	86.333333	86.759115	Ab4	55	80	0	0	984	P1-62-4	0	-
884	86.333333	86.750000	F3	51	80	0	0	984	P1-62-11	0	-
885	86.704427	86.755208	F4	36	80	0	0	988	P1-62-13	0	-
886	86.727865	86.809896	C4	38	80	0	0	988	P1-62-12	0	-
887	87.027344	87.128906	Ab5	62	80	0	0	991	P1-62-7	0	-
888	87.055990	87.179688	E5	46	80	0	0	992	P1-63-6	0	-
889	87.074219	87.188802	G5	59	80	0	0	992	P1-63-1	0	-
890	87.074219	87.143229	Bb2	55	80	0	0	992	P1-63-9	0	-
891	87.441406	87.514323	Db4	54	80	0	0	996	P1-63-11	0	-
892	87.445312	87.631510	E5	53	80	0	0	996	P1-63-7	0	-
893	87.454427	87.515625	Bb3	52	80	0	0	996	P1-63-10	0	-
894	87.454427	87.459635	Bb4	49	80	0	0	996	*	3	-
895	87.459635	87.468750	G4	44	80	0	0	996	*	3	-
896	87.467448	87.598958	G5	48	80	0	0	996	P1-63-2	0	-
897	87.475260	87.528646	Eb3	31	80	0	0	996	*	3	-
898	87.595052	87.671875	Ab5	62	80	0	0	998	P1-63-3	0	-
899	87.770833	87.825521	Bb2	55	80	0	0	1000	P1-63-12	0	-
900	87.776042	87.832031	G5	52	80	0	0	1000	P1-63-4	0	-
901	88.139323	88.243490	E5	43	80	0	0	1004	P1-63-8	0	-
902	88.164062	88.235677	G5	44	80	0	0	1004	P1-63-5	0	-
903	88.164062	88.218750	Db4	38	80	0	0	1004	P1-63-14	0	-
904	88.170573	88.221354	Bb3	40	80	0	0	1004	P1-63-13	0	-
905	88.531250	89.009115	Bb5	61	80	0	0	1008	P1-64-1	0	-
906	88.545573	88.595052	B2	49	80	0	0	1008	P1-64-8	0	-
907	88.546875	89.229167	F5	47	80	0	0	1008	P1-64-5	0	-
908	88.549479	88.669271	B3	47	80	0	0	1008	*	3	-
909	88.963542	89.739583	Ab5	60	80	0	0	1012	P1-64-2	0	-
910	88.973958	89.035156	B3	45	80	0	0	1012	P1-64-9	0	-
911	88.985677	89.037760	D4	47	80	0	0	1012	P1-64-10	0	-
912	89.348958	89.468750	B2	56	80	0	0	1016	P1-64-11	0	-
913	89.746094	89.959635	G5	53	80	0	0	1020	P1-64-3	0	-
914	89.774740	89.824219	D4	34	80	0	0	1020	P1-64-13	0	-
915	89.776042	89.859375	B3	40	80	0	0	1020	P1-64-12	0	-
916	89.915365	90.059896	F5	54	80	0	0	1022	P1-64-4	0	-
917	89.925781	90.000000	D5	41	80	0	0	1023	P1-64-7	0	-
918	90.131510	90.255208	C3	47	80	0	0	1024	P1-65-11	0	-
919	90.148438	90.270833	A3	47	80	0	0	-1	*	3	-
920	90.161458	90.261719	C4	49	80	0	0	-1	*	3	-
921	90.166667	90.247396	D5	57	80	0	0	-1	*	3	-
922	90.207031	90.289062	A4	54	80	0	0	1024	P1-65-8	0	-
923	90.216146	90.265625	C5	66	80	0	0	1024	P1-65-1	0	-
924	90.595052	90.643229	C4	44	80	0	0	1028	P1-65-12	0	-
925	90.595052	90.649740	F4	47	80	0	0	1028	P1-65-13	0	-
926	90.595052	90.653646	C5	59	80	0	0	1028	P1-65-2	0	-
927	90.721354	90.783854	D5	62	80	0	0	1030	P1-65-3	0	-
928	90.894531	90.959635	C5	56	80	0	0	1032	P1-65-4	0	-
929	90.906250	90.968750	A4	50	80	0	0	-1	*	3	-
930	90.920573	90.954427	C3	38	80	0	0	1032	P1-65-14	0	-
931	90.923177	90.929688	C4	38	80	0	0	-1	*	3	-
932	91.264323	91.309896	E4	65	80	0	0	1036	P1-65-16	0	-
933	91.265625	91.305990	C4	58	80	0	0	1036	P1-65-15	0	-
934	91.272135	91.369792	D5	64	80	0	0	1036	P1-65-5	0	-
935	91.276042	91.589844	Bb4	64	80	0	0	1036	P1-65-10	0	-
936	91.591146	91.638021	D5	61	80	0	0	1039	P1-65-7	0	-
937	91.617188	91.665365	A4	60	80	0	0	1040	P1-66-8	0	-
938	91.621094	91.656250	C3	59	80	0	0	1040	P1-66-11	0	-
939	91.626302	91.687500	C5	61	80	0	0	1040	P1-66-1	0	-
940	91.968750	92.040365	F4	55	80	0	0	1044	P1-66-13	0	-
941	91.994792	92.069010	F3	48	80	0	0	1044	*	3	-
942	91.994792	92.378906	A4	65	80	0	0	1044	P1-66-9	0	-
943	91.996094	92.092448	C5	70	80	0	0	1044	P1-66-2	0	-
944	91.997396	92.037760	C4	54	80	0	0	1044	P1-66-12	0	-
945	92.003906	92.019531	Eb3	46	80	0	0	1044	*	3	-
946	92.144531	92.222656	D5	67	80	0	0	1046	P1-66-3	0	-
947	92.313802	92.354167	C5	70	80	0	0	1048	P1-66-4	0	-
948	92.315104	92.378906	C3	44	80	0	0	1048	P1-66-14	0	-
949	92.664062	92.747396	D5	54	80	0	0	1052	P1-66-5	0	-
950	92.682292	92.730469	E4	55	80	0	0	1052	P1-66-16	0	-
951	92.686198	92.739583	Bb4	51	80	0	0	1052	P1-66-10	0	-
952	92.703125	92.738281	C4	41	80	0	0	1052	P1-66-15	0	-
953	93.005208	93.072917	D5	54	80	0	0	1055	P1-66-7	0	-
954	93.006510	93.053385	Bb4	57	80	0	0	-1	*	3	-
955	93.050781	93.102865	C5	74	80	0	0	1056	P1-67-1	0	-
956	93.055990	93.114583	C3	46	80	0	0	1056	P1-67-9	0	-
957	93.061198	93.115885	A4	64	80	0	0	1056	P1-67-6	0	-
958	93.389323	93.476562	F4	56	80	0	0	1060	P1-67-11	0	-
959	93.391927	94.089844	A4	72	80	0	0	1060	P1-67-7	0	-
960	93.417969	93.460938	F3	50	80	0	0	-1	*	3	-
961	93.420573	93.454427	C4	52	80	0	0	1060	P1-67-10	0	-
962	93.584635	93.723958	D5	60	80	0	0	1062	P1-67-3	0	-
963	93.734375	93.804688	C5	62	80	0	0	1064	P1-67-4	0	-
964	93.752604	93.791667	C3	42	80	0	0	1064	P1-67-12	0	-
965	94.130208	94.531250	Bb4	64	80	0	0	1068	P1-67-8	0	-
966	94.154948	94.279948	E5	45	80	0	0	1068	P1-67-5	0	-
967	94.156250	94.204427	G4	44	80	0	0	1068	P1-67-14	0	-
968	94.164062	94.205729	C4	40	80	0	0	1068	P1-67-13	0	-
969	94.555990	95.128906	F5	58	80	0	0	1072	P1-68-2	0	-
970	94.557292	95.101562	A4	51	80	0	0	1072	P1-68-1	0	-
971	94.592448	94.694010	F2	39	80	0	0	1072	P1-68-6	0	-
972	94.938802	95.024740	A3	40	80	0	0	1076	P1-68-8	1	-
973	94.975260	95.039062	C4	41	80	0	0	1076	*	3	-
974	94.977865	95.048177	C3	52	80	0	0	1076	P1-68-7	0	-
975	95.298177	95.533854	F5	59	80	0	0	1080	P1-68-4	0	-
976	95.302083	95.908854	A4	50	80	0	0	1080	P1-68-3	0	-
977	95.304688	95.378906	F2	49	80	0	0	1080	P1-68-9	0	-
978	95.673177	95.743490	A3	36	80	0	0	1084	P1-68-11	1	-
979	95.674479	95.743490	C3	37	80	0	0	1084	P1-68-10	0	-
980	95.927083	96.250000	F2	46	80	0	0	1088	P1-69-9	0	-
981	95.929688	95.989583	C3	47	80	0	0	-1	*	3	-
982	96.005208	96.169271	D5	69	80	0	0	1087	P1-68-5	0	-
983	96.075521	96.368490	C5	83	80	0	0	1088	P1-69-1	0	-
984	96.135417	96.352865	A4	58	80	0	0	1088	P1-69-6	0	-
985	96.496094	96.609375	C3	49	80	0	0	1092	P1-69-10	0	-
986	96.515625	96.670573	C5	75	80	0	0	1092	P1-69-2	0	-
987	96.553385	96.639323	A4	55	80	0	0	1092	P1-69-7	0	-
988	96.653646	96.878906	D5	78	80	0	0	1094	P1-69-3	0	-
989	96.800781	97.259115	C5	73	80	0	0	1096	P1-69-4	0	-
990	96.821615	97.029948	F2	52	80	0	0	1096	P1-69-12	0	-
991	96.825521	97.010417	A4	64	80	0	0	-1	*	3	-
992	97.218750	97.438802	A4	80	80	0	0	1100	P1-69-5	0	-
993	97.246094	97.489583	F4	55	80	0	0	1100	P1-69-8	0	-
994	97.250000	97.938802	C3	49	80	0	0	1100	P1-69-13	0	-
995	97.253906	97.325521	C4	53	80	0	0	1100	P1-69-14	1	-
996	97.253906	97.438802	F2	47	80	0	0	-1	*	3	-
997	97.704427	98.304688	Bb4	68	80	0	0	1104	P1-70-2	0	-
998	97.709635	98.022135	F2	39	80	0	0	1104	P1-70-6	0	-
999	97.757812	98.069010	Bb3	41	80	0	0	-1	*	3	-
1000	97.761719	98.899740	E4	44	80	0	0	1104	P1-70-1	0	-
1001	98.192708	98.389323	G3	36	80	0	0	1108	P1-70-8	0	-
1002	98.194010	98.339844	Bb3	40	80	0	0	-1	*	3	-
1003	98.194010	98.579427	C3	40	80	0	0	1108	P1-70-7	0	-
1004	98.492188	98.908854	Bb4	68	80	0	0	1112	P1-70-4	0	-
1005	98.533854	98.809896	Bb3	38	80	0	0	1112	P1-70-3	1	-
1006	98.533854	98.968750	F2	33	80	0	0	1112	P1-70-9	0	-
1007	98.899740	98.968750	Bb3	42	80	0	0	-1	*	3	-
1008	98.903646	99.029948	G3	38	80	0	0	1116	P1-70-11	0	-
1009	98.904948	99.158854	C3	43	80	0	0	1116	P1-70-10	0	-
1010	99.106771	99.203125	C5	60	80	0	0	1119	P1-70-5	0	-
1011	99.177083	99.304688	Bb4	54	80	0	0	1120	P1-71-1	0	-
1012	99.203125	99.296875	F2	40	80	0	0	1120	P1-71-9	0	-
1013	99.589844	99.670573	Bb3	49	80	0	0	1124	P1-71-7	1	-
1014	99.589844	99.703125	Bb4	57	80	0	0	1124	P1-71-2	0	-
1015	99.595052	99.665365	C3	41	80	0	0	1124	P1-71-10	0	-
1016	99.712240	99.821615	C5	59	80	0	0	1126	P1-71-3	0	-
1017	99.869792	99.911458	Bb4	50	80	0	0	1128	P1-71-4	0	-
1018	99.878906	99.979167	C3	38	80	0	0	-1	*	3	-
1019	99.881510	99.942708	Bb3	40	80	0	0	-1	*	3	-
1020	99.890625	99.944010	F2	35	80	0	0	1128	P1-71-12	0	-
1021	100.274740	100.354167	E4	48	80	0	0	1132	P1-71-5	0	-
1022	100.292969	100.363281	G3	32	80	0	0	1132	P1-71-14	0	-
1023	100.295573	100.364583	C3	29	80	0	0	1132	P1-71-13	0	-
1024	100.296875	100.361979	Bb3	30	80	0	0	1132	P1-71-8	0	-
1025	100.725260	101.339844	F4	46	80	0	0	1136	P1-72-2	0	-
1026	100.761719	100.769531	C4	26	80	0	0	-1	*	3	-
1027	100.763021	101.299479	F2	27	80	0	0	1136	P1-72-6	0	-
1028	100.763021	100.944010	C3	28	80	0	0	-1	*	3	-
1029	100.763021	101.059896	A3	29	80	0	0	1136	P1-72-1	0	-
1030	101.167969	101.264323	C3	38	80	0	0	1140	P1-72-7	0	-
1031	101.195312	102.000000	F3	31	80	0	0	1140	P1-72-8	0	-
1032	101.502604	101.989583	F4	56	80	0	0	1144	P1-72-4	0	-
1033	101.516927	101.739583	A3	41	80	0	0	1144	P1-72-3	0	-
1034	101.532552	101.759115	C3	39	80	0	0	-1	*	3	-
1035	101.544271	101.968750	F2	31	80	0	0	1144	P1-72-9	0	-
1036	101.884115	102.299479	C3	44	80	0	0	1148	P1-72-10	0	-
1037	102.069010	102.171875	D5	68	80	0	0	1151	P1-72-5	0	-
1038	102.182292	102.434896	C5	79	80	0	0	1152	P1-73-1	0	-
1039	102.230469	102.419271	F2	48	80	0	0	1152	P1-73-9	0	-
1040	102.243490	102.424479	A4	54	80	0	0	1152	P1-73-6	0	-
1041	102.574219	102.695312	C5	73	80	0	0	1156	P1-73-2	0	-
1042	102.595052	102.645833	C3	43	80	0	0	1156	P1-73-10	0	-
1043	102.595052	102.729167	F4	53	80	0	0	-1	*	3	-
1044	102.595052	102.989583	F3	49	80	0	0	1156	P1-73-11	0	-
1045	102.694010	102.869792	D5	74	80	0	0	1158	P1-73-3	0	-
1046	102.854167	102.937500	C5	70	80	0	0	1160	P1-73-4	0	-
1047	102.858073	103.218750	F4	53	80	0	0	-1	*	3	-
1048	102.904948	102.960938	C3	37	80	0	0	-1	*	3	-
1049	102.906250	102.962240	F2	41	80	0	0	1160	P1-73-12	0	-
1050	103.247396	104.071615	F#3	78	80	0	0	1164	P1-73-14	0	-
1051	103.256510	103.579427	A4	63	80	0	0	1164	P1-73-5	0	-
1052	103.273438	103.639323	Eb4	53	80	0	0	1164	P1-73-8	0	-
1053	103.645833	104.111979	Bb4	61	80	0	0	1168	P1-74-2	0	-
1054	103.645833	103.799479	C3	50	80	0	0	1168	P1-74-6	1	-
1055	103.664062	104.239583	E4	55	80	0	0	1168	P1-74-1	0	-
1056	103.664062	103.669271	C4	47	80	0	0	-1	*	3	-
1057	103.966146	104.063802	C3	45	80	0	0	1172	P1-74-7	0	-
1058	104.024740	105.039062	G3	66	80	0	0	1172	P1-74-8	0	-
1059	104.402344	104.505208	C3	51	80	0	0	1176	P1-74-9	1	-
1060	104.403646	105.000000	Bb4	54	80	0	0	1176	P1-74-4	0	-
1061	104.414062	105.239583	E4	43	80	0	0	1176	P1-74-3	0	-
1062	104.776042	105.039062	C3	47	80	0	0	1180	P1-74-10	0	-
1063	105.018229	105.119792	F2	53	80	0	0	1184	P1-75-9	0	-
1064	105.033854	105.299479	C5	49	80	0	0	1183	P1-74-5	0	-
1065	105.115885	105.212240	Bb4	57	80	0	0	1184	P1-75-1	0	-
1066	105.166667	105.750000	C3	72	80	0	0	1188	P1-75-10	0	-
1067	105.212240	105.255208	G3	42	80	0	0	1188	P1-75-11	0	-
1068	105.597656	105.739583	Bb4	50	80	0	0	1188	P1-75-2	0	-
1069	105.597656	105.733073	G3	46	80	0	0	1196	P1-75-14	0	-
1070	105.727865	105.804688	C5	58	80	0	0	1190	P1-75-3	0	-
1071	105.730469	105.998698	F2	53	80	0	0	1200	P1-76-5	0	-
1072	105.867188	106.029948	Bb4	55	80	0	0	1192	P1-75-4	0	-
1073	105.903646	105.979167	E4	49	80	0	0	1196	P1-75-5	0	-
1074	105.907552	106.628906	Db3	61	80	0	0	1204	P1-76-6	1	-
1075	106.291667	106.609375	Bb3	50	80	0	0	-1	*	3	-
1076	106.294271	106.429688	E4	54	80	0	0	1200	P1-76-2	1	-
1077	106.304688	106.628906	G3	47	80	0	0	1200	P1-76-1	1	-
1078	106.438802	106.643229	E4	42	80	0	0	1204	P1-76-7	1	-
1079	106.653646	107.218750	F4	50	80	0	0	1208	P1-76-4	0	-
1080	106.658854	106.735677	F2	46	80	0	0	1216	P1-77-5	0	-
1081	106.673177	106.743490	C3	45	80	0	0	-1	*	3	-
1082	106.688802	107.139323	A3	43	80	0	0	1208	P1-76-3	0	-
1083	107.042969	107.093750	C3	51	80	0	0	1220	P1-77-6	0	-
1084	107.052083	107.179688	F3	39	80	0	0	1212	P1-76-10	0	-
1085	107.402344	107.455729	C3	41	80	0	0	-1	*	3	-
1086	107.403646	107.500000	F3	38	80	0	0	-1	*	3	-
1087	107.407552	107.462240	F2	38	80	0	0	1224	P1-77-8	0	-
1088	107.408854	107.419271	A2	40	80	0	0	-1	*	3	-
1089	107.411458	107.848958	A3	37	80	0	0	1216	P1-77-1	0	-
1090	107.765625	107.812500	C3	42	80	0	0	1228	P1-77-9	0	-
1091	107.804688	107.869792	F3	27	80	0	0	1228	P1-77-10	0	-
1092	108.140625	108.196615	C3	37	80	0	0	1232	P1-78-4	0	-
1093	108.143229	108.609375	A3	33	80	0	0	1232	P1-78-1	0	-
1094	108.144531	108.158854	A2	33	80	0	0	1232	*	3	-
1095	108.144531	108.203125	F3	32	80	0	0	1232	P1-78-5	0	-
1096	108.151042	108.203125	F2	32	80	0	0	1232	P1-78-3	0	-
1097	108.523438	108.593750	F3	27	80	0	0	1228	*	3	-
1098	108.527344	108.591146	C3	27	80	0	0	1228	*	3	-
1099	108.923177	109.014323	C3	31	80	0	0	1232	*	3	-
1100	108.932292	109.014323	F2	28	80	0	0	1232	*	3	-
1101	108.932292	109.169271	F3	26	80	0	0	1232	*	3	-
1102	109.415365	109.493490	F3	31	80	0	0	1228	*	3	-
1103	110.092448	116.089844	F4	38	80	0	0	1232	*	3	-
1104	110.111979	116.109375	A3	30	80	0	0	1232	*	3	-
1105	110.118490	116.119792	F2	29	80	0	0	1232	*	3	-
1106	110.125000	116.128906	C3	28	80	0	0	1232	*	3	-
1107	110.135417	116.139323	F3	24	80	0	0	1232	*	3	-
//Missing 0	P1-1-2
//Missing 48	P1-4-1
//Missing 48	P1-4-8
//Missing 56	P1-4-3
//Missing 56	P1-4-11
//Missing 68	P1-5-10
//Missing 80	P1-6-7
//Missing 100	P1-7-7
//Missing 116	P1-8-9
//Missing 124	P1-8-12
//Missing 134	P1-9-7
//Missing 140	P1-9-15
//Missing 156	P1-10-13
//Missing 228	P1-15-12
//Missing 244	P1-16-8
//Missing 252	P1-16-12
//Missing 268	P1-17-15
//Missing 332	P1-21-15
//Missing 388	P1-25-4
//Missing 392	P1-25-18
//Missing 396	P1-25-6
//Missing 396	P1-25-19
//Missing 400	P1-26-3
//Missing 404	P1-26-9
//Missing 408	P1-26-6
//Missing 460	P1-29-15
//Missing 488	P1-31-10
//Missing 524	P1-33-6
//Missing 532	P1-34-8
//Missing 552	P1-35-6
//Missing 564	P1-36-10
//Missing 584	P1-37-5
//Missing 596	P1-38-9
//Missing 636	P1-40-16
//Missing 636	P1-40-17
//Missing 638	P1-40-9
//Missing 692	P1-44-12
//Missing 692	P1-44-9
//Missing 712	P1-45-4
//Missing 720	P1-46-7
//Missing 724	P1-46-9
//Missing 724	P1-46-10
//Missing 732	P1-46-16
//Missing 736	P1-47-1
//Missing 752	P1-48-11
//Missing 768	P1-49-1
//Missing 796	P1-50-11
//Missing 812	P1-51-12
//Missing 816	P1-52-1
//Missing 824	P1-52-3
//Missing 880	P1-56-6
//Missing 908	P1-57-15
//Missing 912	P1-58-2
//Missing 972	P1-61-9
//Missing 1028	P1-65-9
//Missing 1060	P1-67-2
//Missing 1092	P1-69-11
//Missing 1120	P1-71-6
//Missing 1124	P1-71-11
//Missing 1148	P1-72-11
//Missing 1164	P1-73-13
//Missing 1180	P1-74-11
//Missing 1184	P1-75-6
//Missing 1188	P1-75-7
//Missing 1208	P1-76-8
//Missing 1216	P1-77-2
//Missing 1224	P1-77-4
//Missing 1232	P1-78-2
//Missing 96	P1-7-6
//Missing 512	P1-33-14
//Missing 596	P1-38-10
//Missing 596	P1-38-12
//Missing 1156	P1-73-7
//Missing 1192	P1-75-12
//Missing 1196	P1-75-13
//Missing 1196	P1-75-8
//Missing 1212	P1-76-9
//Missing 1220	P1-77-7
//Missing 1224	P1-77-3
