//Version: ScorePerfmMatch_v170503
// Score: ./musicxml_cleaned_hmm.txt
// Perfm: ./03921_spr.txt
// fmt3x: ./musicxml_cleaned_fmt3x.txt
0	1.625000	1.684896	F3	29	80	0	0	0	*	3	0
1	2.265625	2.325521	F3	33	80	0	0	4	P1-1-4	1	-
2	2.574219	2.699219	F4	31	80	0	0	12	P1-1-7	0	-
3	2.582031	2.645833	C4	27	80	0	0	12	P1-1-6	0	-
4	2.623698	2.709635	F3	17	80	0	0	8	P1-1-5	0	-
5	2.884115	2.942708	F3	35	80	0	0	16	P1-2-3	0	-
6	3.192708	3.263021	F4	38	80	0	0	20	P1-2-5	0	-
7	3.192708	3.270833	C4	34	80	0	0	20	P1-2-4	0	-
8	3.496094	3.554688	F3	40	80	0	0	24	P1-2-6	0	-
9	3.794271	3.854167	F4	41	80	0	0	28	P1-2-8	0	-
10	3.803385	3.873698	C4	31	80	0	0	28	P1-2-7	0	-
11	4.067708	4.131510	Bb4	52	80	0	0	31	P1-2-2	0	-
12	4.104167	4.152344	Ab4	50	80	0	0	32	P1-3-1	0	-
13	4.108073	4.218750	F4	40	80	0	0	-1	*	3	-
14	4.114583	4.166667	F3	43	80	0	0	32	P1-3-8	0	-
15	4.445312	4.549479	Ab4	32	80	0	0	36	P1-3-2	0	-
16	4.453125	4.497396	F4	28	80	0	0	36	P1-3-10	0	-
17	4.473958	4.609375	F3	19	80	0	0	36	P1-3-9	1	-
18	4.575521	4.626302	Bb4	60	80	0	0	38	P1-3-3	0	-
19	4.723958	4.772135	Ab4	48	80	0	0	40	P1-3-4	0	-
20	4.734375	4.789062	F3	33	80	0	0	40	P1-3-11	0	-
21	5.054688	5.158854	G4	48	80	0	0	44	P1-3-5	0	-
22	5.083333	5.169271	F3	25	80	0	0	44	P1-3-13	1	-
23	5.279948	5.378906	Ab4	51	80	0	0	46	P1-3-6	0	-
24	5.354167	5.489583	Bb4	56	80	0	0	47	P1-3-7	0	-
25	5.415365	5.505208	F3	39	80	0	0	48	P1-4-8	0	-
26	5.421875	5.899740	C5	66	80	0	0	48	P1-4-2	0	-
27	5.458333	5.496094	Ab4	42	80	0	0	48	P1-4-1	0	-
28	5.907552	6.119792	Ab4	51	80	0	0	54	P1-4-5	0	-
29	5.910156	5.949219	C5	45	80	0	0	-1	*	3	-
30	5.975260	6.045573	Bb4	59	80	0	0	55	P1-4-6	0	-
31	6.054688	6.699219	C5	66	80	0	0	56	P1-4-4	0	-
32	6.085938	6.125000	F3	35	80	0	0	56	P1-4-11	0	-
33	6.347656	6.436198	C4	26	80	0	0	60	P1-4-12	0	-
34	6.618490	6.694010	Bb4	57	80	0	0	63	P1-4-7	0	-
35	6.664062	6.712240	Ab4	51	80	0	0	64	P1-5-1	0	-
36	6.665365	6.717448	F3	40	80	0	0	64	P1-5-9	0	-
37	6.994792	7.036458	Ab4	43	80	0	0	68	P1-5-2	0	-
38	7.006510	7.169271	G#3	30	80	0	0	-1	*	3	-
39	7.014323	7.149740	F3	28	80	0	0	68	P1-5-11	1	-
40	7.029948	7.188802	C4	20	80	0	0	68	P1-5-10	0	-
41	7.131510	7.188802	Bb4	62	80	0	0	70	P1-5-3	0	-
42	7.272135	7.317708	Ab4	41	80	0	0	72	P1-5-4	0	-
43	7.274740	7.359375	F3	37	80	0	0	72	P1-5-12	0	-
44	7.274740	7.369792	C5	38	80	0	0	-1	*	3	-
45	7.298177	7.389323	F4	27	80	0	0	-1	*	3	-
46	7.567708	7.623698	C5	56	80	0	0	76	P1-5-6	0	-
47	7.597656	7.699219	G4	34	80	0	0	76	P1-5-5	0	-
48	7.605469	7.716146	C4	27	80	0	0	76	P1-5-13	0	-
49	7.606771	7.739583	G3	27	80	0	0	-1	*	3	-
50	7.611979	7.699219	E4	31	80	0	0	76	P1-5-14	0	-
51	7.845052	7.912760	C5	55	80	0	0	79	P1-5-8	0	-
52	7.897135	8.489583	F5	61	80	0	0	80	P1-6-2	0	-
53	7.932292	7.993490	F3	35	80	0	0	80	P1-6-7	0	-
54	7.953125	8.378906	Ab4	42	80	0	0	80	P1-6-1	0	-
55	8.473958	8.545573	C5	49	80	0	0	87	P1-6-5	0	-
56	8.544271	8.959635	F5	56	80	0	0	88	P1-6-4	0	-
57	8.565104	8.919271	F3	38	80	0	0	88	P1-6-10	0	-
58	8.566406	9.229167	Ab4	41	80	0	0	88	P1-6-3	0	-
59	8.839844	8.959635	F4	29	80	0	0	92	P1-6-12	0	-
60	8.843750	8.968750	C4	32	80	0	0	92	P1-6-11	0	-
61	9.078125	9.174479	Gb5	57	80	0	0	95	P1-6-6	0	-
62	9.123698	9.128906	C#5	50	80	0	0	96	P1-7-6	1	-
63	9.125000	9.188802	Db3	74	80	0	0	96	P1-7-10	0	-
64	9.125000	9.239583	C#4	62	80	0	0	-1	*	3	-
65	9.134115	9.196615	F5	60	80	0	0	96	P1-7-1	0	-
66	9.433594	9.503906	F5	61	80	0	0	100	P1-7-2	0	-
67	9.460938	9.505208	G#3	53	80	0	0	100	P1-7-11	1	-
68	9.463542	9.507812	F4	50	80	0	0	100	P1-7-12	0	-
69	9.574219	9.649740	Gb5	66	80	0	0	102	P1-7-3	0	-
70	9.721354	9.783854	F5	73	80	0	0	104	P1-7-4	0	-
71	9.727865	9.789062	A4	66	80	0	0	104	P1-7-8	0	-
72	9.746094	9.802083	C3	59	80	0	0	104	P1-7-13	0	-
73	10.040365	10.114583	F5	73	80	0	0	108	P1-7-5	0	-
74	10.062500	10.119792	A4	61	80	0	0	108	P1-7-9	0	-
75	10.079427	10.149740	F4	48	80	0	0	108	P1-7-16	0	-
76	10.080729	10.169271	F3	42	80	0	0	108	P1-7-14	1	-
77	10.084635	10.117188	Eb4	45	80	0	0	108	P1-7-15	0	-
78	10.352865	10.414062	F5	69	80	0	0	112	P1-8-1	0	-
79	10.354167	10.414062	Bb4	68	80	0	0	112	P1-8-6	0	-
80	10.356771	10.414062	Bb3	67	80	0	0	-1	*	3	-
81	10.377604	10.430990	Bb2	45	80	0	0	112	P1-8-7	0	-
82	10.390625	10.424479	F4	37	80	0	0	-1	*	3	-
83	10.503906	10.675781	F5	70	80	0	0	116	P1-8-10	1	-
84	10.648438	10.729167	Bb5	68	80	0	0	116	P1-8-2	0	-
85	10.664062	10.721354	F4	42	80	0	0	-1	*	3	-
86	10.682292	10.750000	F3	31	80	0	0	120	P1-8-11	0	-
87	10.683594	10.929688	Bb4	42	80	0	0	120	P1-8-4	1	-
88	10.989583	11.062500	F3	35	80	0	0	120	P1-8-11	0	-
89	10.992188	11.500000	F5	48	80	0	0	120	P1-8-5	0	-
90	11.266927	11.500000	F4	26	80	0	0	124	P1-8-13	0	-
91	11.303385	11.438802	G#3	27	80	0	0	-1	*	3	-
92	11.342448	11.429688	F3	17	80	0	0	124	P1-8-12	1	-
93	11.593750	11.759115	C5	56	80	0	0	128	P1-9-2	0	-
94	11.593750	11.736979	Ab4	61	80	0	0	128	P1-9-1	0	-
95	11.600260	11.664062	C3	45	80	0	0	128	P1-9-16	0	-
96	11.618490	11.750000	C2	39	80	0	0	-1	*	3	-
97	11.726562	11.859375	Bb4	64	80	0	0	130	P1-9-4	0	-
98	11.744792	11.928385	G4	57	80	0	0	130	P1-9-3	0	-
99	11.871094	11.949219	G#3	48	80	0	0	-1	*	3	-
100	11.872396	11.993490	Ab4	60	80	0	0	132	P1-9-6	0	-
101	11.876302	11.968750	F3	48	80	0	0	-1	*	3	-
102	11.877604	11.984375	F4	53	80	0	0	132	P1-9-18	0	-
103	11.881510	11.957031	C4	43	80	0	0	132	P1-9-17	0	-
104	11.992188	12.048177	Bb4	62	80	0	0	134	P1-9-8	0	-
105	12.136719	12.270833	C5	68	80	0	0	136	P1-9-9	0	-
106	12.156250	12.299479	C3	40	80	0	0	136	P1-9-19	0	-
107	12.161458	12.229167	C2	42	80	0	0	-1	*	3	-
108	12.261719	12.402344	Db5	60	80	0	0	138	P1-9-10	0	-
109	12.420573	12.531250	Bb4	52	80	0	0	140	P1-9-15	0	-
110	12.424479	12.483073	Bb3	45	80	0	0	140	P1-9-20	1	-
111	12.430990	12.628906	G4	50	80	0	0	140	P1-9-14	0	-
112	12.434896	12.509115	E4	42	80	0	0	140	P1-9-21	0	-
113	12.713542	13.169271	F5	54	80	0	0	144	P1-10-3	0	-
114	12.714844	12.774740	F3	41	80	0	0	144	P1-10-8	0	-
115	13.378906	14.000000	F5	47	80	0	0	152	P1-10-6	0	-
116	13.390625	13.799479	Ab4	40	80	0	0	152	P1-10-4	0	-
117	13.412760	13.839844	F3	28	80	0	0	152	P1-10-11	0	-
118	13.704427	13.819010	F4	28	80	0	0	156	P1-10-13	0	-
119	13.725260	13.848958	C4	23	80	0	0	156	P1-10-12	0	-
120	14.035156	14.109375	Bb4	55	80	0	0	159	P1-10-7	0	-
121	14.070312	14.119792	Ab4	50	80	0	0	160	P1-11-1	0	-
122	14.071615	14.127604	F3	39	80	0	0	160	P1-11-8	0	-
123	14.403646	14.445312	Ab4	47	80	0	0	164	P1-11-2	0	-
124	14.444010	14.559896	F3	22	80	0	0	-1	*	3	-
125	14.451823	14.510417	C4	16	80	0	0	164	P1-11-9	0	-
126	14.454427	14.459635	C3	19	80	0	0	-1	*	3	-
127	14.454427	14.468750	Bb2	20	80	0	0	-1	*	3	-
128	14.554688	14.604167	Bb4	50	80	0	0	166	P1-11-3	0	-
129	14.682292	14.759115	Ab4	46	80	0	0	168	P1-11-4	0	-
130	14.714844	14.819010	F4	31	80	0	0	-1	*	3	-
131	14.716146	14.819010	F3	33	80	0	0	168	P1-11-11	0	-
132	14.985677	15.149740	G4	56	80	0	0	172	P1-11-5	0	-
133	15.042969	15.087240	E4	36	80	0	0	172	P1-11-13	0	-
134	15.054688	15.100260	Bb3	33	80	0	0	172	P1-11-12	1	-
135	15.065104	15.149740	G3	30	80	0	0	-1	*	3	-
136	15.223958	15.270833	Ab4	47	80	0	0	174	P1-11-6	0	-
137	15.239583	15.250000	F3	30	80	0	0	-1	*	3	-
138	15.295573	15.360677	Bb4	55	80	0	0	175	P1-11-7	0	-
139	15.356771	15.882812	C5	57	80	0	0	176	P1-12-2	0	-
140	15.401042	15.408854	F2	37	80	0	0	-1	*	3	-
141	15.403646	15.519531	F3	35	80	0	0	176	P1-12-8	0	-
142	15.403646	15.769531	Ab4	44	80	0	0	176	P1-12-1	0	-
143	15.704427	15.803385	C4	38	80	0	0	180	P1-12-9	0	-
144	15.714844	15.804688	F4	30	80	0	0	180	P1-12-10	0	-
145	15.735677	15.812500	F3	21	80	0	0	-1	*	3	-
146	15.902344	15.979167	Ab4	40	80	0	0	182	P1-12-5	0	-
147	15.968750	16.053385	Bb4	56	80	0	0	183	P1-12-6	0	-
148	16.035156	16.539062	C5	60	80	0	0	184	P1-12-4	0	-
149	16.065104	16.109375	F2	39	80	0	0	-1	*	3	-
150	16.065104	16.188802	F3	35	80	0	0	184	P1-12-11	0	-
151	16.066406	16.449219	Ab4	44	80	0	0	184	P1-12-3	0	-
152	16.328125	16.419271	F4	36	80	0	0	188	P1-12-13	0	-
153	16.377604	16.437500	C4	23	80	0	0	188	P1-12-12	0	-
154	16.378906	16.430990	F3	27	80	0	0	-1	*	3	-
155	16.611979	16.694010	Bb4	53	80	0	0	191	P1-12-7	0	-
156	16.652344	16.688802	F2	49	80	0	0	-1	*	3	-
157	16.653646	16.708333	F3	56	80	0	0	192	P1-13-9	0	-
158	16.653646	16.703125	Ab4	52	80	0	0	192	P1-13-1	0	-
159	16.678385	16.759115	F4	45	80	0	0	-1	*	3	-
160	16.812500	17.023438	F4	38	80	0	0	196	P1-13-11	0	-
161	16.976562	17.049479	Ab4	36	80	0	0	-1	*	3	-
162	17.014323	17.069010	F3	21	80	0	0	-1	*	3	-
163	17.024740	17.119792	C4	15	80	0	0	196	P1-13-10	0	-
164	17.114583	17.182292	Bb4	54	80	0	0	198	P1-13-3	0	-
165	17.261719	17.339844	Ab4	48	80	0	0	200	P1-13-4	0	-
166	17.272135	17.369792	F3	38	80	0	0	200	P1-13-12	0	-
167	17.274740	17.326823	F4	34	80	0	0	-1	*	3	-
168	17.584635	17.627604	C5	50	80	0	0	204	P1-13-6	0	-
169	17.619792	17.675781	E4	38	80	0	0	204	P1-13-14	0	-
170	17.621094	17.739583	G4	37	80	0	0	204	P1-13-5	0	-
171	17.623698	17.687500	C4	32	80	0	0	204	P1-13-13	0	-
172	17.893229	17.989583	C5	50	80	0	0	207	P1-13-8	0	-
173	17.953125	18.399740	F5	60	80	0	0	208	P1-14-2	0	-
174	17.955729	17.968750	F2	41	80	0	0	208	*	3	-
175	17.966146	18.169271	Ab4	44	80	0	0	208	P1-14-1	0	-
176	17.970052	18.033854	F3	42	80	0	0	208	P1-14-7	0	-
177	18.295573	18.459635	F4	26	80	0	0	212	P1-14-9	0	-
178	18.346354	18.479167	C4	19	80	0	0	212	P1-14-8	0	-
179	18.536458	18.669271	C5	49	80	0	0	215	P1-14-5	0	-
180	18.591146	19.188802	F5	56	80	0	0	216	P1-14-4	0	-
181	18.618490	19.009115	F3	44	80	0	0	216	P1-14-10	0	-
182	18.654948	18.729167	F4	32	80	0	0	-1	*	3	-
183	18.902344	18.908854	A4	36	80	0	0	-1	*	3	-
184	18.904948	19.029948	F4	33	80	0	0	220	P1-14-12	0	-
185	18.908854	18.975260	C4	39	80	0	0	220	P1-14-11	0	-
186	19.148438	19.247396	Gb5	56	80	0	0	223	P1-14-6	0	-
187	19.196615	19.295573	F5	60	80	0	0	224	P1-15-1	0	-
188	19.197917	19.309896	Db3	75	80	0	0	224	P1-15-10	0	-
189	19.509115	19.658854	F5	62	80	0	0	228	P1-15-2	0	-
190	19.523438	19.574219	G#3	60	80	0	0	-1	*	3	-
191	19.539062	19.609375	D4	45	80	0	0	228	P1-15-11	1	-
192	19.542969	19.628906	F4	48	80	0	0	228	P1-15-12	0	-
193	19.651042	19.695312	Gb5	67	80	0	0	230	P1-15-3	0	-
194	19.786458	19.904948	F5	68	80	0	0	232	P1-15-4	0	-
195	19.794271	19.845052	A4	70	80	0	0	232	P1-15-8	0	-
196	19.824219	19.855469	C3	60	80	0	0	232	P1-15-13	0	-
197	20.110677	20.183594	F5	78	80	0	0	236	P1-15-5	0	-
198	20.126302	20.165365	A4	61	80	0	0	236	P1-15-9	0	-
199	20.134115	20.218750	F3	54	80	0	0	-1	*	3	-
200	20.152344	20.196615	F4	57	80	0	0	236	P1-15-16	0	-
201	20.164062	20.209635	Eb4	46	80	0	0	236	P1-15-15	0	-
202	20.433594	20.764323	F5	70	80	0	0	240	P1-16-1	0	-
203	20.436198	20.569010	Bb4	72	80	0	0	240	P1-16-6	0	-
204	20.437500	20.494792	Bb3	65	80	0	0	-1	*	3	-
205	20.462240	20.511719	Bb2	49	80	0	0	240	P1-16-7	0	-
206	20.463542	20.519531	F3	44	80	0	0	-1	*	3	-
207	20.736979	21.218750	Bb5	69	80	0	0	244	P1-16-2	0	-
208	20.742188	20.798177	Bb3	47	80	0	0	244	P1-16-8	0	-
209	20.743490	20.794271	F4	50	80	0	0	244	P1-16-10	0	-
210	21.076823	21.789062	F5	51	80	0	0	248	P1-16-5	0	-
211	21.093750	21.167969	F3	35	80	0	0	248	P1-16-11	0	-
212	21.095052	21.269531	Ab4	36	80	0	0	248	P1-16-4	0	-
213	21.125000	21.178385	F4	34	80	0	0	-1	*	3	-
214	21.388021	21.466146	F4	30	80	0	0	252	P1-16-13	0	-
215	21.390625	21.464844	G#3	34	80	0	0	252	P1-16-12	1	-
216	21.713542	21.938802	C5	63	80	0	0	256	P1-17-2	0	-
217	21.714844	21.979167	Ab4	63	80	0	0	256	P1-17-1	0	-
218	21.725260	21.848958	G#3	38	80	0	0	-1	*	3	-
219	21.726562	21.739583	G#2	39	80	0	0	-1	*	3	-
220	21.731771	21.919271	C3	42	80	0	0	256	P1-17-16	0	-
221	21.835938	21.920573	Bb4	60	80	0	0	258	P1-17-4	0	-
222	21.880208	21.966146	G4	42	80	0	0	258	P1-17-3	0	-
223	21.984375	22.169271	Ab4	59	80	0	0	260	P1-17-6	0	-
224	21.993490	22.079427	F4	54	80	0	0	260	P1-17-18	0	-
225	21.994792	22.169271	C4	40	80	0	0	260	P1-17-17	0	-
226	22.003906	22.125000	G#3	46	80	0	0	-1	*	3	-
227	22.003906	22.149740	F3	46	80	0	0	-1	*	3	-
228	22.111979	22.239583	Bb4	61	80	0	0	262	P1-17-8	0	-
229	22.265625	22.408854	C5	72	80	0	0	264	P1-17-9	0	-
230	22.268229	22.699219	Ab4	66	80	0	0	264	P1-17-13	0	-
231	22.273438	22.279948	G#3	51	80	0	0	-1	*	3	-
232	22.296875	22.408854	C3	44	80	0	0	264	P1-17-19	0	-
233	22.393229	22.679688	Db5	65	80	0	0	266	P1-17-10	0	-
234	22.539062	22.613281	Bb3	56	80	0	0	268	P1-17-20	1	-
235	22.544271	22.688802	Bb4	62	80	0	0	268	P1-17-15	0	-
236	22.546875	22.769531	C3	44	80	0	0	-1	*	3	-
237	22.569010	22.649740	E4	39	80	0	0	268	P1-17-21	0	-
238	22.673177	22.809896	E5	60	80	0	0	270	P1-17-12	0	-
239	22.817708	23.378906	F5	62	80	0	0	272	P1-18-3	0	-
240	22.822917	23.239583	C5	49	80	0	0	272	P1-18-2	0	-
241	22.847656	23.399740	Ab4	45	80	0	0	272	P1-18-1	0	-
242	22.852865	22.959635	F3	38	80	0	0	272	P1-18-7	0	-
243	23.507812	24.019531	F5	43	80	0	0	280	P1-18-6	0	-
244	23.514323	23.669271	F3	34	80	0	0	280	P1-18-10	0	-
245	23.542969	23.718750	G#3	30	80	0	0	-1	*	3	-
246	23.544271	23.819010	Ab4	33	80	0	0	280	P1-18-4	0	-
247	23.546875	23.602865	F4	31	80	0	0	-1	*	3	-
248	23.826823	24.000000	F4	32	80	0	0	284	P1-18-12	0	-
249	23.828125	23.979167	G#4	34	80	0	0	284	P1-18-11	1	-
250	24.221354	24.688802	C5	69	80	0	0	288	P1-19-1	0	-
251	24.226562	24.239583	G#1	37	80	0	0	-1	*	3	-
252	24.243490	24.309896	G#2	31	80	0	0	288	P1-19-3	1	-
253	24.623698	24.730469	Eb4	23	80	0	0	292	P1-19-5	0	-
254	24.662760	24.669271	Ab3	16	80	0	0	292	P1-19-6	1	-
255	24.669271	24.679688	G#2	16	80	0	0	-1	*	3	-
256	24.903646	25.158854	C5	69	80	0	0	296	P1-19-2	0	-
257	24.946615	24.959635	G#2	28	80	0	0	296	P1-19-7	1	-
258	24.960938	25.279948	Eb4	22	80	0	0	-1	*	3	-
259	25.212240	25.339844	Ab4	35	80	0	0	300	P1-19-10	0	-
260	25.523438	25.694010	C5	71	80	0	0	304	P1-20-1	0	-
261	25.563802	25.619792	G#2	36	80	0	0	304	P1-20-7	1	-
262	25.710938	25.824219	Db5	68	80	0	0	306	P1-20-2	0	-
263	25.845052	25.959635	Eb5	56	80	0	0	308	P1-20-3	0	-
264	25.864583	26.039062	G4	42	80	0	0	308	P1-20-10	0	-
265	25.973958	26.079427	Db5	59	80	0	0	310	P1-20-4	0	-
266	25.981771	26.089844	Ab3	42	80	0	0	312	P1-20-11	0	-
267	26.111979	26.259115	Db5	58	80	0	0	312	P1-20-5	0	-
268	26.410156	26.609375	G4	29	80	0	0	316	P1-20-14	0	-
269	26.454427	26.779948	Eb4	19	80	0	0	316	P1-20-13	0	-
270	26.462240	26.649740	G3	18	80	0	0	316	P1-20-12	1	-
271	26.514323	26.585938	C5	48	80	0	0	318	P1-20-6	0	-
272	26.710938	26.750000	Bb4	53	80	0	0	321	P1-21-2	0	-
273	26.735677	26.786458	Ab3	25	80	0	0	320	P1-21-8	0	-
274	27.050781	27.102865	Bb4	54	80	0	0	324	P1-21-3	0	-
275	27.087240	27.199219	G3	19	80	0	0	-1	*	3	-
276	27.104167	27.175781	Db4	18	80	0	0	324	P1-21-9	0	-
277	27.105469	27.229167	Eb4	18	80	0	0	324	P1-21-10	0	-
278	27.394531	27.447917	C5	60	80	0	0	328	P1-21-4	0	-
279	27.434896	27.489583	Ab3	24	80	0	0	328	P1-21-12	0	-
280	27.436198	27.449219	A3	25	80	0	0	-1	*	3	-
281	27.546875	27.667969	Bb4	59	80	0	0	330	P1-21-5	0	-
282	27.683594	27.742188	Ab4	59	80	0	0	332	P1-21-6	0	-
283	27.734375	27.750000	Db4	20	80	0	0	332	P1-21-13	0	-
284	27.740885	27.750000	Eb4	22	80	0	0	332	P1-21-14	0	-
285	27.824219	27.872396	Bb4	67	80	0	0	334	P1-21-7	0	-
286	27.867188	28.000000	Eb4	24	80	0	0	-1	*	3	-
287	27.963542	28.779948	Bb4	66	80	0	0	336	P1-22-1	0	-
288	27.994792	28.050781	Ab3	33	80	0	0	336	P1-22-4	0	-
289	28.302083	28.350260	Eb4	34	80	0	0	340	P1-22-6	0	-
290	28.623698	29.149740	C5	57	80	0	0	344	P1-22-2	0	-
291	28.644531	28.714844	Ab3	35	80	0	0	344	P1-22-8	0	-
292	28.664062	28.769531	Eb4	23	80	0	0	-1	*	3	-
293	28.669271	28.779948	G#2	27	80	0	0	-1	*	3	-
294	28.993490	29.139323	Eb4	28	80	0	0	348	P1-22-10	0	-
295	29.212240	29.317708	Eb5	60	80	0	0	351	P1-22-3	0	-
296	29.286458	29.799479	Ab5	77	80	0	0	352	P1-23-2	0	-
297	29.332031	29.639323	C5	53	80	0	0	352	P1-23-1	0	-
298	29.342448	29.348958	Ab3	39	80	0	0	352	P1-23-6	0	-
299	29.653646	29.968750	Eb4	22	80	0	0	356	P1-23-8	0	-
300	29.756510	29.878906	Eb5	56	80	0	0	359	P1-23-5	0	-
301	29.850260	30.049479	C5	60	80	0	0	360	P1-23-3	0	-
302	29.914062	30.089844	Ab5	76	80	0	0	360	P1-23-4	0	-
303	29.936198	30.079427	Ab3	43	80	0	0	360	P1-23-10	0	-
304	29.976562	30.279948	Ab4	48	80	0	0	-1	*	3	-
305	30.197917	30.299479	Eb4	47	80	0	0	364	P1-23-12	0	-
306	30.233073	30.369792	G#3	24	80	0	0	364	P1-23-13	1	-
307	30.308594	30.476562	Eb5	72	80	0	0	-1	*	3	-
308	30.463542	30.605469	G5	75	80	0	0	368	P1-24-2	0	-
309	30.464844	30.524740	Db3	55	80	0	0	368	P1-24-11	0	-
310	30.609375	30.776042	F5	64	80	0	0	370	P1-24-4	0	-
311	30.618490	30.755208	Db5	61	80	0	0	370	P1-24-3	0	-
312	30.753906	30.848958	C5	62	80	0	0	372	P1-24-5	0	-
313	30.757812	30.893229	E5	64	80	0	0	372	P1-24-6	0	-
314	30.757812	30.878906	G#3	55	80	0	0	372	P1-24-12	1	-
315	30.881510	30.989583	F5	56	80	0	0	374	P1-24-8	0	-
316	30.888021	30.958333	Db5	59	80	0	0	374	P1-24-7	0	-
317	31.027344	31.079427	C#4	50	80	0	0	-1	*	3	-
318	31.031250	31.083333	Db3	55	80	0	0	376	P1-24-14	0	-
319	31.035156	31.569010	F5	52	80	0	0	376	P1-24-10	0	-
320	31.058594	31.259115	G#4	42	80	0	0	376	P1-24-9	1	-
321	31.345052	31.408854	F4	39	80	0	0	380	P1-24-16	0	-
322	31.354167	31.417969	Db4	40	80	0	0	380	P1-24-15	0	-
323	31.354167	31.424479	G#3	42	80	0	0	-1	*	3	-
324	31.419271	31.509115	G#4	28	80	0	0	-1	*	3	-
325	31.631510	31.949219	Eb4	58	80	0	0	-1	*	3	-
326	31.634115	31.919271	Eb3	64	80	0	0	384	P1-25-14	0	-
327	31.652344	32.029948	F5	59	80	0	0	384	P1-25-1	0	-
328	31.670573	31.869792	Db5	56	80	0	0	384	P1-25-8	0	-
329	31.673177	31.679688	G#3	49	80	0	0	-1	*	3	-
330	31.696615	31.908854	G4	52	80	0	0	384	P1-25-7	0	-
331	31.803385	32.139323	Eb5	60	80	0	0	386	P1-25-2	0	-
332	31.924479	32.029948	G4	54	80	0	0	388	P1-25-4	1	-
333	32.070312	32.315104	Ab4	56	80	0	0	390	P1-25-10	0	-
334	32.083333	32.152344	Db4	47	80	0	0	388	P1-25-16	0	-
335	32.089844	32.152344	Bb3	45	80	0	0	388	P1-25-15	0	-
336	32.244792	32.369792	Eb5	60	80	0	0	-1	*	3	-
337	32.244792	32.332031	Eb3	54	80	0	0	392	P1-25-18	0	-
338	32.246094	32.359375	Db5	58	80	0	0	392	P1-25-11	1	-
339	32.553385	32.618490	Bb3	55	80	0	0	396	P1-25-19	0	-
340	32.563802	32.649740	Db5	55	80	0	0	396	P1-25-5	0	-
341	32.578125	32.634115	Db4	39	80	0	0	396	P1-25-20	0	-
342	32.587240	32.618490	G4	38	80	0	0	396	P1-25-12	1	-
343	32.704427	32.839844	G4	47	80	0	0	398	P1-25-13	0	-
344	32.864583	33.277344	C5	49	80	0	0	400	P1-26-2	0	-
345	32.864583	34.019531	Eb5	51	80	0	0	400	P1-26-3	0	-
346	32.878906	33.250000	Ab3	46	80	0	0	400	P1-26-7	0	-
347	33.196615	33.281250	G#4	29	80	0	0	-1	*	3	-
348	33.199219	33.459635	Eb4	34	80	0	0	404	P1-26-9	0	-
349	33.203125	33.278646	C4	30	80	0	0	404	P1-26-8	0	-
350	33.523438	33.839844	Ab3	35	80	0	0	408	P1-26-10	0	-
351	33.526042	34.009115	C5	39	80	0	0	408	P1-26-5	0	-
352	33.566406	34.019531	Ab4	25	80	0	0	408	P1-26-4	0	-
353	33.864583	34.089844	Eb4	35	80	0	0	412	P1-26-12	0	-
354	33.927083	34.019531	Ab3	20	80	0	0	412	P1-26-11	1	-
355	34.217448	34.688802	C5	52	80	0	0	416	P1-27-1	0	-
356	34.250000	34.339844	Ab4	26	80	0	0	-1	*	3	-
357	34.255208	34.304688	Ab3	23	80	0	0	416	P1-27-3	0	-
358	34.259115	34.339844	Eb4	17	80	0	0	-1	*	3	-
359	34.630208	34.701823	Eb4	25	80	0	0	420	P1-27-5	0	-
360	34.911458	35.369792	C5	53	80	0	0	424	P1-27-2	0	-
361	34.944010	35.059896	Ab3	26	80	0	0	424	P1-27-7	0	-
362	34.949219	35.039062	Eb4	19	80	0	0	-1	*	3	-
363	35.231771	35.399740	Ab4	29	80	0	0	428	P1-27-10	0	-
364	35.235677	35.489583	Eb4	28	80	0	0	428	P1-27-9	0	-
365	35.270833	35.378906	Ab3	16	80	0	0	-1	*	3	-
366	35.535156	35.682292	C5	62	80	0	0	432	P1-28-1	0	-
367	35.580729	35.688802	Ab3	32	80	0	0	432	P1-28-7	0	-
368	35.707031	35.861979	Db5	62	80	0	0	434	P1-28-2	0	-
369	35.871094	35.971354	Eb5	56	80	0	0	436	P1-28-3	0	-
370	35.915365	35.989583	G4	35	80	0	0	436	P1-28-10	0	-
371	35.998698	36.098958	Db5	59	80	0	0	438	P1-28-4	0	-
372	36.143229	36.239583	Db5	51	80	0	0	440	P1-28-5	0	-
373	36.180990	36.246094	Ab3	29	80	0	0	440	P1-28-11	0	-
374	36.434896	36.516927	G4	37	80	0	0	444	P1-28-14	0	-
375	36.464844	36.559896	Eb4	21	80	0	0	444	P1-28-13	0	-
376	36.524740	36.554688	C5	52	80	0	0	446	P1-28-6	0	-
377	36.565104	36.682292	Eb4	22	80	0	0	444	P1-28-12	1	-
378	36.643229	36.686198	C5	63	80	0	0	448	P1-29-1	0	-
379	36.730469	36.773438	Bb4	62	80	0	0	449	P1-29-2	0	-
380	36.743490	36.829427	Ab3	42	80	0	0	448	P1-29-8	0	-
381	37.044271	37.102865	Bb4	52	80	0	0	452	P1-29-3	0	-
382	37.080729	37.089844	Db4	24	80	0	0	452	P1-29-9	0	-
383	37.084635	37.250000	Eb4	26	80	0	0	452	P1-29-10	0	-
384	37.089844	37.179688	G4	25	80	0	0	452	P1-29-11	0	-
385	37.376302	37.520833	C5	54	80	0	0	456	P1-29-4	0	-
386	37.401042	37.445312	Ab3	30	80	0	0	456	P1-29-12	0	-
387	37.532552	37.618490	Bb4	57	80	0	0	458	P1-29-5	0	-
388	37.662760	37.726562	Ab4	48	80	0	0	460	P1-29-6	0	-
389	37.686198	37.789062	G4	41	80	0	0	460	P1-29-15	0	-
390	37.696615	37.799479	Db4	29	80	0	0	460	P1-29-13	0	-
391	37.699219	37.709635	G#3	30	80	0	0	-1	*	3	-
392	37.700521	37.837240	Eb4	33	80	0	0	460	P1-29-14	0	-
393	37.787760	37.835938	Bb4	63	80	0	0	462	P1-29-7	0	-
394	37.808594	37.878906	Db4	33	80	0	0	-1	*	3	-
395	37.947917	38.369792	Bb4	57	80	0	0	464	P1-30-1	0	-
396	37.992188	38.089844	Ab3	24	80	0	0	464	P1-30-4	0	-
397	38.273438	38.324219	Eb4	35	80	0	0	468	P1-30-6	0	-
398	38.281250	38.378906	Ab4	30	80	0	0	468	P1-30-7	0	-
399	38.613281	39.149740	C5	53	80	0	0	472	P1-30-2	0	-
400	38.618490	38.690104	Ab3	34	80	0	0	472	P1-30-8	0	-
401	38.954427	39.438802	Eb4	24	80	0	0	476	P1-30-10	0	-
402	39.195312	39.619792	Eb5	47	80	0	0	479	P1-30-3	0	-
403	39.272135	39.658854	Ab5	68	80	0	0	480	P1-31-2	0	-
404	39.304688	39.688802	Ab3	39	80	0	0	480	P1-31-6	0	-
405	39.305990	39.699219	C5	47	80	0	0	480	P1-31-1	0	-
406	39.339844	39.559896	Ab4	35	80	0	0	-1	*	3	-
407	39.619792	39.789062	Ab4	35	80	0	0	484	P1-31-9	0	-
408	39.622396	39.769531	Eb4	25	80	0	0	484	P1-31-8	0	-
409	39.752604	39.859375	Eb5	57	80	0	0	487	P1-31-5	0	-
410	39.834635	40.149740	C5	57	80	0	0	488	P1-31-3	0	-
411	39.891927	40.119792	Ab5	71	80	0	0	488	P1-31-4	0	-
412	40.174479	40.339844	Ab4	35	80	0	0	492	P1-31-13	0	-
413	40.180990	40.244792	Eb4	40	80	0	0	492	P1-31-12	0	-
414	40.316406	40.416667	Eb5	66	80	0	0	496	P1-32-1	0	-
415	40.359375	40.449219	G#3	37	80	0	0	-1	*	3	-
416	40.463542	40.580729	G5	70	80	0	0	496	P1-32-2	0	-
417	40.464844	40.528646	Db3	54	80	0	0	496	P1-32-11	0	-
418	40.604167	40.769531	F5	63	80	0	0	498	P1-32-4	0	-
419	40.611979	40.722656	Db5	56	80	0	0	498	P1-32-3	0	-
420	40.746094	40.824219	C5	64	80	0	0	500	P1-32-5	0	-
421	40.752604	40.914062	E5	64	80	0	0	500	P1-32-6	0	-
422	40.774740	40.938802	G#3	47	80	0	0	500	P1-32-12	1	-
423	40.880208	40.949219	F5	54	80	0	0	502	P1-32-8	0	-
424	40.882812	40.959635	Db5	62	80	0	0	502	P1-32-7	0	-
425	41.022135	41.399740	F5	65	80	0	0	504	P1-32-10	0	-
426	41.027344	41.108073	Db5	61	80	0	0	504	P1-32-9	0	-
427	41.027344	41.089844	C#4	53	80	0	0	-1	*	3	-
428	41.028646	41.098958	Db3	52	80	0	0	504	P1-32-14	0	-
429	41.322917	41.468750	F4	50	80	0	0	508	P1-32-16	0	-
430	41.334635	41.529948	Bb3	52	80	0	0	-1	*	3	-
431	41.339844	41.529948	Db4	42	80	0	0	508	P1-32-15	0	-
432	41.623698	41.829427	F5	63	80	0	0	512	P1-33-1	0	-
433	41.623698	41.759115	Eb3	65	80	0	0	-1	*	3	-
434	41.643229	41.878906	Db5	58	80	0	0	512	P1-33-8	0	-
435	41.688802	41.809896	G4	56	80	0	0	512	P1-33-7	0	-
436	41.769531	42.109375	Eb5	58	80	0	0	514	P1-33-2	0	-
437	41.773438	42.109375	Eb3	50	80	0	0	512	P1-33-14	0	-
438	41.906250	42.139323	G4	67	80	0	0	516	P1-33-4	1	-
439	42.071615	42.118490	Bb3	54	80	0	0	516	P1-33-15	0	-
440	42.072917	42.119792	Db4	51	80	0	0	516	P1-33-16	0	-
441	42.226562	42.325521	Bb4	52	80	0	0	520	P1-33-11	0	-
442	42.226562	42.328125	C#5	57	80	0	0	-1	*	3	-
443	42.289062	42.345052	Eb3	36	80	0	0	520	P1-33-18	0	-
444	42.302083	42.359375	Eb4	34	80	0	0	-1	*	3	-
445	42.544271	42.592448	Db4	46	80	0	0	524	P1-33-20	0	-
446	42.544271	42.601562	Bb3	52	80	0	0	524	P1-33-19	0	-
447	42.589844	42.709635	G4	36	80	0	0	524	P1-33-12	1	-
448	42.716146	42.809896	G4	44	80	0	0	526	P1-33-13	0	-
449	42.847656	43.289062	Eb5	48	80	0	0	528	P1-34-3	0	-
450	42.852865	43.250000	C5	42	80	0	0	528	P1-34-2	0	-
451	42.854167	43.009115	Ab3	43	80	0	0	528	P1-34-7	0	-
452	42.865885	43.299479	Ab4	34	80	0	0	528	P1-34-1	0	-
453	43.179688	43.908854	Eb4	38	80	0	0	532	P1-34-9	0	-
454	43.184896	43.539062	C4	23	80	0	0	532	P1-34-8	0	-
455	43.514323	43.809896	Ab3	35	80	0	0	536	P1-34-10	0	-
456	43.515625	43.959635	Eb5	46	80	0	0	536	P1-34-6	0	-
457	43.516927	43.989583	C5	42	80	0	0	536	P1-34-5	0	-
458	43.559896	44.000000	Ab4	22	80	0	0	536	P1-34-4	0	-
459	43.824219	44.000000	C4	29	80	0	0	540	P1-34-11	0	-
460	43.904948	44.009115	G#3	27	80	0	0	540	P1-34-12	1	-
461	44.196615	44.365885	C3	46	80	0	0	544	P1-35-10	0	-
462	44.223958	44.718750	E5	64	80	0	0	544	P1-35-4	0	-
463	44.277344	44.639323	Bb4	42	80	0	0	544	P1-35-2	0	-
464	44.562500	44.664062	E4	34	80	0	0	548	P1-35-12	0	-
465	44.563802	44.669271	C4	30	80	0	0	548	P1-35-11	0	-
466	44.894531	45.329427	E5	67	80	0	0	552	P1-35-8	0	-
467	44.915365	45.003906	C3	48	80	0	0	552	P1-35-13	0	-
468	44.917969	45.049479	Bb4	60	80	0	0	552	P1-35-6	0	-
469	44.927083	44.994792	G4	50	80	0	0	552	P1-35-5	0	-
470	45.183594	45.339844	Bb4	48	80	0	0	-1	*	3	-
471	45.184896	45.252604	E4	41	80	0	0	556	P1-35-15	0	-
472	45.187500	45.257812	C4	37	80	0	0	556	P1-35-14	0	-
473	45.363281	45.519531	F5	64	80	0	0	559	P1-35-9	0	-
474	45.427083	45.505208	C5	55	80	0	0	560	P1-36-8	0	-
475	45.472656	45.563802	Ab5	78	80	0	0	560	P1-36-1	0	-
476	45.475260	45.580729	C3	60	80	0	0	560	P1-36-11	0	-
477	45.795573	45.944010	Ab5	65	80	0	0	564	P1-36-2	0	-
478	45.800781	45.979167	C5	53	80	0	0	564	P1-36-10	0	-
479	45.804688	45.899740	Ab4	49	80	0	0	564	P1-36-9	0	-
480	45.824219	45.959635	F3	39	80	0	0	-1	*	3	-
481	45.835938	45.968750	F4	33	80	0	0	564	P1-36-13	0	-
482	45.837240	45.979167	C4	27	80	0	0	564	P1-36-12	0	-
483	45.928385	46.009115	G5	69	80	0	0	566	P1-36-3	0	-
484	46.055990	46.123698	F5	74	80	0	0	568	P1-36-4	0	-
485	46.101562	46.144531	C3	41	80	0	0	568	P1-36-14	0	-
486	46.386719	46.513021	Eb5	61	80	0	0	572	P1-36-5	0	-
487	46.412760	46.489583	F3	33	80	0	0	-1	*	3	-
488	46.415365	46.483073	C4	32	80	0	0	572	P1-36-15	0	-
489	46.423177	46.480469	Bb3	33	80	0	0	-1	*	3	-
490	46.536458	46.601562	Db5	66	80	0	0	574	P1-36-6	0	-
491	46.664062	46.722656	C5	71	80	0	0	576	P1-37-3	0	-
492	46.674479	47.098958	G4	61	80	0	0	576	P1-37-1	0	-
493	46.679688	46.743490	C3	46	80	0	0	576	P1-37-9	0	-
494	46.984375	47.040365	E4	49	80	0	0	580	P1-37-11	0	-
495	46.986979	47.109375	C4	42	80	0	0	580	P1-37-10	0	-
496	47.291667	47.729167	E5	70	80	0	0	584	P1-37-7	0	-
497	47.298177	47.500000	C3	54	80	0	0	584	P1-37-12	0	-
498	47.302083	47.529948	C5	65	80	0	0	584	P1-37-6	0	-
499	47.312500	47.669271	Bb4	64	80	0	0	584	P1-37-5	0	-
500	47.571615	47.628906	E4	55	80	0	0	588	P1-37-14	0	-
501	47.592448	47.709635	C4	41	80	0	0	588	P1-37-13	0	-
502	47.696615	47.878906	F5	66	80	0	0	591	P1-37-8	0	-
503	47.774740	47.789062	F3	49	80	0	0	592	P1-38-7	1	-
504	47.774740	47.908854	C5	59	80	0	0	592	P1-38-8	0	-
505	47.845052	47.923177	Ab5	80	80	0	0	592	P1-38-1	0	-
506	47.907552	47.989583	C3	57	80	0	0	592	P1-38-11	0	-
507	48.144531	48.295573	Ab5	75	80	0	0	596	P1-38-2	0	-
508	48.148438	48.309896	C5	59	80	0	0	596	P1-38-10	0	-
509	48.152344	48.289062	Ab4	66	80	0	0	596	P1-38-9	0	-
510	48.175781	48.369792	C3	45	80	0	0	596	P1-38-12	1	-
511	48.191406	48.319010	F3	45	80	0	0	596	P1-38-13	1	-
512	48.276042	48.407552	G5	76	80	0	0	598	P1-38-3	0	-
513	48.408854	48.494792	F5	71	80	0	0	600	P1-38-4	0	-
514	48.433594	48.500000	C3	53	80	0	0	600	P1-38-14	1	-
515	48.718750	48.854167	Eb5	65	80	0	0	604	P1-38-5	0	-
516	48.734375	48.785156	E4	50	80	0	0	604	P1-38-16	1	-
517	48.744792	48.795573	C4	32	80	0	0	604	P1-38-15	0	-
518	48.868490	48.947917	Db5	69	80	0	0	606	P1-38-6	0	-
519	49.016927	49.419271	C5	65	80	0	0	608	P1-39-2	0	-
520	49.032552	49.114583	Ab2	52	80	0	0	608	P1-39-5	0	-
521	49.046875	49.259115	Ab4	51	80	0	0	608	P1-39-1	0	-
522	49.354167	49.429688	C4	41	80	0	0	612	P1-39-7	0	-
523	49.365885	49.519531	F#3	37	80	0	0	612	P1-39-6	1	-
524	49.369792	49.500000	G#2	37	80	0	0	612	*	3	-
525	49.683594	50.139323	C5	68	80	0	0	616	P1-39-4	0	-
526	49.694010	49.755208	A2	47	80	0	0	616	P1-39-8	0	-
527	49.696615	50.079427	Gb4	55	80	0	0	616	P1-39-3	0	-
528	49.986979	50.199219	C4	36	80	0	0	620	P1-39-10	0	-
529	49.994792	50.188802	Gb3	36	80	0	0	620	P1-39-9	0	-
530	50.106771	50.177083	F4	63	80	0	0	624	P1-40-11	0	-
531	50.292969	50.345052	Bb2	49	80	0	0	624	P1-40-12	0	-
532	50.294271	50.408854	C5	73	80	0	0	624	P1-40-1	0	-
533	50.436198	50.583333	Db5	68	80	0	0	626	P1-40-2	0	-
534	50.532552	50.609375	F3	50	80	0	0	628	P1-40-13	0	-
535	50.536458	50.574219	F2	51	80	0	0	-1	*	3	-
536	50.583333	50.726562	Eb5	67	80	0	0	628	P1-40-3	0	-
537	50.705729	50.753906	Db5	68	80	0	0	630	P1-40-4	0	-
538	50.851562	50.989583	Db5	62	80	0	0	632	P1-40-6	0	-
539	50.855469	50.989583	Db2	52	80	0	0	632	P1-40-15	0	-
540	50.875000	50.985677	F4	46	80	0	0	632	P1-40-5	0	-
541	51.177083	51.259115	C5	47	80	0	0	636	P1-40-8	0	-
542	51.184896	51.259115	Eb4	51	80	0	0	636	P1-40-7	0	-
543	51.221354	51.269531	Db3	31	80	0	0	636	P1-40-16	0	-
544	51.325521	51.365885	Bb4	57	80	0	0	638	P1-40-10	0	-
545	51.466146	51.559896	Ab4	51	80	0	0	640	P1-41-2	0	-
546	51.479167	51.585938	Eb2	45	80	0	0	640	P1-41-13	0	-
547	51.484375	51.566406	C4	38	80	0	0	640	P1-41-1	0	-
548	51.786458	51.886719	Ab4	54	80	0	0	644	P1-41-4	0	-
549	51.791667	51.876302	C4	40	80	0	0	644	P1-41-3	0	-
550	51.816406	51.872396	Ab3	29	80	0	0	644	P1-41-15	0	-
551	51.828125	51.894531	Eb3	33	80	0	0	644	P1-41-14	0	-
552	52.122396	52.298177	Ab4	47	80	0	0	648	P1-41-6	0	-
553	52.130208	52.269531	C4	36	80	0	0	648	P1-41-5	0	-
554	52.134115	52.584635	Eb3	43	80	0	0	648	P1-41-16	1	-
555	52.157552	52.348958	G#2	30	80	0	0	-1	*	3	-
556	52.213542	52.291667	Db4	39	80	0	0	650	P1-41-7	0	-
557	52.276042	52.393229	Bb4	52	80	0	0	650	P1-41-8	0	-
558	52.414062	52.542969	C5	59	80	0	0	652	P1-41-10	0	-
559	52.415365	52.569010	Eb4	42	80	0	0	652	P1-41-9	0	-
560	52.532552	52.585938	Db4	51	80	0	0	654	P1-41-11	0	-
561	52.566406	52.667969	Bb4	48	80	0	0	654	P1-41-12	0	-
562	52.716146	53.089844	Ab4	47	80	0	0	656	P1-42-2	0	-
563	52.727865	52.859375	C4	36	80	0	0	656	P1-42-1	0	-
564	52.729167	52.787760	Ab2	43	80	0	0	656	P1-42-5	0	-
565	52.744792	52.799479	F#4	31	80	0	0	-1	*	3	-
566	53.033854	53.115885	Ab3	40	80	0	0	660	P1-42-7	0	-
567	53.066406	53.789062	Eb3	28	80	0	0	660	P1-42-6	0	-
568	53.089844	53.179688	C4	23	80	0	0	-1	*	3	-
569	53.098958	53.209635	Ab4	35	80	0	0	-1	*	3	-
570	53.367188	53.750000	C5	38	80	0	0	-1	*	3	-
571	53.368490	53.444010	C4	29	80	0	0	664	P1-42-3	0	-
572	53.373698	53.609375	Ab4	35	80	0	0	664	P1-42-4	0	-
573	53.386719	53.446615	G#3	23	80	0	0	664	P1-42-8	1	-
574	53.394531	53.459635	F#4	22	80	0	0	-1	*	3	-
575	53.704427	53.772135	Ab3	24	80	0	0	668	P1-42-10	0	-
576	54.035156	54.128906	F5	49	80	0	0	-1	*	3	-
577	54.049479	54.484375	E5	47	80	0	0	672	P1-43-4	0	-
578	54.050781	54.429688	C3	33	80	0	0	672	P1-43-10	0	-
579	54.092448	54.500000	Bb4	32	80	0	0	672	P1-43-2	0	-
580	54.097656	54.519531	G4	26	80	0	0	672	P1-43-1	0	-
581	54.394531	54.848958	Bb3	39	80	0	0	676	P1-43-11	1	-
582	54.401042	54.598958	E4	29	80	0	0	676	P1-43-12	0	-
583	54.692708	55.279948	E5	58	80	0	0	680	P1-43-8	0	-
584	54.735677	54.949219	Bb4	36	80	0	0	680	P1-43-6	0	-
585	54.736979	55.059896	G4	30	80	0	0	680	P1-43-5	0	-
586	54.994792	55.057292	E4	39	80	0	0	684	P1-43-15	0	-
587	55.005208	55.139323	Bb3	39	80	0	0	684	P1-43-14	1	-
588	55.212240	55.305990	F5	53	80	0	0	687	P1-43-9	0	-
589	55.253906	55.378906	C5	49	80	0	0	688	P1-44-8	0	-
590	55.294271	55.429688	Ab5	61	80	0	0	688	P1-44-1	0	-
591	55.644531	55.704427	Ab5	56	80	0	0	692	P1-44-2	0	-
592	55.645833	55.809896	C5	50	80	0	0	692	P1-44-10	0	-
593	55.653646	55.707031	G#3	44	80	0	0	-1	*	3	-
594	55.660156	55.669271	F3	38	80	0	0	692	P1-44-12	1	-
595	55.665365	55.750000	Ab4	42	80	0	0	692	P1-44-9	0	-
596	55.666667	55.679688	F4	31	80	0	0	692	P1-44-13	0	-
597	55.777344	55.842448	G5	60	80	0	0	694	P1-44-3	0	-
598	55.915365	56.015625	F5	60	80	0	0	696	P1-44-4	0	-
599	55.921875	55.977865	C3	52	80	0	0	696	P1-44-14	0	-
600	56.240885	56.378906	Eb5	50	80	0	0	700	P1-44-5	0	-
601	56.266927	56.339844	Bb3	32	80	0	0	700	P1-44-15	1	-
602	56.268229	56.328125	G#3	31	80	0	0	-1	*	3	-
603	56.302083	56.408854	F4	17	80	0	0	700	P1-44-16	0	-
604	56.403646	56.514323	Db5	51	80	0	0	702	P1-44-6	0	-
605	56.527344	56.959635	C5	58	80	0	0	704	P1-45-3	0	-
606	56.542969	56.606771	Bb3	43	80	0	0	704	P1-45-9	1	-
607	56.561198	56.608073	G4	44	80	0	0	704	P1-45-1	0	-
608	56.565104	56.669271	Bb4	42	80	0	0	704	P1-45-2	0	-
609	56.851562	56.911458	Bb3	43	80	0	0	708	P1-45-10	1	-
610	56.854167	56.906250	E4	41	80	0	0	708	P1-45-11	0	-
611	57.173177	57.569010	E5	63	80	0	0	712	P1-45-7	0	-
612	57.178385	57.264323	C3	46	80	0	0	712	P1-45-12	0	-
613	57.207031	57.489583	Bb4	42	80	0	0	712	P1-45-5	0	-
614	57.463542	57.589844	Bb3	47	80	0	0	716	P1-45-13	1	-
615	57.467448	57.523438	E4	37	80	0	0	716	P1-45-14	0	-
616	57.631510	57.755208	F5	60	80	0	0	719	P1-45-8	0	-
617	57.688802	57.748698	C5	64	80	0	0	720	P1-46-8	0	-
618	57.734375	57.799479	Ab5	79	80	0	0	720	P1-46-1	0	-
619	57.756510	57.828125	C3	47	80	0	0	720	P1-46-11	0	-
620	58.046875	58.199219	F3	44	80	0	0	724	P1-46-12	1	-
621	58.052083	58.199219	Ab5	64	80	0	0	724	P1-46-2	0	-
622	58.053385	58.059896	F5	52	80	0	0	-1	*	3	-
623	58.058594	58.139323	C5	54	80	0	0	724	P1-46-10	0	-
624	58.096354	58.188802	G#3	27	80	0	0	-1	*	3	-
625	58.104167	58.158854	F4	26	80	0	0	724	P1-46-13	0	-
626	58.191406	58.242188	G5	68	80	0	0	726	P1-46-3	0	-
627	58.321615	58.384115	F5	59	80	0	0	728	P1-46-4	0	-
628	58.354167	58.438802	C3	34	80	0	0	728	P1-46-14	1	-
629	58.623698	58.800781	Eb5	60	80	0	0	732	P1-46-5	0	-
630	58.664062	58.733073	G#3	34	80	0	0	732	P1-46-15	1	-
631	58.665365	58.679688	Ab2	31	80	0	0	-1	*	3	-
632	58.665365	58.699219	F#4	27	80	0	0	732	P1-46-16	1	-
633	58.777344	58.826823	Db5	63	80	0	0	734	P1-46-6	0	-
634	58.932292	59.089844	C5	63	80	0	0	736	P1-47-2	0	-
635	58.947917	59.007812	Ab2	44	80	0	0	736	P1-47-5	0	-
636	58.964844	59.309896	Ab4	43	80	0	0	736	P1-47-1	0	-
637	59.274740	59.371094	C4	35	80	0	0	740	P1-47-7	0	-
638	59.295573	59.394531	F#3	33	80	0	0	-1	*	3	-
639	59.302083	59.389323	Ab3	32	80	0	0	740	P1-47-6	0	-
640	59.364583	59.449219	Gb4	35	80	0	0	-1	*	3	-
641	59.582031	59.819010	A2	57	80	0	0	744	P1-47-8	0	-
642	59.610677	60.041667	C5	54	80	0	0	744	P1-47-4	0	-
643	59.615885	60.085938	Gb4	50	80	0	0	744	P1-47-3	0	-
644	59.928385	60.119792	Gb3	37	80	0	0	748	P1-47-9	0	-
645	59.933594	60.119792	C4	31	80	0	0	748	P1-47-10	0	-
646	60.054688	60.199219	F4	58	80	0	0	752	P1-48-11	0	-
647	60.223958	60.355469	C5	69	80	0	0	752	P1-48-1	0	-
648	60.231771	60.303385	Bb2	47	80	0	0	752	P1-48-12	0	-
649	60.368490	60.453125	Db5	69	80	0	0	754	P1-48-2	0	-
650	60.507812	60.519531	F2	45	80	0	0	-1	*	3	-
651	60.514323	60.705729	Eb5	63	80	0	0	756	P1-48-3	0	-
652	60.515625	60.572917	F3	44	80	0	0	756	P1-48-13	0	-
653	60.623698	60.713542	Db5	58	80	0	0	758	P1-48-4	0	-
654	60.790365	60.863281	Db5	57	80	0	0	760	P1-48-6	0	-
655	60.800781	60.872396	F4	44	80	0	0	760	P1-48-5	0	-
656	60.804688	60.899740	C#4	44	80	0	0	-1	*	3	-
657	60.807292	60.884115	G#3	41	80	0	0	-1	*	3	-
658	60.807292	60.878906	G#2	45	80	0	0	-1	*	3	-
659	60.808594	60.868490	Db2	44	80	0	0	760	P1-48-15	0	-
660	61.085938	61.209635	C5	49	80	0	0	764	P1-48-8	0	-
661	61.138021	61.178385	E4	41	80	0	0	764	P1-48-7	1	-
662	61.246094	61.286458	Bb4	54	80	0	0	766	P1-48-10	0	-
663	61.384115	61.494792	Ab4	48	80	0	0	768	P1-49-2	0	-
664	61.390625	61.492188	C4	40	80	0	0	768	P1-49-1	0	-
665	61.415365	61.500000	Eb2	35	80	0	0	768	P1-49-13	0	-
666	61.421875	61.539062	Eb3	33	80	0	0	-1	*	3	-
667	61.714844	61.800781	Ab4	51	80	0	0	772	P1-49-4	0	-
668	61.723958	61.794271	C4	39	80	0	0	772	P1-49-3	0	-
669	61.743490	61.805990	Ab3	32	80	0	0	772	P1-49-15	0	-
670	61.744792	61.848958	Eb3	31	80	0	0	772	P1-49-14	0	-
671	62.055990	62.140625	Ab4	48	80	0	0	776	P1-49-6	0	-
672	62.061198	62.579427	Eb3	40	80	0	0	776	P1-49-16	1	-
673	62.062500	62.119792	C4	36	80	0	0	776	P1-49-5	0	-
674	62.071615	62.079427	Ab3	35	80	0	0	-1	*	3	-
675	62.221354	62.316406	Bb4	49	80	0	0	778	P1-49-8	0	-
676	62.223958	62.329427	Db4	39	80	0	0	778	P1-49-7	0	-
677	62.365885	62.475260	C5	46	80	0	0	780	P1-49-10	0	-
678	62.373698	62.546875	Eb4	33	80	0	0	780	P1-49-9	0	-
679	62.502604	62.626302	Bb4	45	80	0	0	782	P1-49-12	0	-
680	62.503906	62.550781	Db4	35	80	0	0	782	P1-49-11	0	-
681	62.670573	63.009115	Ab4	43	80	0	0	784	P1-50-2	0	-
682	62.671875	62.789062	Ab2	39	80	0	0	784	P1-50-6	0	-
683	62.721354	62.878906	C4	24	80	0	0	784	P1-50-1	0	-
684	62.983073	63.169271	Ab3	34	80	0	0	788	P1-50-8	0	-
685	63.011719	63.438802	Eb3	27	80	0	0	788	P1-50-7	0	-
686	63.016927	63.199219	G#4	28	80	0	0	788	*	3	-
687	63.018229	63.169271	Eb4	25	80	0	0	788	*	3	-
688	63.335938	63.598958	Ab2	31	80	0	0	792	P1-50-9	0	-
689	63.337240	63.769531	Ab4	34	80	0	0	792	P1-50-4	0	-
690	63.373698	63.729167	C4	26	80	0	0	792	P1-50-3	0	-
691	63.375000	63.438802	F#4	21	80	0	0	792	*	3	-
692	63.626302	63.707031	Ab3	30	80	0	0	796	P1-50-11	0	-
693	63.653646	63.779948	Eb3	20	80	0	0	796	P1-50-10	0	-
694	63.942708	64.019531	Bb4	54	80	0	0	799	P1-50-5	0	-
695	63.981771	64.026042	F3	33	80	0	0	800	P1-51-8	0	-
696	63.984375	64.035156	Ab4	53	80	0	0	800	P1-51-1	0	-
697	64.345052	64.427083	Ab4	34	80	0	0	804	P1-51-2	0	-
698	64.347656	64.408854	F4	30	80	0	0	804	P1-51-10	0	-
699	64.364583	64.415365	C4	20	80	0	0	804	P1-51-9	0	-
700	64.390625	64.459635	F3	22	80	0	0	804	*	3	-
701	64.472656	64.506510	Bb4	48	80	0	0	806	P1-51-3	0	-
702	64.619792	64.718750	Ab4	46	80	0	0	808	P1-51-4	0	-
703	64.651042	64.718750	F4	25	80	0	0	808	*	3	-
704	64.652344	64.658854	Bb3	30	80	0	0	808	*	3	-
705	64.654948	64.739583	G#3	27	80	0	0	808	*	3	-
706	64.658854	64.739583	F3	28	80	0	0	808	P1-51-11	0	-
707	64.940104	65.079427	G4	56	80	0	0	812	P1-51-5	0	-
708	64.970052	65.053385	C4	33	80	0	0	812	P1-51-12	0	-
709	64.983073	65.044271	E4	33	80	0	0	812	P1-51-13	0	-
710	65.171875	65.259115	Ab4	47	80	0	0	814	P1-51-6	0	-
711	65.235677	65.309896	Bb4	56	80	0	0	815	P1-51-7	0	-
712	65.299479	65.630208	C5	61	80	0	0	816	P1-52-2	0	-
713	65.316406	65.378906	Bb4	51	80	0	0	816	P1-52-1	1	-
714	65.317708	65.329427	F2	36	80	0	0	-1	*	3	-
715	65.326823	65.438802	F3	37	80	0	0	816	P1-52-8	0	-
716	65.625000	65.779948	F4	34	80	0	0	820	P1-52-10	0	-
717	65.632812	65.705729	C4	34	80	0	0	820	P1-52-9	0	-
718	65.632812	65.739583	G#3	32	80	0	0	-1	*	3	-
719	65.634115	65.729167	F3	29	80	0	0	-1	*	3	-
720	65.807292	65.889323	Ab4	51	80	0	0	822	P1-52-5	0	-
721	65.873698	66.000000	Bb4	58	80	0	0	823	P1-52-6	0	-
722	65.942708	65.996094	C5	69	80	0	0	824	P1-52-4	0	-
723	65.954427	66.049479	F3	44	80	0	0	824	P1-52-11	0	-
724	65.968750	66.309896	Ab4	60	80	0	0	824	P1-52-3	0	-
725	66.218750	66.319010	F4	47	80	0	0	828	P1-52-13	0	-
726	66.223958	66.270833	C4	49	80	0	0	828	P1-52-12	0	-
727	66.500000	66.579427	Bb4	54	80	0	0	831	P1-52-7	0	-
728	66.545573	66.628906	Ab4	55	80	0	0	832	P1-53-1	0	-
729	66.555990	66.598958	F2	50	80	0	0	832	*	3	-
730	66.555990	66.615885	F3	58	80	0	0	832	P1-53-9	0	-
731	66.563802	66.649740	F4	52	80	0	0	832	*	3	-
732	66.897135	66.963542	Ab4	38	80	0	0	836	P1-53-2	0	-
733	66.908854	67.019531	F4	27	80	0	0	836	P1-53-11	0	-
734	66.910156	66.964844	C4	29	80	0	0	836	P1-53-10	0	-
735	67.041667	67.085938	Bb4	52	80	0	0	838	P1-53-3	0	-
736	67.182292	67.259115	Ab4	47	80	0	0	840	P1-53-4	0	-
737	67.201823	67.289062	F3	38	80	0	0	840	P1-53-12	0	-
738	67.201823	67.269531	F4	36	80	0	0	840	*	3	-
739	67.490885	67.549479	C5	51	80	0	0	844	P1-53-6	0	-
740	67.522135	67.557292	G4	36	80	0	0	844	P1-53-5	0	-
741	67.524740	67.574219	E4	36	80	0	0	844	P1-53-14	0	-
742	67.527344	67.583333	C4	33	80	0	0	844	P1-53-13	0	-
743	67.563802	67.605469	G3	22	80	0	0	844	*	3	-
744	67.764323	67.829427	C5	58	80	0	0	847	P1-53-8	0	-
745	67.822917	68.289062	F5	60	80	0	0	848	P1-54-2	0	-
746	67.852865	68.259115	Ab4	49	80	0	0	848	P1-54-1	0	-
747	67.858073	67.907552	F3	38	80	0	0	848	P1-54-7	0	-
748	68.162760	68.214844	F4	24	80	0	0	852	P1-54-9	0	-
749	68.164062	68.279948	C4	27	80	0	0	852	P1-54-8	0	-
750	68.403646	68.505208	C5	37	80	0	0	855	P1-54-5	0	-
751	68.453125	69.069010	F5	59	80	0	0	856	P1-54-4	0	-
752	68.466146	69.179688	Ab4	49	80	0	0	856	P1-54-3	0	-
753	68.472656	68.479167	F2	38	80	0	0	-1	*	3	-
754	68.492188	68.859375	F3	38	80	0	0	856	P1-54-10	0	-
755	68.492188	68.500000	C3	37	80	0	0	-1	*	3	-
756	68.753906	68.889323	F4	37	80	0	0	860	P1-54-12	0	-
757	68.753906	68.816406	C4	45	80	0	0	860	P1-54-11	0	-
758	69.023438	69.123698	Gb5	59	80	0	0	863	P1-54-6	0	-
759	69.071615	69.127604	Db3	72	80	0	0	864	P1-55-10	0	-
760	69.082031	69.139323	F5	56	80	0	0	864	P1-55-1	0	-
761	69.386719	69.579427	F5	65	80	0	0	868	P1-55-2	0	-
762	69.395833	69.479167	C#5	55	80	0	0	868	P1-55-7	1	-
763	69.401042	69.445312	G#3	58	80	0	0	-1	*	3	-
764	69.403646	69.529948	F4	55	80	0	0	868	P1-55-12	0	-
765	69.407552	69.446615	Db4	53	80	0	0	868	P1-55-11	0	-
766	69.430990	69.438802	Bb3	49	80	0	0	-1	*	3	-
767	69.531250	69.619792	Gb5	71	80	0	0	870	P1-55-3	0	-
768	69.682292	69.751302	F5	71	80	0	0	872	P1-55-4	0	-
769	69.686198	69.744792	Bb4	69	80	0	0	872	P1-55-8	1	-
770	69.696615	69.744792	C3	63	80	0	0	872	P1-55-13	0	-
771	69.989583	70.085938	F5	73	80	0	0	876	P1-55-5	0	-
772	70.014323	70.066406	F3	58	80	0	0	-1	*	3	-
773	70.014323	70.044271	A4	61	80	0	0	876	P1-55-9	0	-
774	70.019531	70.062500	Eb4	57	80	0	0	876	P1-55-15	0	-
775	70.023438	70.098958	F4	56	80	0	0	876	P1-55-16	0	-
776	70.024740	70.057292	A3	44	80	0	0	-1	*	3	-
777	70.299479	70.489583	Bb4	70	80	0	0	880	P1-56-6	0	-
778	70.303385	70.688802	F5	65	80	0	0	880	P1-56-1	0	-
779	70.313802	70.382812	Bb3	60	80	0	0	-1	*	3	-
780	70.339844	70.382812	Bb2	42	80	0	0	880	P1-56-7	0	-
781	70.343750	70.399740	F3	39	80	0	0	-1	*	3	-
782	70.592448	70.989583	Bb5	68	80	0	0	884	P1-56-2	0	-
783	70.649740	70.729167	F4	31	80	0	0	884	P1-56-10	0	-
784	70.652344	70.739583	C#5	36	80	0	0	-1	*	3	-
785	70.654948	70.729167	G#3	31	80	0	0	884	P1-56-8	1	-
786	70.670573	70.679688	D4	31	80	0	0	884	P1-56-9	1	-
787	70.949219	71.078125	F5	53	80	0	0	888	P1-56-5	0	-
788	70.953125	71.033854	F3	46	80	0	0	888	P1-56-11	0	-
789	70.981771	71.039062	Ab4	40	80	0	0	888	P1-56-4	0	-
790	70.981771	71.037760	G#3	37	80	0	0	-1	*	3	-
791	70.997396	71.061198	F4	37	80	0	0	-1	*	3	-
792	71.282552	71.386719	G#3	33	80	0	0	892	P1-56-12	1	-
793	71.287760	71.419271	F3	25	80	0	0	892	P1-56-13	1	-
794	71.596354	71.799479	C5	61	80	0	0	896	P1-57-2	0	-
795	71.601562	71.779948	Ab4	63	80	0	0	896	P1-57-1	0	-
796	71.625000	71.769531	C3	29	80	0	0	896	P1-57-16	0	-
797	71.718750	71.869792	Bb4	61	80	0	0	898	P1-57-4	0	-
798	71.760417	72.098958	G4	47	80	0	0	898	P1-57-3	0	-
799	71.856771	72.149740	Ab4	53	80	0	0	900	P1-57-6	0	-
800	71.875000	72.039062	C4	41	80	0	0	900	P1-57-17	0	-
801	71.882812	71.940104	G#3	43	80	0	0	-1	*	3	-
802	71.889323	71.959635	F3	38	80	0	0	900	P1-57-18	1	-
803	72.006510	72.075521	Bb4	59	80	0	0	902	P1-57-8	0	-
804	72.160156	72.255208	Ab4	60	80	0	0	904	P1-57-13	0	-
805	72.162760	72.223958	C3	44	80	0	0	904	P1-57-19	0	-
806	72.165365	72.274740	C5	65	80	0	0	904	P1-57-9	0	-
807	72.166667	72.179688	F1	44	80	0	0	-1	*	3	-
808	72.296875	72.529948	Db5	62	80	0	0	906	P1-57-10	0	-
809	72.433594	72.519531	Bb3	51	80	0	0	-1	*	3	-
810	72.434896	72.589844	Bb4	53	80	0	0	908	P1-57-15	0	-
811	72.436198	72.606771	G4	51	80	0	0	908	P1-57-14	0	-
812	72.437500	72.509115	E4	51	80	0	0	908	P1-57-21	0	-
813	72.440104	72.523438	C4	45	80	0	0	908	P1-57-20	0	-
814	72.444010	72.549479	G3	47	80	0	0	-1	*	3	-
815	72.570312	72.622396	E5	56	80	0	0	910	P1-57-12	0	-
816	72.730469	73.339844	F5	57	80	0	0	912	P1-58-3	0	-
817	72.731771	73.475260	C5	49	80	0	0	912	P1-58-2	0	-
818	72.748698	73.289062	Ab4	43	80	0	0	912	P1-58-1	0	-
819	72.753906	72.809896	F3	39	80	0	0	912	P1-58-8	0	-
820	73.104167	73.205729	F4	30	80	0	0	916	P1-58-10	0	-
821	73.122396	73.205729	C4	27	80	0	0	916	P1-58-9	0	-
822	73.123698	73.209635	F3	23	80	0	0	-1	*	3	-
823	73.408854	73.859375	F5	45	80	0	0	920	P1-58-6	0	-
824	73.416667	73.488281	F3	33	80	0	0	920	P1-58-11	0	-
825	73.434896	73.819010	Ab4	31	80	0	0	920	P1-58-4	0	-
826	73.434896	73.509115	C4	21	80	0	0	-1	*	3	-
827	73.455729	73.509115	F4	28	80	0	0	-1	*	3	-
828	73.722656	73.783854	C4	31	80	0	0	924	P1-58-12	0	-
829	73.722656	73.778646	F4	33	80	0	0	924	P1-58-13	0	-
830	73.998698	74.087240	G5	69	80	0	0	927	P1-58-7	1	-
831	74.023438	74.111979	Bb2	65	80	0	0	928	P1-59-9	0	-
832	74.024740	74.092448	E5	57	80	0	0	928	P1-59-6	0	-
833	74.351562	74.412760	Db4	49	80	0	0	932	P1-59-11	0	-
834	74.352865	74.468750	G5	54	80	0	0	932	P1-59-2	0	-
835	74.360677	74.416667	Bb3	46	80	0	0	932	P1-59-10	0	-
836	74.361979	74.500000	E5	49	80	0	0	932	P1-59-7	0	-
837	74.473958	74.634115	Ab5	57	80	0	0	934	P1-59-3	0	-
838	74.613281	74.766927	G5	69	80	0	0	936	P1-59-4	0	-
839	74.635417	74.769531	E5	52	80	0	0	-1	*	3	-
840	74.647135	74.709635	C#5	39	80	0	0	-1	*	3	-
841	74.652344	74.658854	G2	38	80	0	0	936	P1-59-12	1	-
842	74.933594	75.289062	G5	72	80	0	0	940	P1-59-5	0	-
843	74.946615	75.119792	E5	57	80	0	0	940	P1-59-8	0	-
844	74.953125	75.013021	C#5	52	80	0	0	940	P1-59-14	1	-
845	74.954427	75.000000	Bb2	47	80	0	0	-1	*	3	-
846	74.955729	75.007812	Bb3	52	80	0	0	940	P1-59-13	0	-
847	75.092448	75.968750	F5	60	80	0	0	944	P1-60-5	0	-
848	75.261719	75.658854	Bb5	73	80	0	0	944	P1-60-1	0	-
849	75.283854	75.386719	B2	47	80	0	0	944	P1-60-8	0	-
850	75.595052	76.128906	Ab5	60	80	0	0	948	P1-60-2	0	-
851	75.611979	76.039062	B4	41	80	0	0	-1	*	3	-
852	75.623698	75.696615	D4	37	80	0	0	948	P1-60-10	0	-
853	75.638021	75.649740	B2	31	80	0	0	-1	*	3	-
854	75.644531	75.703125	B3	32	80	0	0	948	P1-60-9	0	-
855	75.897135	76.011719	B2	28	80	0	0	952	P1-60-11	0	-
856	76.088542	76.192708	G5	51	80	0	0	956	P1-60-3	0	-
857	76.187500	76.311198	F5	47	80	0	0	958	P1-60-4	0	-
858	76.187500	76.329427	D5	43	80	0	0	-1	*	3	-
859	76.194010	76.309896	D4	40	80	0	0	956	P1-60-13	0	-
860	76.463542	76.559896	Db5	55	80	0	0	959	P1-60-7	0	-
861	76.505208	76.592448	C5	61	80	0	0	960	P1-61-1	0	-
862	76.505208	76.589844	C3	41	80	0	0	960	P1-61-11	0	-
863	76.511719	77.199219	Ab4	55	80	0	0	960	P1-61-6	0	-
864	76.537760	76.549479	C2	34	80	0	0	-1	*	3	-
865	76.865885	76.986979	C5	50	80	0	0	964	P1-61-2	0	-
866	76.912760	77.109375	C#4	28	80	0	0	964	P1-61-12	1	-
867	76.992188	77.174479	Db5	40	80	0	0	966	P1-61-3	0	-
868	77.119792	77.479167	C5	55	80	0	0	968	P1-61-4	0	-
869	77.123698	77.182292	C3	36	80	0	0	968	P1-61-14	0	-
870	77.427083	77.497396	E5	51	80	0	0	972	P1-61-5	0	-
871	77.440104	77.500000	G4	43	80	0	0	972	P1-61-8	0	-
872	77.446615	77.502604	Bb4	44	80	0	0	972	P1-61-9	0	-
873	77.463542	77.519531	E4	42	80	0	0	972	P1-61-16	0	-
874	77.778646	78.259115	F5	54	80	0	0	976	P1-62-3	0	-
875	77.785156	77.855469	F3	44	80	0	0	976	P1-62-8	0	-
876	77.785156	77.854167	C5	44	80	0	0	976	P1-62-2	0	-
877	77.786458	78.229167	Ab4	46	80	0	0	976	P1-62-1	0	-
878	78.102865	78.186198	F4	25	80	0	0	980	P1-62-10	0	-
879	78.139323	78.208333	C4	17	80	0	0	980	P1-62-9	0	-
880	78.144531	78.229167	F3	18	80	0	0	-1	*	3	-
881	78.421875	78.821615	F5	55	80	0	0	984	P1-62-6	0	-
882	78.438802	78.848958	Ab4	39	80	0	0	984	P1-62-4	0	-
883	78.444010	78.569010	C5	35	80	0	0	984	P1-62-5	0	-
884	78.453125	78.569010	F3	33	80	0	0	984	P1-62-11	0	-
885	78.734375	78.819010	C5	35	80	0	0	988	P1-62-13	1	-
886	78.734375	78.808594	C4	32	80	0	0	988	P1-62-12	0	-
887	78.829427	78.878906	C5	37	80	0	0	-1	*	3	-
888	79.003906	79.084635	Ab5	59	80	0	0	991	P1-62-7	0	-
889	79.042969	79.113281	Bb2	58	80	0	0	992	P1-63-9	0	-
890	79.084635	79.179688	E5	43	80	0	0	992	P1-63-6	0	-
891	79.375000	79.430990	Bb3	50	80	0	0	996	P1-63-10	0	-
892	79.376302	79.436198	G5	51	80	0	0	996	P1-63-2	0	-
893	79.380208	79.421875	C#5	47	80	0	0	996	P1-63-11	1	-
894	79.391927	79.500000	E5	46	80	0	0	996	P1-63-7	0	-
895	79.403646	79.468750	G4	37	80	0	0	-1	*	3	-
896	79.515625	79.640625	Ab5	50	80	0	0	998	P1-63-3	0	-
897	79.644531	79.712240	G5	63	80	0	0	1000	P1-63-4	0	-
898	79.654948	79.726562	Bb2	52	80	0	0	1000	P1-63-12	0	-
899	79.662760	79.709635	E5	52	80	0	0	-1	*	3	-
900	79.944010	80.250000	G5	69	80	0	0	1004	P1-63-5	0	-
901	79.970052	80.059896	C#5	50	80	0	0	1004	P1-63-14	1	-
902	79.975260	80.139323	E5	55	80	0	0	1004	P1-63-8	0	-
903	79.976562	80.024740	Bb3	46	80	0	0	1004	P1-63-13	0	-
904	80.114583	80.750000	F5	64	80	0	0	1008	P1-64-5	0	-
905	80.277344	80.500000	Bb5	67	80	0	0	1008	P1-64-1	0	-
906	80.295573	80.350260	B2	43	80	0	0	1008	P1-64-8	0	-
907	80.605469	81.177083	Ab5	57	80	0	0	1012	P1-64-2	0	-
908	80.643229	80.750000	B4	31	80	0	0	-1	*	3	-
909	80.651042	80.717448	D4	32	80	0	0	1012	P1-64-10	0	-
910	80.652344	80.705729	B3	29	80	0	0	1012	P1-64-9	0	-
911	80.891927	80.964844	B2	50	80	0	0	1016	P1-64-11	0	-
912	80.891927	81.098958	B4	42	80	0	0	-1	*	3	-
913	80.894531	80.908854	F4	36	80	0	0	-1	*	3	-
914	80.898438	80.908854	G4	39	80	0	0	-1	*	3	-
915	81.118490	81.194010	G5	46	80	0	0	1020	P1-64-3	0	-
916	81.188802	81.261719	F5	54	80	0	0	1022	P1-64-4	0	-
917	81.192708	81.269531	D5	45	80	0	0	1023	P1-64-7	0	-
918	81.199219	81.253906	D4	42	80	0	0	1020	P1-64-13	0	-
919	81.199219	81.255208	B3	39	80	0	0	1020	P1-64-12	0	-
920	81.496094	81.579427	D5	63	80	0	0	-1	*	3	-
921	81.514323	82.329427	A4	65	80	0	0	1024	P1-65-8	0	-
922	81.541667	81.589844	F2	41	80	0	0	-1	*	3	-
923	81.542969	81.595052	C3	43	80	0	0	1024	P1-65-11	0	-
924	81.545573	81.739583	C5	56	80	0	0	1024	P1-65-1	0	-
925	81.878906	81.992188	C5	51	80	0	0	1028	P1-65-2	0	-
926	81.915365	81.989583	F3	28	80	0	0	1028	P1-65-12	1	-
927	81.917969	81.964844	F4	28	80	0	0	1028	P1-65-13	0	-
928	82.027344	82.132812	D5	50	80	0	0	1030	P1-65-3	0	-
929	82.153646	82.378906	C5	49	80	0	0	1032	P1-65-4	0	-
930	82.154948	82.222656	C3	47	80	0	0	1032	P1-65-14	0	-
931	82.334635	82.466146	A4	40	80	0	0	-1	*	3	-
932	82.481771	82.609375	Bb4	61	80	0	0	1036	P1-65-10	0	-
933	82.483073	82.546875	D5	56	80	0	0	1036	P1-65-5	0	-
934	82.511719	82.555990	C4	42	80	0	0	1036	P1-65-15	0	-
935	82.515625	82.579427	E4	47	80	0	0	1036	P1-65-16	0	-
936	82.830729	82.906250	D5	57	80	0	0	1039	P1-65-7	0	-
937	82.864583	83.009115	C3	46	80	0	0	1040	P1-66-11	0	-
938	82.875000	83.054688	C5	54	80	0	0	1040	P1-66-1	0	-
939	82.912760	82.973958	A4	49	80	0	0	1040	P1-66-8	0	-
940	83.088542	83.819010	A4	43	80	0	0	1044	P1-66-9	0	-
941	83.226562	83.399740	C5	59	80	0	0	1044	P1-66-2	0	-
942	83.253906	83.329427	F4	35	80	0	0	1044	P1-66-13	0	-
943	83.259115	83.348958	F3	27	80	0	0	-1	*	3	-
944	83.263021	83.339844	C4	29	80	0	0	1044	P1-66-12	0	-
945	83.378906	83.484375	D5	57	80	0	0	1046	P1-66-3	0	-
946	83.502604	83.606771	C5	51	80	0	0	1048	P1-66-4	0	-
947	83.505208	83.582031	C3	46	80	0	0	1048	P1-66-14	0	-
948	83.800781	83.891927	D5	49	80	0	0	1052	P1-66-5	0	-
949	83.803385	83.885417	Bb4	52	80	0	0	1052	P1-66-10	0	-
950	83.837240	83.908854	G3	34	80	0	0	-1	*	3	-
951	83.841146	83.884115	E4	41	80	0	0	1052	P1-66-16	0	-
952	83.843750	83.894531	C4	33	80	0	0	1052	P1-66-15	0	-
953	83.852865	83.859375	C3	32	80	0	0	-1	*	3	-
954	84.084635	84.212240	D5	46	80	0	0	1055	P1-66-7	0	-
955	84.144531	84.739583	A4	48	80	0	0	1056	P1-67-6	0	-
956	84.145833	84.213542	C3	43	80	0	0	1056	P1-67-9	0	-
957	84.145833	84.247396	C5	52	80	0	0	1056	P1-67-1	0	-
958	84.472656	84.569010	C5	51	80	0	0	1060	P1-67-2	0	-
959	84.475260	84.548177	C4	37	80	0	0	1060	P1-67-10	0	-
960	84.479167	84.489583	C3	33	80	0	0	-1	*	3	-
961	84.505208	84.609375	F3	24	80	0	0	1060	P1-67-11	1	-
962	84.617188	84.704427	D5	53	80	0	0	1062	P1-67-3	0	-
963	84.750000	84.863281	C5	44	80	0	0	1064	P1-67-4	0	-
964	84.750000	84.822917	C3	41	80	0	0	1064	P1-67-12	0	-
965	85.048177	85.059896	F4	45	80	0	0	1068	P1-67-14	1	-
966	85.053385	85.134115	E5	53	80	0	0	1068	P1-67-5	0	-
967	85.054688	85.113281	E4	48	80	0	0	-1	*	3	-
968	85.066406	85.079427	Bb2	35	80	0	0	-1	*	3	-
969	85.067708	85.125000	C4	36	80	0	0	1068	P1-67-13	0	-
970	85.070312	85.132812	Bb4	42	80	0	0	1068	P1-67-8	0	-
971	85.072917	85.179688	C5	41	80	0	0	-1	*	3	-
972	85.074219	85.079427	F3	33	80	0	0	-1	*	3	-
973	85.075521	85.089844	C3	34	80	0	0	-1	*	3	-
974	85.406250	85.472656	C3	40	80	0	0	-1	*	3	-
975	85.407552	85.764323	C5	47	80	0	0	1072	P1-68-1	1	-
976	85.408854	85.829427	F5	52	80	0	0	1072	P1-68-2	0	-
977	85.408854	85.472656	F2	38	80	0	0	1072	P1-68-6	0	-
978	85.414062	85.479167	F3	36	80	0	0	-1	*	3	-
979	85.709635	85.766927	C3	43	80	0	0	1076	P1-68-7	0	-
980	85.710938	85.718750	F2	42	80	0	0	-1	*	3	-
981	85.712240	85.760417	F3	40	80	0	0	1076	P1-68-8	0	-
982	86.026042	86.104167	F5	43	80	0	0	1080	P1-68-4	0	-
983	86.032552	86.179688	F2	42	80	0	0	1080	P1-68-9	0	-
984	86.033854	86.084635	A4	44	80	0	0	1080	P1-68-3	0	-
985	86.033854	86.169271	C3	43	80	0	0	-1	*	3	-
986	86.042969	86.049479	F3	38	80	0	0	-1	*	3	-
987	86.335938	86.406250	F3	43	80	0	0	1084	P1-68-11	0	-
988	86.338542	86.411458	C3	46	80	0	0	1084	P1-68-10	0	-
989	86.623698	86.727865	D5	66	80	0	0	1087	P1-68-5	0	-
990	86.664062	86.839844	C5	67	80	0	0	1088	P1-69-1	0	-
991	86.666667	86.679688	F3	50	80	0	0	-1	*	3	-
992	86.673177	86.782552	F2	49	80	0	0	1088	P1-69-9	0	-
993	86.674479	86.787760	C3	48	80	0	0	-1	*	3	-
994	86.675781	87.319010	A4	61	80	0	0	1088	P1-69-6	0	-
995	86.992188	87.054688	F3	43	80	0	0	1092	P1-69-11	0	-
996	86.994792	87.063802	C3	43	80	0	0	1092	P1-69-10	0	-
997	87.018229	87.084635	C5	52	80	0	0	1092	P1-69-2	0	-
998	87.145833	87.227865	D5	56	80	0	0	1094	P1-69-3	0	-
999	87.266927	87.341146	F2	43	80	0	0	1096	P1-69-12	0	-
1000	87.272135	87.399740	C5	46	80	0	0	1096	P1-69-4	0	-
1001	87.274740	87.364583	C3	41	80	0	0	-1	*	3	-
1002	87.578125	87.649740	C5	47	80	0	0	-1	*	3	-
1003	87.582031	87.625000	A4	45	80	0	0	1100	P1-69-5	0	-
1004	87.584635	87.729167	F3	47	80	0	0	1100	P1-69-14	0	-
1005	87.587240	87.708333	C3	41	80	0	0	1100	P1-69-13	0	-
1006	87.591146	87.779948	F4	44	80	0	0	1100	P1-69-8	0	-
1007	87.910156	88.304688	Bb4	49	80	0	0	1104	P1-70-2	0	-
1008	87.911458	87.990885	F2	40	80	0	0	1104	P1-70-6	0	-
1009	87.920573	88.348958	E4	45	80	0	0	1104	P1-70-1	0	-
1010	88.205729	88.265625	G3	44	80	0	0	1108	P1-70-8	0	-
1011	88.208333	88.274740	C3	45	80	0	0	1108	P1-70-7	0	-
1012	88.533854	88.968750	Bb4	56	80	0	0	1112	P1-70-4	0	-
1013	88.550781	88.636719	C3	37	80	0	0	-1	*	3	-
1014	88.553385	88.622396	F2	37	80	0	0	1112	P1-70-9	0	-
1015	88.561198	88.899740	E4	43	80	0	0	1112	P1-70-3	0	-
1016	88.834635	88.894531	G3	44	80	0	0	1116	P1-70-11	0	-
1017	88.843750	88.919271	C3	47	80	0	0	1116	P1-70-10	0	-
1018	89.154948	89.264323	Bb4	63	80	0	0	1120	P1-71-1	0	-
1019	89.173177	89.259115	C3	45	80	0	0	-1	*	3	-
1020	89.175781	89.253906	F2	41	80	0	0	1120	P1-71-9	0	-
1021	89.175781	89.899740	E4	50	80	0	0	1120	P1-71-6	0	-
1022	89.506510	89.600260	G3	39	80	0	0	1124	P1-71-11	0	-
1023	89.531250	89.623698	Bb4	51	80	0	0	1124	P1-71-2	0	-
1024	89.531250	89.585938	C3	40	80	0	0	1124	P1-71-10	0	-
1025	89.664062	89.819010	C5	46	80	0	0	1126	P1-71-3	0	-
1026	89.783854	89.899740	Bb4	47	80	0	0	1128	P1-71-4	0	-
1027	89.787760	89.854167	F2	41	80	0	0	1128	P1-71-12	0	-
1028	89.790365	89.863281	C3	41	80	0	0	-1	*	3	-
1029	90.084635	90.161458	G3	45	80	0	0	1132	P1-71-14	0	-
1030	90.085938	90.468750	Bb3	50	80	0	0	1132	P1-71-8	0	-
1031	90.111979	90.459635	E4	42	80	0	0	1132	P1-71-5	0	-
1032	90.121094	90.199219	C3	35	80	0	0	1132	P1-71-13	0	-
1033	90.414062	90.825521	A3	39	80	0	0	1136	P1-72-1	0	-
1034	90.423177	90.679688	F2	37	80	0	0	1136	P1-72-6	0	-
1035	90.428385	90.501302	C3	34	80	0	0	-1	*	3	-
1036	90.429688	90.529948	F3	33	80	0	0	-1	*	3	-
1037	90.717448	90.812500	F3	38	80	0	0	1140	P1-72-8	0	-
1038	90.750000	90.834635	C3	36	80	0	0	1140	P1-72-7	0	-
1039	91.035156	91.289062	A3	35	80	0	0	1144	P1-72-3	0	-
1040	91.063802	91.419271	F2	31	80	0	0	1144	P1-72-9	0	-
1041	91.072917	91.209635	C3	30	80	0	0	-1	*	3	-
1042	91.088542	91.239583	F3	28	80	0	0	-1	*	3	-
1043	91.345052	91.415365	C3	38	80	0	0	1148	P1-72-10	0	-
1044	91.346354	91.411458	F3	36	80	0	0	1148	P1-72-11	0	-
1045	91.623698	91.716146	D5	58	80	0	0	1151	P1-72-5	0	-
1046	91.627604	91.736979	C5	57	80	0	0	1152	P1-73-1	0	-
1047	91.645833	91.979167	A4	55	80	0	0	1152	P1-73-6	0	-
1048	91.653646	91.731771	C3	44	80	0	0	-1	*	3	-
1049	91.666667	91.727865	F2	35	80	0	0	1152	P1-73-9	0	-
1050	91.669271	91.729167	F3	34	80	0	0	-1	*	3	-
1051	91.983073	91.989583	F2	40	80	0	0	-1	*	3	-
1052	91.984375	92.074219	C3	40	80	0	0	1156	P1-73-10	0	-
1053	91.984375	92.104167	C5	48	80	0	0	1156	P1-73-2	0	-
1054	91.989583	92.074219	F3	39	80	0	0	1156	P1-73-11	0	-
1055	91.992188	92.359375	A4	41	80	0	0	1156	P1-73-7	0	-
1056	92.125000	92.205729	D5	57	80	0	0	1158	P1-73-3	0	-
1057	92.235677	92.348958	C5	56	80	0	0	1160	P1-73-4	0	-
1058	92.273438	92.364583	C3	42	80	0	0	-1	*	3	-
1059	92.277344	92.363281	F2	43	80	0	0	1160	P1-73-12	0	-
1060	92.563802	92.614583	F#3	45	80	0	0	1164	P1-73-14	0	-
1061	92.565104	92.889323	A4	51	80	0	0	1164	P1-73-5	0	-
1062	92.567708	92.631510	C3	45	80	0	0	1164	P1-73-13	0	-
1063	92.582031	92.779948	Eb4	50	80	0	0	1164	P1-73-8	0	-
1064	92.906250	92.990885	Bb4	47	80	0	0	1168	P1-74-2	0	-
1065	92.914062	92.981771	E4	43	80	0	0	1168	P1-74-1	0	-
1066	92.921875	93.002604	C3	38	80	0	0	1168	P1-74-6	1	-
1067	93.175781	93.348958	Bb4	40	80	0	0	-1	*	3	-
1068	93.212240	93.266927	G3	35	80	0	0	1172	P1-74-8	0	-
1069	93.221354	93.283854	C3	33	80	0	0	1172	P1-74-7	0	-
1070	93.505208	93.669271	Bb4	46	80	0	0	1176	P1-74-4	0	-
1071	93.537760	93.614583	C3	26	80	0	0	-1	*	3	-
1072	93.537760	93.605469	F2	27	80	0	0	1176	P1-74-9	0	-
1073	93.804688	93.860677	G3	45	80	0	0	1180	P1-74-11	0	-
1074	93.808594	93.881510	Bb4	48	80	0	0	-1	*	3	-
1075	93.821615	93.893229	C3	42	80	0	0	1180	P1-74-10	0	-
1076	94.145833	94.500000	Bb4	59	80	0	0	1184	P1-75-1	0	-
1077	94.147135	94.223958	C3	44	80	0	0	-1	*	3	-
1078	94.161458	94.222656	F2	39	80	0	0	1184	P1-75-9	0	-
1079	94.162760	94.839844	E4	49	80	0	0	1184	P1-75-6	0	-
1080	94.462240	94.544271	G3	40	80	0	0	1188	P1-75-11	0	-
1081	94.488281	94.554688	C3	35	80	0	0	1188	P1-75-10	0	-
1082	94.506510	94.558594	Bb4	47	80	0	0	1188	P1-75-2	0	-
1083	94.625000	94.839844	C5	49	80	0	0	1190	P1-75-3	0	-
1084	94.735677	94.899740	Bb4	52	80	0	0	1192	P1-75-4	0	-
1085	94.748698	94.834635	C3	51	80	0	0	-1	*	3	-
1086	94.755208	94.821615	F2	46	80	0	0	1192	P1-75-12	0	-
1087	95.063802	95.319010	Bb3	46	80	0	0	1196	P1-75-8	0	-
1088	95.069010	95.079427	C2	40	80	0	0	-1	*	3	-
1089	95.074219	95.167969	G3	42	80	0	0	1196	P1-75-14	0	-
1090	95.076823	95.188802	C3	40	80	0	0	1196	P1-75-13	1	-
1091	95.084635	95.449219	E4	44	80	0	0	1196	P1-75-5	0	-
1092	95.403646	95.764323	A3	37	80	0	0	1200	P1-76-1	0	-
1093	95.406250	95.466146	C3	40	80	0	0	-1	*	3	-
1094	95.412760	95.509115	F3	34	80	0	0	1200	P1-76-5	1	-
1095	95.708333	95.783854	C3	44	80	0	0	1204	P1-76-6	0	-
1096	95.709635	95.765625	F3	39	80	0	0	1204	P1-76-7	0	-
1097	96.010417	96.279948	A3	36	80	0	0	1208	P1-76-3	0	-
1098	96.032552	96.171875	F2	38	80	0	0	1208	P1-76-8	0	-
1099	96.033854	96.169271	C3	38	80	0	0	-1	*	3	-
1100	96.033854	96.173177	F3	34	80	0	0	-1	*	3	-
1101	96.335938	96.391927	F3	35	80	0	0	1212	P1-76-10	0	-
1102	96.343750	96.404948	C3	32	80	0	0	1212	P1-76-9	0	-
1103	96.641927	96.819010	A3	38	80	0	0	1216	P1-77-1	0	-
1104	96.645833	96.799479	F3	40	80	0	0	-1	*	3	-
1105	96.651042	96.839844	F2	41	80	0	0	1216	P1-77-5	0	-
1106	96.653646	96.743490	C3	41	80	0	0	-1	*	3	-
1107	96.962240	97.109375	C3	39	80	0	0	1220	P1-77-6	0	-
1108	96.963542	97.098958	F3	36	80	0	0	1220	P1-77-7	0	-
1109	97.317708	97.769531	A3	33	80	0	0	1224	P1-77-3	0	-
1110	97.324219	97.424479	C3	31	80	0	0	-1	*	3	-
1111	97.325521	97.669271	F2	29	80	0	0	1224	P1-77-8	0	-
1112	97.329427	97.417969	F3	29	80	0	0	-1	*	3	-
1113	97.697917	97.829427	F3	32	80	0	0	1228	P1-77-10	0	-
1114	97.716146	97.839844	C3	27	80	0	0	1228	P1-77-9	0	-
1115	98.515625	99.919271	A3	28	80	0	0	1232	*	3	-
1116	98.522135	99.119792	F4	29	80	0	0	1232	*	3	-
1117	98.533854	101.628906	F1	25	80	0	0	1232	*	3	-
1118	98.535156	101.149740	F2	24	80	0	0	1232	*	3	-
1119	98.540365	101.549479	F3	25	80	0	0	1232	*	3	-
//Missing 0	P1-1-2
//Missing 44	P1-3-12
//Missing 52	P1-4-9
//Missing 52	P1-4-10
//Missing 56	P1-4-3
//Missing 60	P1-4-13
//Missing 84	P1-6-8
//Missing 84	P1-6-9
//Missing 100	P1-7-7
//Missing 116	P1-8-8
//Missing 116	P1-8-9
//Missing 134	P1-9-7
//Missing 136	P1-9-13
//Missing 140	P1-9-11
//Missing 142	P1-9-12
//Missing 144	P1-10-1
//Missing 144	P1-10-2
//Missing 148	P1-10-9
//Missing 148	P1-10-10
//Missing 152	P1-10-5
//Missing 164	P1-11-10
//Missing 216	P1-14-3
//Missing 224	P1-15-6
//Missing 228	P1-15-7
//Missing 244	P1-16-9
//Missing 262	P1-17-7
//Missing 268	P1-17-11
//Missing 268	P1-17-14
//Missing 276	P1-18-8
//Missing 276	P1-18-9
//Missing 280	P1-18-5
//Missing 292	P1-19-4
//Missing 300	P1-19-8
//Missing 300	P1-19-9
//Missing 308	P1-20-8
//Missing 308	P1-20-9
//Missing 324	P1-21-11
//Missing 332	P1-21-15
//Missing 340	P1-22-5
//Missing 340	P1-22-7
//Missing 348	P1-22-9
//Missing 348	P1-22-11
//Missing 356	P1-23-7
//Missing 356	P1-23-9
//Missing 388	P1-25-3
//Missing 388	P1-25-17
//Missing 396	P1-25-21
//Missing 400	P1-26-1
//Missing 408	P1-26-6
//Missing 428	P1-27-8
//Missing 436	P1-28-8
//Missing 436	P1-28-9
//Missing 468	P1-30-5
//Missing 476	P1-30-9
//Missing 476	P1-30-11
//Missing 484	P1-31-7
//Missing 488	P1-31-10
//Missing 492	P1-31-11
//Missing 516	P1-33-3
//Missing 516	P1-33-17
//Missing 516	P1-33-9
//Missing 524	P1-33-5
//Missing 524	P1-33-6
//Missing 524	P1-33-21
//Missing 544	P1-35-1
//Missing 544	P1-35-3
//Missing 552	P1-35-7
//Missing 560	P1-36-7
//Missing 572	P1-36-16
//Missing 576	P1-37-2
//Missing 584	P1-37-4
//Missing 628	P1-40-14
//Missing 636	P1-40-17
//Missing 638	P1-40-9
//Missing 652	P1-41-17
//Missing 652	P1-41-18
//Missing 668	P1-42-9
//Missing 672	P1-43-3
//Missing 680	P1-43-7
//Missing 680	P1-43-13
//Missing 688	P1-44-11
//Missing 688	P1-44-7
//Missing 712	P1-45-4
//Missing 712	P1-45-6
//Missing 720	P1-46-7
//Missing 724	P1-46-9
//Missing 756	P1-48-14
//Missing 764	P1-48-16
//Missing 764	P1-48-17
//Missing 766	P1-48-9
//Missing 780	P1-49-17
//Missing 780	P1-49-18
//Missing 864	P1-55-6
//Missing 902	P1-57-7
//Missing 908	P1-57-11
//Missing 920	P1-58-5
//Missing 956	P1-60-12
//Missing 964	P1-61-13
//Missing 964	P1-61-7
//Missing 972	P1-61-15
//Missing 972	P1-61-10
//Missing 992	P1-63-1
//Missing 1028	P1-65-9
//Missing 1060	P1-67-7
//Missing 1092	P1-69-7
//Missing 1119	P1-70-5
//Missing 1124	P1-71-7
//Missing 1136	P1-72-2
//Missing 1144	P1-72-4
//Missing 1176	P1-74-3
//Missing 1188	P1-75-7
//Missing 1200	P1-76-2
//Missing 1208	P1-76-4
//Missing 1216	P1-77-2
//Missing 1224	P1-77-4
//Missing 1232	P1-78-2
//Missing 4	P1-1-3
//Missing 196	P1-13-2
//Missing 236	P1-15-14
//Missing 320	P1-21-1
//Missing 364	P1-23-11
//Missing 368	P1-24-1
//Missing 372	P1-24-13
//Missing 388	P1-25-9
//Missing 396	P1-25-6
//Missing 420	P1-27-6
//Missing 420	P1-27-4
//Missing 500	P1-32-13
//Missing 518	P1-33-10
//Missing 876	P1-55-14
//Missing 928	P1-59-1
//Missing 1183	P1-74-5
//Missing 1232	P1-78-1
//Missing 1232	P1-78-5
//Missing 1232	P1-78-3
//Missing 1232	P1-78-4
