//Version: ScorePerfmMatch_v170503
// Score: ./musicxml_cleaned_hmm.txt
// Perfm: ./02932_spr.txt
// fmt3x: ./musicxml_cleaned_fmt3x.txt
0	1.695312	3.059896	F#5	64	80	0	0	0	*	3	0
1	1.721354	4.309896	F#3	35	80	0	0	0	*	3	-
2	2.394531	3.789062	C#5	68	80	0	0	12	P1-1-2	0	-
3	2.404948	3.115885	A3	53	80	0	0	12	P1-1-12	0	-
4	3.057292	4.149740	C#4	46	80	0	0	24	P1-1-13	0	-
5	3.664062	4.092448	A4	64	80	0	0	36	P1-1-3	0	-
6	3.664062	4.839844	F#4	57	80	0	0	36	P1-1-14	0	-
7	3.994792	4.332031	B4	70	80	0	0	42	P1-1-4	0	-
8	4.024740	4.369792	G#3	45	80	0	0	42	P1-1-19	0	-
9	4.304688	4.605469	C#5	74	80	0	0	48	P1-1-5	0	-
10	4.332031	5.378906	A3	55	80	0	0	48	P1-1-20	0	-
11	4.536458	4.699219	B4	75	80	0	0	52	P1-1-6	0	-
12	4.723958	4.957031	A4	65	80	0	0	56	P1-1-7	0	-
13	4.949219	5.279948	B4	74	80	0	0	60	P1-1-8	0	-
14	4.985677	5.699219	C#4	42	80	0	0	60	P1-1-21	0	-
15	5.156250	5.390625	A4	71	80	0	0	64	P1-1-9	0	-
16	5.364583	5.656250	G#4	81	80	0	0	68	P1-1-10	0	-
17	5.635417	6.005208	A4	70	80	0	0	72	P1-2-1	0	-
18	5.647135	6.188802	F#4	63	80	0	0	72	P1-2-15	0	-
19	5.670573	7.639323	F#3	48	80	0	0	72	P1-2-17	0	-
20	5.997396	6.433594	B4	67	80	0	0	78	P1-2-2	0	-
21	6.315104	6.712240	A4	59	80	0	0	84	P1-2-3	0	-
22	6.315104	6.789062	F#4	51	80	0	0	84	*	3	-
23	6.316406	7.494792	C#4	63	80	0	0	84	P1-2-16	0	-
24	6.623698	6.891927	G#4	73	80	0	0	90	P1-2-4	0	-
25	6.924479	7.243490	A4	71	80	0	0	96	P1-2-5	0	-
26	7.226562	7.498698	C#5	68	80	0	0	102	P1-2-6	0	-
27	7.523438	8.408854	A3	59	80	0	0	108	P1-2-18	0	-
28	7.526042	7.873698	F#5	72	80	0	0	108	P1-2-7	0	-
29	7.825521	8.227865	B3	63	80	0	0	114	P1-2-19	0	-
30	7.829427	8.190104	G#5	77	80	0	0	114	P1-2-8	0	-
31	8.158854	8.403646	A5	77	80	0	0	120	P1-2-9	0	-
32	8.164062	8.384115	C#4	58	80	0	0	120	P1-2-20	0	-
33	8.375000	8.626302	G#5	81	80	0	0	124	P1-2-10	0	-
34	8.381510	8.584635	B3	68	80	0	0	124	P1-2-21	0	-
35	8.574219	8.753906	F#5	77	80	0	0	128	P1-2-11	0	-
36	8.592448	8.746094	A3	63	80	0	0	128	P1-2-22	0	-
37	8.765625	9.169271	G#5	77	80	0	0	132	P1-2-12	0	-
38	8.773438	8.917969	B3	60	80	0	0	132	P1-2-23	0	-
39	8.955729	9.106771	A3	58	80	0	0	136	P1-2-24	0	-
40	8.957031	9.162760	F#5	77	80	0	0	136	P1-2-13	0	-
41	9.136719	9.433594	G#3	55	80	0	0	140	P1-2-25	0	-
42	9.153646	9.442708	E#5	72	80	0	0	140	P1-2-14	0	-
43	9.416667	10.035156	A3	51	80	0	0	144	P1-3-11	0	-
44	9.416667	9.763021	F#5	77	80	0	0	144	P1-3-1	0	-
45	9.753906	10.559896	C#5	73	80	0	0	150	P1-3-2	0	-
46	10.075521	10.809896	B3	49	80	0	0	156	P1-3-12	0	-
47	10.078125	10.815104	G#3	46	80	0	0	156	P1-3-18	0	-
48	10.410156	10.774740	E#5	66	80	0	0	162	P1-3-3	0	-
49	10.742188	11.718750	F#5	76	80	0	0	168	P1-3-4	0	-
50	10.753906	11.549479	C#4	58	80	0	0	168	P1-3-13	0	-
51	10.763021	11.444010	A3	57	80	0	0	168	P1-3-19	0	-
52	11.065104	11.639323	C#5	75	80	0	0	174	P1-3-5	0	-
53	11.358073	12.039062	G#4	72	80	0	0	180	P1-3-14	0	-
54	11.394531	11.977865	B3	53	80	0	0	180	P1-3-20	0	-
55	11.686198	12.071615	E#5	72	80	0	0	186	P1-3-6	0	-
56	12.010417	12.729167	A3	57	80	0	0	192	P1-3-21	0	-
57	12.015625	12.679688	F#4	66	80	0	0	192	P1-3-15	0	-
58	12.023438	12.312500	F#5	80	80	0	0	192	P1-3-7	0	-
59	12.313802	12.989583	C#5	76	80	0	0	198	P1-3-8	0	-
60	12.613281	13.315104	G#3	55	80	0	0	204	P1-3-22	0	-
61	12.615885	12.980469	F#5	74	80	0	0	204	P1-3-9	0	-
62	12.656250	13.009115	E#4	58	80	0	0	204	P1-3-16	0	-
63	12.934896	13.315104	G#5	78	80	0	0	210	P1-3-10	0	-
64	13.248698	13.938802	A5	79	80	0	0	216	P1-4-1	0	-
65	13.276042	14.009115	F#3	63	80	0	0	216	P1-4-21	0	-
66	13.279948	13.533854	F#4	58	80	0	0	216	P1-4-15	0	-
67	13.566406	13.915365	E#5	81	80	0	0	222	P1-4-2	0	-
68	13.885417	14.234375	F#5	75	80	0	0	228	P1-4-3	0	-
69	13.904948	14.649740	C#4	49	80	0	0	228	P1-4-16	0	-
70	13.912760	14.621094	E3	48	80	0	0	228	P1-4-22	0	-
71	14.207031	14.869792	A5	78	80	0	0	234	P1-4-4	0	-
72	14.565104	14.979167	B4	73	80	0	0	240	P1-4-5	0	-
73	14.583333	16.459635	D3	44	80	0	0	240	P1-4-23	0	-
74	14.643229	15.207031	F#3	51	80	0	0	240	P1-4-17	0	-
75	14.880208	15.227865	A5	83	80	0	0	246	P1-4-6	0	-
76	15.191406	15.506510	G#5	82	80	0	0	252	P1-4-7	0	-
77	15.194010	15.985677	E#3	57	80	0	0	252	P1-4-18	0	-
78	15.488281	15.859375	A5	81	80	0	0	258	P1-4-8	0	-
79	15.817708	16.101562	B5	81	80	0	0	264	P1-4-9	0	-
80	15.833333	15.968750	A2	44	80	0	0	264	*	3	-
81	15.833333	16.529948	F#3	53	80	0	0	264	P1-4-19	0	-
82	16.041667	16.282552	A5	77	80	0	0	268	P1-4-10	0	-
83	16.244792	16.467448	G#5	79	80	0	0	272	P1-4-11	0	-
84	16.445312	17.829427	B3	51	80	0	0	276	P1-4-20	0	-
85	16.447917	16.699219	A5	73	80	0	0	276	P1-4-12	0	-
86	16.654948	16.968750	G#5	78	80	0	0	280	P1-4-13	0	-
87	16.850260	17.044271	F#5	73	80	0	0	284	P1-4-14	0	-
88	17.110677	17.589844	E#5	67	80	0	0	288	P1-5-1	0	-
89	17.125000	19.179688	C#3	46	80	0	0	288	P1-5-18	0	-
90	17.473958	18.141927	B#4	65	80	0	0	294	P1-5-2	0	-
91	17.795573	18.464844	G#3	48	80	0	0	300	P1-5-14	0	-
92	18.102865	18.475260	C#5	71	80	0	0	306	P1-5-3	0	-
93	18.434896	18.804688	F#5	73	80	0	0	312	P1-5-4	0	-
94	18.463542	19.177083	A3	50	80	0	0	312	P1-5-15	0	-
95	18.764323	19.414062	B#4	67	80	0	0	318	P1-5-5	0	-
96	19.091146	19.774740	F#3	49	80	0	0	324	P1-5-16	0	-
97	19.377604	19.908854	C#5	62	80	0	0	330	P1-5-6	0	-
98	19.764323	20.250000	G#5	56	80	0	0	336	P1-5-7	0	-
99	19.798177	21.153646	E#3	46	80	0	0	336	P1-5-17	0	-
100	19.988281	20.329427	B4	66	80	0	0	340	P1-5-8	0	-
101	20.205729	20.410156	C#5	69	80	0	0	344	P1-5-9	0	-
102	20.414062	20.654948	D5	68	80	0	0	348	P1-5-10	0	-
103	20.606771	20.815104	C#5	68	80	0	0	352	P1-5-11	0	-
104	20.808594	21.014323	B4	68	80	0	0	356	P1-5-12	0	-
105	21.054688	22.225260	A4	55	80	0	0	360	P1-6-1	0	-
106	21.281250	21.506510	E#3	48	80	0	0	364	P1-6-14	0	-
107	21.477865	21.686198	F#3	56	80	0	0	368	P1-6-15	0	-
108	21.694010	21.871094	G#3	53	80	0	0	372	P1-6-16	0	-
109	21.890625	22.076823	F#3	56	80	0	0	376	P1-6-17	0	-
110	22.093750	22.233073	E#3	61	80	0	0	380	P1-6-18	0	-
111	22.102865	22.109375	F4	54	80	0	0	380	*	3	-
112	22.287760	22.654948	F#3	61	80	0	0	384	P1-6-19	0	-
113	22.484375	22.662760	G#3	64	80	0	0	388	P1-6-20	0	-
114	22.509115	22.791667	G#4	67	80	0	0	388	P1-6-3	0	-
115	22.675781	22.893229	A3	62	80	0	0	392	P1-6-21	0	-
116	22.690104	22.891927	F#4	70	80	0	0	392	P1-6-4	0	-
117	22.893229	23.144531	E#4	67	80	0	0	396	P1-6-5	0	-
118	22.894531	23.042969	B3	59	80	0	0	396	P1-6-22	0	-
119	23.074219	23.299479	A3	60	80	0	0	400	P1-6-23	0	-
120	23.083333	23.292969	F#4	75	80	0	0	400	P1-6-6	0	-
121	23.291667	23.514323	G#4	84	80	0	0	404	P1-6-7	0	-
122	23.294271	23.490885	G#3	74	80	0	0	404	P1-6-24	0	-
123	23.514323	23.705729	F#4	73	80	0	0	408	P1-6-8	0	-
124	23.528646	25.559896	A3	64	80	0	0	408	P1-6-25	0	-
125	23.725260	23.977865	E#4	75	80	0	0	412	P1-6-9	0	-
126	23.950521	24.319010	F#4	78	80	0	0	416	P1-6-10	0	-
127	24.278646	25.149740	B#2	45	80	0	0	420	P1-6-29	0	-
128	24.283854	24.968750	D#5	74	80	0	0	420	P1-6-11	0	-
129	24.326823	24.709635	F#4	42	80	0	0	429	*	3	-
130	24.839844	24.992188	F#4	70	80	0	0	429	P1-6-12	0	-
131	25.065104	25.139323	C#3	44	80	0	0	432	P1-7-22	0	-
132	25.109375	26.253906	F#4	66	80	0	0	432	P1-7-1	0	-
133	25.149740	27.169271	C#3	34	80	0	0	432	*	3	-
134	25.519531	25.654948	G#3	51	80	0	0	438	P1-7-17	0	-
135	25.720052	27.179688	F#3	45	80	0	0	441	P1-7-18	0	-
136	25.881510	27.468750	G#3	52	80	0	0	444	P1-7-19	0	-
137	26.223958	26.410156	E#4	60	80	0	0	450	P1-7-2	0	-
138	26.368490	26.541667	D#4	64	80	0	0	453	P1-7-3	0	-
139	26.542969	26.854167	E#4	68	80	0	0	456	P1-7-4	0	-
140	26.772135	27.023438	C#4	67	80	0	0	460	P1-7-5	0	-
141	26.981771	27.125000	D#4	67	80	0	0	464	P1-7-6	0	-
142	27.173177	27.412760	E#4	72	80	0	0	468	P1-7-7	0	-
143	27.175781	28.699219	C#3	48	80	0	0	468	P1-7-23	0	-
144	27.384115	27.619792	F#4	73	80	0	0	472	P1-7-8	0	-
145	27.591146	27.875000	G#4	74	80	0	0	476	P1-7-9	0	-
146	27.627604	27.799479	F#4	48	80	0	0	480	*	3	-
147	27.805990	27.986979	F#4	78	80	0	0	480	P1-7-10	0	-
148	27.811198	28.489583	D#3	59	80	0	0	480	P1-7-24	0	-
149	28.013021	28.235677	E#4	71	80	0	0	484	P1-7-11	0	-
150	28.213542	28.451823	F#4	77	80	0	0	488	P1-7-12	0	-
151	28.425781	28.674479	G#4	78	80	0	0	492	P1-7-13	0	-
152	28.428385	29.128906	E#3	55	80	0	0	492	P1-7-25	0	-
153	28.623698	28.628906	F#3	56	80	0	0	492	*	3	-
154	28.625000	28.843750	A4	63	80	0	0	496	P1-7-14	0	-
155	28.845052	29.128906	B4	69	80	0	0	500	P1-7-15	0	-
156	29.113281	29.333333	A4	71	80	0	0	504	P1-8-1	0	-
157	29.152344	30.759115	F#3	49	80	0	0	504	P1-8-22	0	-
158	29.315104	29.513021	G#4	64	80	0	0	507	P1-8-2	0	-
159	29.516927	29.863281	F#4	59	80	0	0	510	P1-8-3	0	-
160	29.861979	30.789062	F#2	48	80	0	0	516	P1-8-23	0	-
161	30.131510	30.229167	F#4	34	80	0	0	522	*	3	-
162	30.205729	30.549479	A4	51	80	0	0	522	P1-8-4	0	-
163	30.329427	30.531250	C#5	63	80	0	0	525	P1-8-5	0	-
164	30.516927	31.449219	A2	47	80	0	0	528	P1-8-24	0	-
165	30.520833	30.783854	F#5	65	80	0	0	528	P1-8-6	0	-
166	30.748698	30.994792	C#5	67	80	0	0	532	P1-8-7	0	-
167	30.977865	31.126302	D#5	74	80	0	0	536	P1-8-8	0	-
168	31.184896	31.406250	E#5	74	80	0	0	540	P1-8-9	0	-
169	31.201823	31.889323	C#3	44	80	0	0	540	P1-8-25	0	-
170	31.398438	31.623698	F#5	75	80	0	0	544	P1-8-10	0	-
171	31.611979	31.835938	G#5	76	80	0	0	548	P1-8-11	0	-
172	31.822917	32.069010	A5	74	80	0	0	552	P1-8-12	0	-
173	31.837240	33.949219	F#3	59	80	0	0	552	P1-8-26	0	-
174	32.045573	32.279948	G#5	79	80	0	0	556	P1-8-13	0	-
175	32.236979	32.467448	F#5	74	80	0	0	560	P1-8-14	0	-
176	32.447917	33.239583	B3	55	80	0	0	564	P1-8-21	1	-
177	32.458333	32.819010	G#5	72	80	0	0	564	P1-8-15	0	-
178	32.670573	32.834635	F#5	67	80	0	0	568	P1-8-16	0	-
179	32.868490	32.976562	E5	61	80	0	0	572	P1-8-17	0	-
180	32.993490	33.075521	D#5	68	80	0	0	-1	*	3	-
181	33.097656	33.177083	E5	69	80	0	0	-1	*	3	-
182	33.102865	33.959635	A3	56	80	0	0	-1	*	3	-
183	33.166667	33.484375	D#5	82	80	0	0	576	P1-9-1	0	-
184	33.445312	33.809896	E5	73	80	0	0	582	P1-9-2	0	-
185	33.746094	34.453125	D#3	55	80	0	0	588	P1-9-21	0	-
186	33.766927	34.755208	F#5	71	80	0	0	588	P1-9-3	0	-
187	34.075521	34.444010	A3	70	80	0	0	594	P1-9-15	0	-
188	34.404948	35.259115	G#3	62	80	0	0	600	P1-9-16	0	-
189	34.423177	36.079427	B#2	58	80	0	0	600	P1-9-22	0	-
190	34.744792	35.131510	E5	69	80	0	0	606	P1-9-5	0	-
191	35.091146	35.783854	F#3	60	80	0	0	612	P1-9-17	0	-
192	35.092448	35.434896	D#5	75	80	0	0	612	P1-9-6	0	-
193	35.395833	35.869792	A5	79	80	0	0	618	P1-9-7	0	-
194	35.742188	36.178385	G#5	78	80	0	0	624	P1-9-8	0	-
195	35.753906	37.019531	E3	54	80	0	0	624	P1-9-18	0	-
196	35.983073	36.190104	F#5	71	80	0	0	628	P1-9-9	0	-
197	36.199219	36.408854	E5	66	80	0	0	632	P1-9-10	0	-
198	36.424479	36.839844	F#5	70	80	0	0	636	P1-9-11	0	-
199	36.429688	37.209635	D#3	50	80	0	0	636	P1-9-19	0	-
200	36.432292	37.179688	G#2	52	80	0	0	636	P1-9-24	0	-
201	36.636719	36.884115	E5	75	80	0	0	640	P1-9-12	0	-
202	36.837240	37.170573	D#5	77	80	0	0	644	P1-9-13	0	-
203	37.098958	38.459635	C#3	50	80	0	0	648	P1-10-15	0	-
204	37.101562	37.579427	E5	64	80	0	0	648	P1-10-1	0	-
205	37.451823	37.875000	D#5	78	80	0	0	654	P1-10-2	0	-
206	37.782552	38.829427	C#5	67	80	0	0	660	P1-10-3	0	-
207	38.121094	38.438802	B2	50	80	0	0	666	P1-10-16	0	-
208	38.453125	39.289062	A2	51	80	0	0	672	P1-10-17	0	-
209	38.815104	39.529948	D#5	66	80	0	0	678	P1-10-5	0	-
210	39.134115	39.919271	G#2	56	80	0	0	684	P1-10-18	0	-
211	39.143229	39.523438	C#5	73	80	0	0	684	P1-10-6	0	-
212	39.494792	39.850260	B#4	66	80	0	0	690	P1-10-7	0	-
213	39.812500	40.235677	C#5	77	80	0	0	696	P1-10-8	0	-
214	39.817708	41.718750	F#2	54	80	0	0	696	P1-10-19	0	-
215	40.144531	40.628906	E5	73	80	0	0	702	P1-10-9	0	-
216	40.464844	40.816406	A4	69	80	0	0	708	P1-10-10	0	-
217	40.472656	41.279948	C#3	54	80	0	0	708	P1-10-14	0	-
218	40.774740	41.139323	G#4	69	80	0	0	714	P1-10-11	0	-
219	41.095052	41.519531	A4	66	80	0	0	720	P1-11-1	0	-
220	41.100260	42.743490	F#3	60	80	0	0	720	P1-11-15	0	-
221	41.429688	41.779948	B#4	67	80	0	0	726	P1-11-2	0	-
222	41.733073	42.037760	F#4	76	80	0	0	732	P1-11-3	0	-
223	41.739583	42.375000	G#2	54	80	0	0	732	P1-11-21	0	-
224	42.053385	42.385417	E4	73	80	0	0	738	P1-11-4	0	-
225	42.361979	42.696615	F#4	74	80	0	0	744	P1-11-5	0	-
226	42.372396	43.149740	A2	50	80	0	0	744	P1-11-22	0	-
227	42.674479	43.057292	B#4	70	80	0	0	750	P1-11-6	0	-
228	43.013021	43.346354	C#5	70	80	0	0	756	P1-11-7	0	-
229	43.020833	44.188802	F#2	54	80	0	0	756	P1-11-23	0	-
230	43.325521	43.750000	D#5	72	80	0	0	762	P1-11-8	0	-
231	43.680990	43.914062	E5	73	80	0	0	768	P1-11-9	0	-
232	43.691406	44.459635	G#2	47	80	0	0	768	P1-11-24	0	-
233	43.915365	44.214844	D#5	71	80	0	0	772	P1-11-10	0	-
234	44.136719	44.346354	C#5	70	80	0	0	776	P1-11-11	0	-
235	44.356771	44.785156	D#5	67	80	0	0	780	P1-11-12	0	-
236	44.364583	45.925781	F#3	46	80	0	0	780	P1-11-19	0	-
237	44.585938	44.791667	C#5	67	80	0	0	784	P1-11-13	0	-
238	44.803385	45.207031	B#4	59	80	0	0	788	P1-11-14	0	-
239	45.147135	47.649740	C#3	40	80	0	0	792	P1-12-17	0	-
240	45.157552	45.852865	C#5	66	80	0	0	792	P1-12-1	0	-
241	45.845052	47.718750	G#4	54	80	0	0	804	P1-12-2	0	-
242	45.851562	46.549479	E3	47	80	0	0	804	P1-12-12	0	-
243	46.481771	47.789062	G#3	49	80	0	0	816	P1-12-13	0	-
244	47.082031	47.502604	E4	63	80	0	0	828	P1-12-3	0	-
245	47.085938	48.429688	C#4	54	80	0	0	828	P1-12-14	0	-
246	47.403646	47.938802	F#4	72	80	0	0	834	P1-12-4	0	-
247	47.404948	48.229167	D#3	54	80	0	0	834	P1-12-19	0	-
248	47.726562	48.087240	G#4	74	80	0	0	840	P1-12-5	0	-
249	47.729167	48.355469	E3	52	80	0	0	840	P1-12-20	0	-
250	47.945312	48.097656	F#4	73	80	0	0	844	P1-12-6	0	-
251	48.132812	48.365885	E4	64	80	0	0	848	P1-12-7	0	-
252	48.345052	49.039062	F#4	65	80	0	0	852	P1-12-8	0	-
253	48.371094	49.229167	G#3	52	80	0	0	852	P1-12-21	0	-
254	48.371094	48.878906	B#3	50	80	0	0	852	P1-12-16	0	-
255	48.529948	48.769531	E4	60	80	0	0	856	P1-12-9	0	-
256	48.742188	49.048177	D#4	69	80	0	0	860	P1-12-10	0	-
257	49.024740	49.750000	C#4	75	80	0	0	864	P1-13-15	0	-
258	49.027344	49.419271	E4	66	80	0	0	864	P1-13-1	0	-
259	49.045573	50.809896	C#3	54	80	0	0	864	P1-13-22	0	-
260	49.372396	49.799479	F#4	67	80	0	0	870	P1-13-2	0	-
261	49.683594	50.609375	G#3	70	80	0	0	876	P1-13-16	0	-
262	49.691406	50.011719	E4	58	80	0	0	876	P1-13-3	0	-
263	49.988281	50.236979	D#4	68	80	0	0	882	P1-13-4	0	-
264	50.287760	50.648438	E4	65	80	0	0	888	P1-13-5	0	-
265	50.591146	50.904948	F#3	60	80	0	0	894	P1-13-18	0	-
266	50.601562	50.846354	G#4	68	80	0	0	894	P1-13-6	0	-
267	50.621094	50.869792	G#3	52	80	0	0	894	*	3	-
268	50.907552	51.234375	C#5	71	80	0	0	900	P1-13-7	0	-
269	50.934896	51.848958	E3	48	80	0	0	900	P1-13-19	0	-
270	50.951823	51.519531	E4	41	80	0	0	900	*	3	-
271	51.212240	51.553385	D#5	70	80	0	0	906	P1-13-8	0	-
272	51.226562	51.553385	B2	54	80	0	0	906	P1-13-24	0	-
273	51.555990	51.785156	E5	77	80	0	0	912	P1-13-9	0	-
274	51.557292	52.222656	A#2	57	80	0	0	912	P1-13-25	0	-
275	51.792969	52.032552	G5	75	80	0	0	916	P1-13-10	0	-
276	51.985677	52.289062	F#5	80	80	0	0	920	P1-13-11	0	-
277	52.204427	52.403646	E5	69	80	0	0	924	P1-13-12	0	-
278	52.210938	53.299479	C#3	50	80	0	0	924	P1-13-26	0	-
279	52.212240	53.429688	C#4	56	80	0	0	924	*	3	-
280	52.213542	52.908854	E3	47	80	0	0	924	P1-13-21	0	-
281	52.406250	52.619792	D5	78	80	0	0	928	P1-13-13	0	-
282	52.614583	52.855469	C#5	75	80	0	0	932	P1-13-14	0	-
283	52.839844	55.519531	F#2	54	80	0	0	936	P1-14-18	0	-
284	52.839844	54.188802	F#3	58	80	0	0	936	*	3	-
285	52.842448	53.067708	B4	81	80	0	0	936	P1-14-1	0	-
286	53.063802	53.295573	A#4	76	80	0	0	940	P1-14-2	0	-
287	53.282552	53.565104	C#5	77	80	0	0	944	P1-14-3	0	-
288	53.576823	54.355469	E4	65	80	0	0	948	P1-14-4	0	-
289	53.595052	54.789062	C#3	39	80	0	0	948	P1-14-16	0	-
290	54.195312	57.299479	F#3	57	80	0	0	960	P1-14-17	0	-
291	54.360677	54.464844	F#4	65	80	0	0	963	P1-14-6	0	-
292	54.494792	54.613281	E4	73	80	0	0	966	P1-14-7	0	-
293	54.626302	54.751302	D#4	68	80	0	0	969	P1-14-8	0	-
294	54.795573	55.005208	E4	69	80	0	0	972	P1-14-9	0	-
295	54.795573	56.059896	C#3	52	80	0	0	972	P1-14-20	0	-
296	55.156250	56.309896	E4	71	80	0	0	978	P1-14-10	0	-
297	55.507812	56.167969	A#2	63	80	0	0	984	P1-14-21	0	-
298	55.852865	56.289062	A#4	73	80	0	0	990	P1-14-12	0	-
299	56.164062	56.503906	B4	73	80	0	0	996	P1-14-13	0	-
300	56.164062	56.854167	F#2	55	80	0	0	996	P1-14-22	0	-
301	56.471354	56.757812	C#5	77	80	0	0	1002	P1-14-14	0	-
302	56.802083	58.799479	B2	50	80	0	0	1008	P1-15-22	0	-
303	56.803385	57.127604	D4	75	80	0	0	1008	P1-15-1	0	-
304	57.114583	57.795573	E4	68	80	0	0	1014	P1-15-2	0	-
305	57.433594	57.792969	D4	74	80	0	0	1020	P1-15-3	0	-
306	57.441406	57.699219	F#3	52	80	0	0	1020	P1-15-16	0	-
307	57.705729	58.032552	F#3	43	80	0	0	1020	*	3	-
308	57.752604	58.109375	C#4	76	80	0	0	1026	P1-15-4	0	-
309	58.070312	58.759115	D4	77	80	0	0	1032	P1-15-5	0	-
310	58.076823	58.658854	B3	62	80	0	0	1032	P1-15-17	0	-
311	58.375000	58.626302	F#4	75	80	0	0	1038	P1-15-6	0	-
312	58.385417	58.665365	F#3	66	80	0	0	1038	P1-15-18	0	-
313	58.701823	59.589844	D3	58	80	0	0	1044	P1-15-23	0	-
314	58.701823	59.074219	B4	72	80	0	0	1044	P1-15-7	0	-
315	58.984375	59.371094	F#3	54	80	0	0	1050	P1-15-19	0	-
316	59.026042	59.381510	C#5	77	80	0	0	1050	P1-15-8	0	-
317	59.346354	59.604167	D5	77	80	0	0	1056	P1-15-9	0	-
318	59.354167	59.595052	B2	56	80	0	0	1056	P1-15-24	0	-
319	59.574219	59.815104	F#5	79	80	0	0	1060	P1-15-10	0	-
320	59.703125	61.229167	D3	59	80	0	0	1062	P1-15-25	0	-
321	59.802083	59.975260	E5	74	80	0	0	1064	P1-15-11	0	-
322	60.000000	60.255208	D5	80	80	0	0	1068	P1-15-12	0	-
323	60.031250	60.408854	G#2	55	80	0	0	1068	P1-15-26	0	-
324	60.225260	60.473958	C#5	77	80	0	0	1072	P1-15-13	0	-
325	60.324219	60.829427	B2	56	80	0	0	1074	P1-15-27	0	-
326	60.449219	60.627604	B4	76	80	0	0	1076	P1-15-14	0	-
327	60.669271	60.907552	A4	64	80	0	0	1080	P1-16-1	0	-
328	60.674479	62.429688	E2	55	80	0	0	1080	P1-16-18	0	-
329	60.895833	61.145833	G#4	80	80	0	0	1084	P1-16-2	0	-
330	61.118490	61.358073	B4	67	80	0	0	1088	P1-16-3	0	-
331	61.403646	62.233073	D4	64	80	0	0	1092	P1-16-4	0	-
332	61.437500	62.408854	B2	40	80	0	0	1092	P1-16-16	0	-
333	62.035156	64.299479	E3	53	80	0	0	1104	P1-16-17	0	-
334	62.042969	62.199219	E4	53	80	0	0	1107	*	3	-
335	62.208333	62.679688	E4	64	80	0	0	1107	P1-16-6	0	-
336	62.342448	62.466146	D4	64	80	0	0	1110	P1-16-7	0	-
337	62.475260	62.604167	C#4	66	80	0	0	1113	P1-16-8	0	-
338	62.630208	63.354167	B2	51	80	0	0	1116	P1-16-20	0	-
339	62.631510	63.000000	D4	71	80	0	0	1116	P1-16-9	0	-
340	63.005208	64.429688	D4	59	80	0	0	1122	P1-16-10	0	-
341	63.335938	63.984375	G#2	57	80	0	0	1128	P1-16-21	0	-
342	63.673177	64.045573	G#4	62	80	0	0	1134	P1-16-12	0	-
343	63.989583	64.350260	A4	58	80	0	0	1140	P1-16-13	0	-
344	63.997396	64.687500	E2	46	80	0	0	1140	P1-16-22	0	-
345	64.325521	66.209635	B4	64	80	0	0	1146	P1-16-14	0	-
346	64.699219	66.759115	A2	47	80	0	0	1152	P1-17-15	0	-
347	64.704427	65.053385	C#4	60	80	0	0	1152	P1-17-1	0	-
348	65.065104	65.402344	D4	62	80	0	0	1158	P1-17-2	0	-
349	65.394531	65.721354	C#4	62	80	0	0	1164	P1-17-3	0	-
350	65.404948	66.218750	E3	46	80	0	0	1164	P1-17-11	0	-
351	65.713542	66.031250	B3	69	80	0	0	1170	P1-17-4	0	-
352	66.040365	66.307292	C#4	67	80	0	0	1176	P1-17-5	0	-
353	66.040365	66.739583	A3	59	80	0	0	1176	P1-17-12	0	-
354	66.371094	66.714844	E4	69	80	0	0	1182	P1-17-6	0	-
355	66.678385	67.361979	G#3	59	80	0	0	1188	P1-17-13	0	-
356	66.679688	67.005208	A4	57	80	0	0	1188	P1-17-7	0	-
357	66.984375	67.313802	B4	65	80	0	0	1194	P1-17-8	0	-
358	67.304688	69.919271	C#5	65	80	0	0	1200	P1-17-9	0	-
359	67.343750	68.959635	A3	54	80	0	0	1200	P1-17-14	0	-
360	67.640625	68.019531	E3	51	80	0	0	1206	P1-17-18	0	-
361	67.933594	68.251302	C#3	56	80	0	0	1212	P1-17-19	0	-
362	67.933594	67.938802	C#4	51	80	0	0	1212	*	3	-
363	68.233073	68.617188	A2	52	80	0	0	1218	P1-17-20	0	-
364	68.580729	71.128906	D3	57	80	0	0	1224	P1-18-17	0	-
365	68.897135	69.274740	G4	59	80	0	0	1230	P1-18-2	0	-
366	69.208333	69.497396	F#4	72	80	0	0	1236	P1-18-3	0	-
367	69.213542	70.269531	A3	61	80	0	0	1236	P1-18-11	0	-
368	69.503906	69.826823	E4	69	80	0	0	1242	P1-18-4	0	-
369	69.813802	70.579427	D4	60	80	0	0	1248	P1-18-12	0	-
370	69.813802	70.049479	F#4	75	80	0	0	1248	P1-18-5	0	-
371	70.127604	70.529948	A4	72	80	0	0	1254	P1-18-6	0	-
372	70.424479	71.114583	A3	58	80	0	0	1260	P1-18-13	0	-
373	70.425781	70.796875	D5	77	80	0	0	1260	P1-18-7	0	-
374	70.433594	71.123698	F#3	58	80	0	0	1260	P1-18-18	0	-
375	70.750000	71.110677	E5	75	80	0	0	1266	P1-18-8	0	-
376	71.095052	73.229167	F#5	73	80	0	0	1272	P1-18-9	0	-
377	71.108073	71.819010	D#3	55	80	0	0	1272	P1-18-19	0	-
378	71.404948	72.239583	A3	64	80	0	0	1278	P1-18-15	0	-
379	71.701823	72.455729	B2	63	80	0	0	1284	P1-18-20	0	-
380	72.052083	72.462240	D#3	66	80	0	0	1290	P1-18-16	0	-
381	72.436198	73.449219	G#3	58	80	0	0	1296	P1-19-13	0	-
382	72.442708	74.979167	E3	54	80	0	0	1296	P1-19-18	0	-
383	72.752604	73.123698	A4	65	80	0	0	1302	P1-19-2	0	-
384	73.057292	73.415365	G#4	75	80	0	0	1308	P1-19-3	0	-
385	73.105469	73.686198	B3	48	80	0	0	1308	P1-19-14	0	-
386	73.364583	73.707031	F#4	72	80	0	0	1314	P1-19-4	0	-
387	73.673177	73.933594	G#4	82	80	0	0	1320	P1-19-5	0	-
388	73.696615	73.979167	E4	49	80	0	0	1320	P1-19-15	0	-
389	73.976562	74.253906	B4	83	80	0	0	1326	P1-19-6	0	-
390	74.261719	74.613281	E5	73	80	0	0	1332	P1-19-7	0	-
391	74.266927	74.279948	G#3	56	80	0	0	1332	*	3	-
392	74.270833	74.960938	B3	63	80	0	0	1332	P1-19-16	0	-
393	74.566406	74.955729	G#5	82	80	0	0	1338	P1-19-8	0	-
394	74.891927	75.192708	B5	81	80	0	0	1344	P1-19-9	0	-
395	74.904948	75.545573	G#3	58	80	0	0	1344	P1-19-17	0	-
396	75.201823	75.550781	D5	79	80	0	0	1350	P1-19-10	0	-
397	75.514323	75.856771	C#5	75	80	0	0	1356	P1-19-11	0	-
398	75.514323	76.089844	E3	58	80	0	0	1356	P1-19-20	0	-
399	75.816406	76.183594	B4	76	80	0	0	1362	P1-19-12	0	-
400	76.149740	76.522135	C#5	79	80	0	0	1368	P1-20-1	0	-
401	76.165365	76.535156	A3	60	80	0	0	1368	P1-20-13	0	-
402	76.174479	76.541667	A2	59	80	0	0	1368	P1-20-21	0	-
403	76.475260	76.805990	F#5	81	80	0	0	1374	P1-20-2	0	-
404	76.777344	76.984375	E5	76	80	0	0	1380	P1-20-3	0	-
405	76.795573	77.709635	B2	50	80	0	0	1380	P1-20-22	0	-
406	76.795573	77.750000	G#3	54	80	0	0	1380	P1-20-14	0	-
407	77.080729	77.377604	D#5	82	80	0	0	1386	P1-20-4	0	-
408	77.390625	77.730469	E5	72	80	0	0	1392	P1-20-5	0	-
409	77.425781	77.759115	C#3	49	80	0	0	1392	P1-20-23	0	-
410	77.703125	78.072917	C#5	76	80	0	0	1398	P1-20-6	0	-
411	77.733073	78.229167	A3	60	80	0	0	1398	P1-20-16	0	-
412	78.031250	78.302083	B4	71	80	0	0	1404	P1-20-7	0	-
413	78.033854	78.756510	D3	49	80	0	0	1404	P1-20-24	0	-
414	78.335938	78.748698	A4	64	80	0	0	1410	P1-20-8	0	-
415	78.339844	78.688802	B3	45	80	0	0	1410	P1-20-17	0	-
416	78.664062	79.218750	C#5	68	80	0	0	1416	P1-20-9	0	-
417	78.671875	79.089844	E3	44	80	0	0	1416	P1-20-25	0	-
418	79.001302	79.385417	E4	62	80	0	0	1422	P1-20-10	0	-
419	79.003906	79.404948	A3	50	80	0	0	1422	P1-20-19	0	-
420	79.343750	79.652344	B4	61	80	0	0	1428	P1-20-11	0	-
421	79.364583	80.239583	E3	47	80	0	0	1428	P1-20-26	0	-
422	79.694010	80.204427	D4	58	80	0	0	1434	P1-20-12	0	-
423	79.699219	80.203125	G#3	44	80	0	0	1434	P1-20-20	0	-
424	80.164062	80.628906	C#4	60	80	0	0	1440	P1-21-1	0	-
425	80.205729	81.679688	A3	51	80	0	0	1440	P1-21-16	0	-
426	80.539062	81.072917	E4	63	80	0	0	1446	P1-21-2	0	-
427	80.941406	81.989583	A4	49	80	0	0	1452	P1-21-3	0	-
428	81.285156	81.673177	E3	43	80	0	0	1458	P1-21-17	0	-
429	81.602865	81.963542	C#3	47	80	0	0	1464	P1-21-18	0	-
430	81.924479	82.399740	A2	42	80	0	0	1470	P1-21-19	0	-
431	81.930990	82.305990	E4	50	80	0	0	1470	P1-21-5	0	-
432	82.246094	82.585938	C#3	46	80	0	0	1476	P1-21-20	0	-
433	82.248698	82.587240	A4	49	80	0	0	1476	P1-21-6	0	-
434	82.554688	82.911458	B4	58	80	0	0	1482	P1-21-7	0	-
435	82.570312	82.869792	E3	47	80	0	0	1482	P1-21-21	0	-
436	82.882812	83.252604	C#5	62	80	0	0	1488	P1-21-8	0	-
437	82.885417	84.229167	A3	59	80	0	0	1488	P1-21-22	0	-
438	82.912760	82.919271	A2	45	80	0	0	1488	*	3	-
439	83.212240	83.598958	A4	59	80	0	0	1494	P1-21-9	0	-
440	83.502604	83.875000	F#4	71	80	0	0	1500	P1-21-10	0	-
441	83.502604	84.209635	C4	45	80	0	0	1500	P1-21-15	0	-
442	83.821615	84.204427	D#5	71	80	0	0	1506	P1-21-11	0	-
443	84.174479	84.709635	E5	63	80	0	0	1512	P1-22-1	0	-
444	84.175781	84.889323	B3	53	80	0	0	1512	P1-22-11	0	-
445	84.175781	84.798177	G3	52	80	0	0	1512	P1-22-16	0	-
446	84.527344	85.236979	B4	68	80	0	0	1518	P1-22-2	0	-
447	84.842448	85.527344	A3	59	80	0	0	1524	P1-22-12	0	-
448	84.843750	85.526042	F#3	57	80	0	0	1524	P1-22-17	0	-
449	85.201823	85.555990	D#5	70	80	0	0	1530	P1-22-3	0	-
450	85.514323	86.279948	E5	61	80	0	0	1536	P1-22-4	0	-
451	85.524740	86.062500	G3	59	80	0	0	1536	P1-22-13	0	-
452	85.526042	86.329427	E3	57	80	0	0	1536	P1-22-18	0	-
453	85.867188	86.899740	B4	74	80	0	0	1542	P1-22-5	0	-
454	86.187500	86.968750	G3	60	80	0	0	1548	P1-22-19	0	-
455	86.190104	86.959635	B3	66	80	0	0	1548	P1-22-14	0	-
456	86.524740	86.895833	D#5	73	80	0	0	1554	P1-22-6	0	-
457	86.881510	87.649740	E5	68	80	0	0	1560	P1-22-7	0	-
458	86.937500	88.259115	C#4	46	80	0	0	1560	P1-22-15	0	-
459	86.950521	87.789062	C#3	44	80	0	0	1560	P1-22-20	0	-
460	87.180990	87.559896	B4	75	80	0	0	1566	P1-22-8	0	-
461	87.515625	87.822917	A#4	67	80	0	0	1572	P1-22-9	0	-
462	87.515625	88.389323	F#3	58	80	0	0	1572	P1-22-21	0	-
463	87.808594	87.994792	E5	75	80	0	0	1578	P1-22-10	0	-
464	88.009115	88.102865	D5	70	80	0	0	1578	*	3	-
465	88.104167	88.229167	E5	67	80	0	0	1578	*	3	-
466	88.208333	88.601562	D5	73	80	0	0	1584	P1-23-1	0	-
467	88.210938	89.549479	B3	58	80	0	0	1584	P1-23-16	0	-
468	88.546875	88.945312	C#5	66	80	0	0	1590	P1-23-2	0	-
469	88.893229	90.149740	B4	63	80	0	0	1596	P1-23-3	0	-
470	89.194010	89.571615	F#3	52	80	0	0	1602	P1-23-17	0	-
471	89.201823	89.209635	F#4	45	80	0	0	1602	*	3	-
472	89.531250	89.936198	D3	57	80	0	0	1608	P1-23-18	0	-
473	89.855469	90.199219	F#4	62	80	0	0	1614	P1-23-5	0	-
474	89.863281	90.579427	B2	60	80	0	0	1614	P1-23-19	0	-
475	90.160156	90.515625	B4	65	80	0	0	1620	P1-23-6	0	-
476	90.192708	90.595052	D3	50	80	0	0	1620	P1-23-20	0	-
477	90.205729	91.029948	F#4	52	80	0	0	1620	*	3	-
478	90.483073	90.855469	C#5	71	80	0	0	1626	P1-23-7	0	-
479	90.494792	90.783854	F#3	54	80	0	0	1626	P1-23-21	0	-
480	90.782552	91.449219	B3	59	80	0	0	1632	P1-23-22	0	-
481	90.813802	91.164062	D5	76	80	0	0	1632	P1-23-8	0	-
482	91.132812	91.424479	B4	79	80	0	0	1638	P1-23-9	0	-
483	91.450521	91.770833	G#4	67	80	0	0	1644	P1-23-10	0	-
484	91.455729	92.153646	D4	50	80	0	0	1644	P1-23-15	0	-
485	91.463542	92.156250	B3	49	80	0	0	1644	*	3	-
486	91.757812	92.164062	E#5	68	80	0	0	1650	P1-23-11	0	-
487	92.125000	93.149740	F#5	78	80	0	0	1656	P1-24-1	0	-
488	92.141927	92.747396	A3	59	80	0	0	1656	P1-24-16	0	-
489	92.143229	93.139323	C#4	53	80	0	0	1656	P1-24-11	0	-
490	92.484375	93.134115	C#5	73	80	0	0	1662	P1-24-2	0	-
491	92.752604	93.467448	G#3	51	80	0	0	1668	P1-24-17	0	-
492	92.786458	93.471354	B3	50	80	0	0	1668	P1-24-12	0	-
493	93.123698	93.481771	E#5	73	80	0	0	1674	P1-24-3	0	-
494	93.464844	94.539062	F#5	73	80	0	0	1680	P1-24-4	0	-
495	93.484375	94.000000	A3	57	80	0	0	1680	P1-24-13	0	-
496	93.484375	94.319010	F#3	58	80	0	0	1680	P1-24-18	0	-
497	93.832031	95.019531	C#5	63	80	0	0	1686	P1-24-5	0	-
498	94.197917	94.972656	A3	57	80	0	0	1692	P1-24-19	0	-
499	94.203125	94.967448	C#4	59	80	0	0	1692	P1-24-14	0	-
500	94.527344	95.019531	E#5	66	80	0	0	1698	P1-24-6	0	-
501	94.839844	96.049479	D#3	54	80	0	0	1704	P1-24-20	0	-
502	94.861979	95.639323	F#5	66	80	0	0	1704	P1-24-7	0	-
503	94.873698	96.029948	D#4	49	80	0	0	1704	P1-24-15	0	-
504	95.197917	95.619792	C#5	69	80	0	0	1710	P1-24-8	0	-
505	95.510417	95.937500	B#4	67	80	0	0	1716	P1-24-9	0	-
506	95.549479	96.279948	G#3	51	80	0	0	1716	P1-24-21	0	-
507	95.811198	95.983073	F#5	75	80	0	0	1722	P1-24-10	0	-
508	95.998698	96.093750	E5	64	80	0	0	1722	*	3	-
509	96.093750	96.253906	F#5	69	80	0	0	1722	*	3	-
510	96.204427	96.562500	E5	69	80	0	0	1728	P1-25-1	0	-
511	96.214844	98.559896	C#4	53	80	0	0	1728	P1-25-19	0	-
512	96.559896	96.979167	D#5	69	80	0	0	1734	P1-25-2	0	-
513	96.882812	97.968750	C#5	66	80	0	0	1740	P1-25-3	0	-
514	97.204427	97.915365	G#3	55	80	0	0	1746	P1-25-13	0	-
515	97.545573	97.915365	E3	55	80	0	0	1752	P1-25-14	0	-
516	97.554688	97.569010	E4	50	80	0	0	1752	*	3	-
517	97.858073	99.158854	G#4	67	80	0	0	1758	P1-25-5	0	-
518	97.865885	98.329427	C#3	62	80	0	0	1758	P1-25-15	0	-
519	98.164062	98.526042	C#5	68	80	0	0	1764	P1-25-6	0	-
520	98.183594	98.537760	E3	59	80	0	0	1764	P1-25-16	0	-
521	98.197917	98.569010	E4	52	80	0	0	1764	*	3	-
522	98.492188	98.915365	D#5	69	80	0	0	1770	P1-25-7	0	-
523	98.494792	98.949219	G#3	53	80	0	0	1770	P1-25-17	0	-
524	98.804688	99.169271	E5	66	80	0	0	1776	P1-25-8	0	-
525	98.807292	100.759115	C#4	58	80	0	0	1776	P1-25-18	0	-
526	99.126302	99.472656	C#5	77	80	0	0	1782	P1-25-9	0	-
527	99.384115	99.598958	F#5	50	80	0	0	1788	*	3	-
528	99.445312	99.979167	A#4	67	80	0	0	1788	P1-25-10	0	-
529	99.484375	100.177083	E3	43	80	0	0	1788	P1-25-22	0	-
530	99.773438	100.143229	G5	74	80	0	0	1794	P1-25-11	0	-
531	100.098958	100.859375	F#5	70	80	0	0	1800	P1-26-1	0	-
532	100.113281	101.079427	D3	51	80	0	0	1800	P1-26-21	0	-
533	100.437500	100.743490	D5	73	80	0	0	1806	P1-26-2	0	-
534	100.764323	101.157552	B4	69	80	0	0	1812	P1-26-3	0	-
535	100.785156	101.454427	F#3	48	80	0	0	1812	P1-26-14	0	-
536	101.100260	101.468750	A#4	71	80	0	0	1818	P1-26-4	0	-
537	101.455729	101.845052	D3	47	80	0	0	1824	P1-26-15	0	-
538	101.460938	102.069010	B4	71	80	0	0	1824	P1-26-5	0	-
539	101.839844	102.329427	F#4	65	80	0	0	1830	P1-26-6	0	-
540	101.842448	102.989583	B2	48	80	0	0	1830	P1-26-16	0	-
541	102.180990	102.949219	D3	50	80	0	0	1836	P1-26-17	0	-
542	102.180990	102.502604	B4	73	80	0	0	1836	P1-26-7	0	-
543	102.493490	102.864583	D5	74	80	0	0	1842	P1-26-8	0	-
544	102.497396	102.958333	F#3	52	80	0	0	1842	P1-26-18	0	-
545	102.815104	103.819010	F#5	75	80	0	0	1848	P1-26-9	0	-
546	102.854167	103.519531	B3	47	80	0	0	1848	P1-26-19	0	-
547	103.131510	103.579427	D5	79	80	0	0	1854	P1-26-10	0	-
548	103.457031	104.199219	B#4	70	80	0	0	1860	P1-26-11	0	-
549	103.473958	104.199219	D#3	49	80	0	0	1860	P1-26-24	0	-
550	103.486979	104.279948	F#3	54	80	0	0	1860	P1-26-20	0	-
551	103.796875	104.299479	A5	72	80	0	0	1866	P1-26-12	0	-
552	104.153646	105.699219	G#5	70	80	0	0	1872	P1-27-1	0	-
553	104.165365	105.179688	C#4	48	80	0	0	1872	P1-27-13	0	-
554	104.467448	104.825521	E5	64	80	0	0	1878	P1-27-2	0	-
555	104.795573	105.834635	G#3	59	80	0	0	1884	P1-27-14	0	-
556	104.795573	105.179688	C#5	67	80	0	0	1884	P1-27-3	0	-
557	105.117188	105.493490	B#4	62	80	0	0	1890	P1-27-4	0	-
558	105.463542	105.838542	C#5	76	80	0	0	1896	P1-27-5	0	-
559	105.484375	105.837240	E3	47	80	0	0	1896	P1-27-15	0	-
560	105.529948	105.759115	E4	37	80	0	0	1896	*	3	-
561	105.776042	106.186198	G#4	75	80	0	0	1902	P1-27-6	0	-
562	105.776042	106.598958	C#3	56	80	0	0	1902	P1-27-16	0	-
563	106.101562	106.403646	C#5	69	80	0	0	1908	P1-27-7	0	-
564	106.113281	106.829427	E3	54	80	0	0	1908	P1-27-17	0	-
565	106.412760	106.790365	E5	72	80	0	0	1914	P1-27-8	0	-
566	106.416667	106.811198	G#3	61	80	0	0	1914	P1-27-18	0	-
567	106.747396	107.509115	G#5	73	80	0	0	1920	P1-27-9	0	-
568	106.773438	107.598958	C#4	59	80	0	0	1920	P1-27-19	0	-
569	107.096354	107.539062	E#5	81	80	0	0	1926	P1-27-10	0	-
570	107.455729	108.348958	G#3	53	80	0	0	1932	P1-27-20	0	-
571	107.459635	108.098958	D5	77	80	0	0	1932	P1-27-11	0	-
572	107.462240	108.229167	E#3	54	80	0	0	1932	P1-27-24	0	-
573	107.833333	108.272135	B5	77	80	0	0	1938	P1-27-12	0	-
574	108.174479	108.615885	A5	72	80	0	0	1944	P1-28-1	0	-
575	108.205729	110.348958	F#3	53	80	0	0	1944	P1-28-16	0	-
576	108.526042	109.359375	F#5	77	80	0	0	1950	P1-28-2	0	-
577	108.873698	109.729167	G#3	54	80	0	0	1956	P1-28-11	0	-
578	109.213542	109.608073	E#5	69	80	0	0	1962	P1-28-3	0	-
579	109.592448	110.408854	F#5	68	80	0	0	1968	P1-28-4	0	-
580	109.596354	110.378906	A3	59	80	0	0	1968	P1-28-12	0	-
581	109.953125	110.717448	D5	74	80	0	0	1974	P1-28-5	0	-
582	110.300781	111.250000	G#3	62	80	0	0	1980	P1-28-13	0	-
583	110.307292	111.098958	E3	54	80	0	0	1980	P1-28-18	0	-
584	110.683594	110.949219	C#5	72	80	0	0	1986	P1-28-6	0	-
585	111.045573	111.959635	F#3	58	80	0	0	1992	P1-28-14	0	-
586	111.045573	111.959635	C#5	67	80	0	0	1992	P1-28-7	0	-
587	111.045573	111.968750	D#3	57	80	0	0	1992	P1-28-19	0	-
588	111.459635	112.739583	B#4	64	80	0	0	1998	P1-28-8	0	-
589	111.833333	112.989583	D3	51	80	0	0	2004	P1-28-20	0	-
590	111.838542	113.009115	G#3	49	80	0	0	2004	P1-28-15	0	-
591	112.316406	112.859375	F#5	65	80	0	0	2010	P1-28-9	0	-
592	112.868490	114.100260	F#5	65	80	0	0	2016	P1-29-1	0	-
593	112.875000	113.908854	A3	45	80	0	0	2016	P1-29-6	0	-
594	112.915365	114.859375	C#5	52	80	0	0	2016	P1-29-5	0	-
595	112.916667	113.979167	C#3	39	80	0	0	2016	P1-29-10	0	-
596	113.968750	114.878906	E#5	49	80	0	0	2028	P1-29-2	0	-
597	113.983073	114.869792	G#3	37	80	0	0	2028	P1-29-7	0	-
598	113.988281	114.734375	C#3	32	80	0	0	2028	*	3	-
599	116.333333	116.643229	B2	41	80	0	0	2052	P1-29-12	0	-
600	116.597656	116.833333	C#3	52	80	0	0	2056	P1-29-13	0	-
601	116.804688	117.023438	D3	59	80	0	0	2060	P1-29-14	0	-
602	117.033854	117.204427	C#3	58	80	0	0	2064	P1-29-15	0	-
603	117.226562	117.473958	B2	59	80	0	0	2068	P1-29-16	0	-
604	117.446615	117.661458	A2	49	80	0	0	2072	P1-29-17	0	-
605	117.679688	117.882812	B2	51	80	0	0	2076	P1-29-18	0	-
606	117.897135	118.125000	A2	48	80	0	0	2080	P1-29-19	0	-
607	118.134115	118.669271	G#2	47	80	0	0	2084	P1-29-20	0	-
608	118.546875	119.569010	F#5	67	80	0	0	2088	P1-30-1	0	-
609	118.562500	118.919271	F#2	43	80	0	0	2088	P1-30-17	0	-
610	119.368490	120.259115	A3	47	80	0	0	2100	P1-30-12	0	-
611	119.404948	120.725260	C#5	70	80	0	0	2100	P1-30-2	0	-
612	119.440104	120.608073	F#3	42	80	0	0	2100	P1-30-18	0	-
613	120.082031	121.128906	C#4	53	80	0	0	2112	P1-30-13	0	-
614	120.674479	121.126302	A4	65	80	0	0	2124	P1-30-3	0	-
615	120.687500	121.729167	F#4	51	80	0	0	2124	P1-30-14	0	-
616	121.003906	121.333333	B4	70	80	0	0	2130	P1-30-4	0	-
617	121.033854	121.348958	G#3	50	80	0	0	2130	P1-30-20	0	-
618	121.311198	121.611979	C#5	71	80	0	0	2136	P1-30-5	0	-
619	121.342448	122.438802	A3	52	80	0	0	2136	P1-30-21	0	-
620	121.561198	121.730469	B4	74	80	0	0	2140	P1-30-6	0	-
621	121.753906	122.007812	A4	64	80	0	0	2144	P1-30-7	0	-
622	121.992188	122.330729	B4	68	80	0	0	2148	P1-30-8	0	-
623	122.040365	123.128906	C#4	38	80	0	0	2148	P1-30-22	0	-
624	122.222656	122.468750	A4	72	80	0	0	2152	P1-30-9	0	-
625	122.441406	122.786458	G#4	73	80	0	0	2156	P1-30-10	0	-
626	122.734375	123.130208	A4	62	80	0	0	2160	P1-31-1	0	-
627	122.764323	124.809896	F#3	49	80	0	0	2160	P1-31-17	0	-
628	123.098958	123.470052	B4	61	80	0	0	2166	P1-31-2	0	-
629	123.403646	124.652344	C#4	69	80	0	0	2172	P1-31-16	0	-
630	123.404948	123.791667	A4	63	80	0	0	2172	P1-31-3	0	-
631	123.725260	124.006510	G#4	69	80	0	0	2178	P1-31-4	0	-
632	124.044271	124.415365	A4	65	80	0	0	2184	P1-31-5	0	-
633	124.364583	124.653646	C#5	66	80	0	0	2190	P1-31-6	0	-
634	124.664062	125.378906	A3	51	80	0	0	2196	P1-31-18	0	-
635	124.664062	125.020833	F#5	70	80	0	0	2196	P1-31-7	0	-
636	124.664062	124.779948	A2	48	80	0	0	2196	*	3	-
637	124.981771	125.334635	G#5	74	80	0	0	2202	P1-31-8	0	-
638	124.983073	125.375000	B3	57	80	0	0	2202	P1-31-19	0	-
639	125.283854	125.532552	A5	74	80	0	0	2208	P1-31-9	0	-
640	125.322917	125.514323	C#4	51	80	0	0	2208	P1-31-20	0	-
641	125.506510	125.776042	G#5	73	80	0	0	2212	P1-31-10	0	-
642	125.529948	125.753906	B3	61	80	0	0	2212	P1-31-21	0	-
643	125.714844	125.921875	F#5	70	80	0	0	2216	P1-31-11	0	-
644	125.717448	125.955729	A3	59	80	0	0	2216	P1-31-22	0	-
645	125.933594	126.369792	G#5	75	80	0	0	2220	P1-31-12	0	-
646	125.949219	126.169271	B3	53	80	0	0	2220	P1-31-23	0	-
647	126.134115	126.320312	A3	53	80	0	0	2224	P1-31-24	0	-
648	126.141927	126.339844	F#5	72	80	0	0	2224	P1-31-13	0	-
649	126.345052	126.640625	G#3	57	80	0	0	2228	P1-31-25	0	-
650	126.348958	126.643229	E#5	67	80	0	0	2228	P1-31-14	0	-
651	126.634115	127.408854	A3	55	80	0	0	2232	P1-32-11	0	-
652	126.635417	127.031250	F#5	69	80	0	0	2232	P1-32-1	0	-
653	127.027344	128.149740	C#5	68	80	0	0	2238	P1-32-2	0	-
654	127.354167	128.109375	B3	49	80	0	0	2244	P1-32-12	0	-
655	127.355469	128.106771	G#3	50	80	0	0	2244	P1-32-18	0	-
656	127.684896	128.102865	E#5	64	80	0	0	2250	P1-32-3	0	-
657	128.011719	128.816406	C#4	49	80	0	0	2256	P1-32-13	0	-
658	128.022135	128.812500	A3	46	80	0	0	2256	P1-32-19	0	-
659	128.063802	129.089844	F#5	67	80	0	0	2256	P1-32-4	0	-
660	128.406250	129.074219	C#5	67	80	0	0	2262	P1-32-5	0	-
661	128.727865	129.421875	B3	60	80	0	0	2268	P1-32-14	0	-
662	128.734375	129.433594	G#3	59	80	0	0	2268	P1-32-20	0	-
663	129.083333	129.442708	E#5	69	80	0	0	2274	P1-32-6	0	-
664	129.408854	130.040365	A3	68	80	0	0	2280	P1-32-15	0	-
665	129.416667	129.774740	F#5	71	80	0	0	2280	P1-32-7	0	-
666	129.425781	130.044271	F#3	62	80	0	0	2280	P1-32-21	0	-
667	129.761719	130.109375	D5	76	80	0	0	2286	P1-32-8	0	-
668	130.045573	130.725260	G3	58	80	0	0	2292	P1-32-16	0	-
669	130.065104	130.079427	A2	54	80	0	0	2292	*	3	-
670	130.072917	130.734375	E3	59	80	0	0	2292	P1-32-22	0	-
671	130.076823	130.839844	C#5	75	80	0	0	2292	P1-32-9	0	-
672	130.403646	130.848958	A#5	74	80	0	0	2298	P1-32-10	0	-
673	130.747396	131.173177	B5	79	80	0	0	2304	P1-33-1	0	-
674	130.748698	130.759115	A3	52	80	0	0	2304	*	3	-
675	130.753906	131.425781	F#3	56	80	0	0	2304	P1-33-13	0	-
676	130.755208	131.429688	D3	49	80	0	0	2304	P1-33-18	0	-
677	131.123698	131.841146	F#5	75	80	0	0	2310	P1-33-2	0	-
678	131.446615	132.067708	C#3	57	80	0	0	2316	P1-33-19	0	-
679	131.449219	132.098958	C#4	55	80	0	0	2316	*	3	-
680	131.451823	132.065104	E3	49	80	0	0	2316	P1-33-14	0	-
681	131.796875	132.329427	A#5	76	80	0	0	2322	P1-33-3	0	-
682	132.134115	132.848958	D3	53	80	0	0	2328	P1-33-20	0	-
683	132.134115	132.139323	A3	55	80	0	0	2328	*	3	-
684	132.139323	132.535156	B5	77	80	0	0	2328	P1-33-4	0	-
685	132.145833	132.850260	F#3	63	80	0	0	2328	P1-33-15	0	-
686	132.486979	133.183594	F#5	73	80	0	0	2334	P1-33-5	0	-
687	132.824219	133.679688	C#4	59	80	0	0	2340	P1-33-16	0	-
688	132.829427	133.589844	E3	52	80	0	0	2340	P1-33-21	0	-
689	132.837240	132.848958	A2	45	80	0	0	2340	*	3	-
690	133.152344	133.598958	A#5	76	80	0	0	2346	P1-33-6	0	-
691	133.509115	134.000000	A3	48	80	0	0	2352	*	3	-
692	133.511719	133.796875	B5	77	80	0	0	2352	P1-33-7	0	-
693	133.513021	134.229167	D3	46	80	0	0	2352	P1-33-22	0	-
694	133.514323	134.998698	F#3	52	80	0	0	2352	P1-33-17	0	-
695	133.753906	134.011719	A5	75	80	0	0	2356	P1-33-8	0	-
696	133.983073	134.240885	G#5	72	80	0	0	2360	P1-33-9	0	-
697	134.194010	135.003906	C#3	42	80	0	0	2364	P1-33-23	0	-
698	134.196615	134.209635	A2	45	80	0	0	2364	*	3	-
699	134.204427	134.688802	A5	76	80	0	0	2364	P1-33-10	0	-
700	134.445312	135.039062	G#5	73	80	0	0	2368	P1-33-11	0	-
701	134.677083	135.095052	F#5	69	80	0	0	2372	P1-33-12	0	-
702	135.065104	135.848958	G5	65	80	0	0	2376	P1-34-1	0	-
703	135.066406	135.759115	B2	45	80	0	0	2376	P1-34-19	0	-
704	135.496094	136.569010	D5	65	80	0	0	2382	P1-34-2	0	-
705	135.843750	136.319010	D4	41	80	0	0	2388	P1-34-14	0	-
706	135.847656	136.489583	B3	40	80	0	0	2388	P1-34-20	0	-
707	135.847656	135.859375	G3	36	80	0	0	2388	*	3	-
708	136.174479	136.609375	F#5	59	80	0	0	2394	P1-34-3	0	-
709	136.492188	137.569010	G5	70	80	0	0	2400	P1-34-4	0	-
710	136.501302	136.979167	B3	49	80	0	0	2400	P1-34-21	0	-
711	136.510417	136.899740	G3	43	80	0	0	2400	*	3	-
712	136.513021	136.919271	D4	47	80	0	0	2400	P1-34-15	0	-
713	136.868490	137.889323	D5	64	80	0	0	2406	P1-34-5	0	-
714	137.201823	137.908854	B3	49	80	0	0	2412	P1-34-22	0	-
715	137.203125	137.919271	D4	50	80	0	0	2412	P1-34-16	0	-
716	137.532552	138.049479	F#5	66	80	0	0	2418	P1-34-6	0	-
717	137.914062	138.389323	G5	66	80	0	0	2424	P1-34-7	0	-
718	137.914062	138.468750	B3	45	80	0	0	2424	P1-34-23	0	-
719	137.933594	138.500000	D4	39	80	0	0	2424	P1-34-17	0	-
720	138.149740	138.401042	A5	81	80	0	0	2428	P1-34-8	0	-
721	138.373698	138.839844	B5	75	80	0	0	2432	P1-34-9	0	-
722	138.592448	138.864583	A5	81	80	0	0	2436	P1-34-10	0	-
723	138.604167	139.399740	D4	51	80	0	0	2436	P1-34-18	0	-
724	138.608073	139.279948	B3	57	80	0	0	2436	P1-34-24	0	-
725	138.819010	139.075521	G#5	81	80	0	0	2440	P1-34-11	0	-
726	139.023438	139.312500	F#5	78	80	0	0	2444	P1-34-12	0	-
727	139.273438	139.628906	E#5	74	80	0	0	2448	P1-35-1	0	-
728	139.287760	140.609375	B3	50	80	0	0	2448	P1-35-23	0	-
729	139.296875	140.739583	C#4	46	80	0	0	2448	P1-35-19	0	-
730	139.548177	139.764323	F#5	71	80	0	0	2452	P1-35-2	0	-
731	139.757812	140.098958	G#5	77	80	0	0	2456	P1-35-3	0	-
732	139.996094	140.188802	F#5	74	80	0	0	2460	P1-35-4	0	-
733	140.204427	140.449219	E#5	68	80	0	0	2464	P1-35-5	0	-
734	140.440104	140.735677	D#5	72	80	0	0	2468	P1-35-6	0	-
735	140.654948	140.855469	C#5	72	80	0	0	2472	P1-35-7	0	-
736	140.884115	141.319010	B4	59	80	0	0	2476	P1-35-8	0	-
737	141.091146	141.342448	C#5	66	80	0	0	2480	P1-35-9	0	-
738	141.304688	141.914062	E#3	48	80	0	0	2484	P1-35-25	0	-
739	141.313802	141.959635	G#3	48	80	0	0	2484	P1-35-21	0	-
740	141.316406	141.558594	D5	74	80	0	0	2484	P1-35-10	0	-
741	141.527344	141.774740	C#5	69	80	0	0	2488	P1-35-11	0	-
742	141.756510	141.960938	B4	65	80	0	0	2492	P1-35-12	0	-
743	141.972656	142.299479	A4	65	80	0	0	2496	P1-35-13	0	-
744	141.985677	143.204427	C#4	49	80	0	0	2496	P1-35-22	0	-
745	141.992188	142.692708	F#3	53	80	0	0	2496	P1-35-26	0	-
746	142.178385	142.381510	B4	70	80	0	0	2500	P1-35-14	0	-
747	142.403646	142.695312	C#5	65	80	0	0	2504	P1-35-15	0	-
748	142.648438	142.858073	B4	72	80	0	0	2508	P1-35-16	0	-
749	142.649740	143.210938	C#3	56	80	0	0	2508	P1-35-27	0	-
750	142.875000	143.190104	A4	58	80	0	0	2512	P1-35-17	0	-
751	143.123698	143.423177	G#4	75	80	0	0	2516	P1-35-18	0	-
752	143.444010	143.855469	F#4	65	80	0	0	2520	P1-36-1	0	-
753	143.484375	145.229167	D3	43	80	0	0	2520	P1-36-15	0	-
754	143.920573	144.684896	E#5	75	80	0	0	2526	P1-36-2	0	-
755	144.273438	145.026042	C#4	55	80	0	0	2532	P1-36-11	0	-
756	144.643229	145.139323	F#5	71	80	0	0	2538	P1-36-3	0	-
757	145.003906	145.859375	G#4	76	80	0	0	2544	P1-36-4	0	-
758	145.005208	145.803385	B3	52	80	0	0	2544	P1-36-12	0	-
759	145.356771	146.075521	F#5	73	80	0	0	2550	P1-36-5	0	-
760	145.739583	146.423177	D3	58	80	0	0	2556	P1-36-16	0	-
761	146.044271	146.549479	E#5	64	80	0	0	2562	P1-36-6	0	-
762	146.415365	147.194010	C#3	61	80	0	0	2568	P1-36-17	0	-
763	146.415365	146.834635	A#4	73	80	0	0	2568	P1-36-7	0	-
764	146.423177	147.309896	C#4	61	80	0	0	2568	*	3	-
765	146.786458	147.545573	E5	73	80	0	0	2574	P1-36-8	0	-
766	147.135417	148.039062	A#3	60	80	0	0	2580	P1-36-14	0	-
767	147.140625	147.989583	G3	57	80	0	0	2580	P1-36-18	0	-
768	147.519531	147.919271	D#5	68	80	0	0	2586	P1-36-9	0	-
769	147.934896	148.225260	D#5	63	80	0	0	2592	P1-37-1	0	-
770	147.936198	150.019531	F#3	48	80	0	0	2592	P1-37-25	0	-
771	147.970052	148.669271	B#3	43	80	0	0	2592	P1-37-19	0	-
772	148.178385	148.406250	E5	68	80	0	0	2596	P1-37-2	0	-
773	148.402344	148.656250	F#5	73	80	0	0	2600	P1-37-3	0	-
774	148.621094	148.868490	E5	70	80	0	0	2604	P1-37-4	0	-
775	148.631510	149.286458	C#4	60	80	0	0	2604	P1-37-20	0	-
776	148.851562	149.164062	D#5	76	80	0	0	2608	P1-37-5	0	-
777	149.063802	149.263021	C#5	73	80	0	0	2612	P1-37-6	0	-
778	149.253906	150.139323	D#4	53	80	0	0	2616	P1-37-21	0	-
779	149.266927	149.527344	B#4	68	80	0	0	2616	P1-37-7	0	-
780	149.485677	149.704427	C#5	76	80	0	0	2620	P1-37-8	0	-
781	149.707031	149.983073	D#5	71	80	0	0	2624	P1-37-9	0	-
782	149.884115	150.658854	G#3	55	80	0	0	2628	P1-37-22	0	-
783	149.893229	151.299479	E3	55	80	0	0	2628	P1-37-26	0	-
784	149.916667	150.134115	C#5	78	80	0	0	2628	P1-37-10	0	-
785	150.125000	150.371094	B#4	72	80	0	0	2632	P1-37-11	0	-
786	150.355469	150.602865	A#4	72	80	0	0	2636	P1-37-12	0	-
787	150.587240	150.815104	G#4	83	80	0	0	2640	P1-37-13	0	-
788	150.587240	151.240885	A#3	74	80	0	0	2640	P1-37-23	0	-
789	150.807292	151.023438	F#4	75	80	0	0	2644	P1-37-14	0	-
790	151.024740	151.281250	G#4	78	80	0	0	2648	P1-37-15	0	-
791	151.251302	151.628906	A4	66	80	0	0	2652	P1-37-16	0	-
792	151.263021	151.742188	B#3	55	80	0	0	2652	P1-37-24	0	-
793	151.265625	151.735677	D#3	54	80	0	0	2652	P1-37-28	0	-
794	151.490885	151.760417	G#4	73	80	0	0	2656	P1-37-17	0	-
795	151.705729	151.967448	F#4	76	80	0	0	2660	P1-37-18	0	-
796	151.973958	152.256510	E#4	77	80	0	0	2664	P1-38-1	0	-
797	151.998698	153.059896	C#3	47	80	0	0	2664	P1-38-19	0	-
798	152.005208	152.423177	B3	50	80	0	0	2664	P1-38-13	0	-
799	152.194010	152.421875	F#4	75	80	0	0	2668	P1-38-2	0	-
800	152.411458	152.727865	G#4	77	80	0	0	2672	P1-38-3	0	-
801	152.634115	152.855469	F#4	70	80	0	0	2676	P1-38-4	0	-
802	152.649740	153.359375	A3	55	80	0	0	2676	P1-38-14	0	-
803	152.653646	153.333333	D#3	59	80	0	0	2676	P1-38-20	0	-
804	152.864583	153.091146	E#4	68	80	0	0	2680	P1-38-5	0	-
805	153.087240	153.342448	D#4	68	80	0	0	2684	P1-38-6	0	-
806	153.339844	154.089844	E#3	44	80	0	0	2688	P1-38-21	0	-
807	153.364583	154.889323	C#4	66	80	0	0	2688	P1-38-7	0	-
808	153.367188	154.059896	G#3	48	80	0	0	2688	P1-38-15	0	-
809	154.032552	154.859375	A3	52	80	0	0	2700	P1-38-16	0	-
810	154.033854	154.899740	F#3	51	80	0	0	2700	P1-38-22	0	-
811	154.716146	155.489583	B3	51	80	0	0	2712	P1-38-17	0	-
812	154.730469	155.598958	G#3	53	80	0	0	2712	P1-38-23	0	-
813	155.085938	155.479167	E#4	65	80	0	0	2718	P1-38-9	0	-
814	155.227865	155.470052	G#4	64	80	0	0	2721	P1-38-10	0	-
815	155.414062	155.908854	B4	72	80	0	0	2724	P1-38-11	0	-
816	155.433594	156.199219	G#2	49	80	0	0	2724	P1-38-24	0	-
817	155.434896	156.204427	E#3	54	80	0	0	2724	P1-38-18	0	-
818	155.796875	156.229167	D5	76	80	0	0	2730	P1-38-12	0	-
819	156.203125	157.500000	F#3	53	80	0	0	2736	P1-39-19	0	-
820	156.203125	157.489583	A2	55	80	0	0	2736	P1-39-23	0	-
821	156.209635	156.494792	C#5	73	80	0	0	2736	P1-39-1	0	-
822	156.480469	156.677083	D#5	76	80	0	0	2740	P1-39-2	0	-
823	156.704427	156.937500	E#5	75	80	0	0	2744	P1-39-3	0	-
824	156.997396	157.408854	F#5	74	80	0	0	2748	P1-39-4	0	-
825	157.005208	157.744792	C#3	47	80	0	0	2748	P1-39-20	0	-
826	157.252604	157.470052	E5	77	80	0	0	2752	P1-39-5	0	-
827	157.471354	157.730469	D5	79	80	0	0	2756	P1-39-6	0	-
828	157.701823	157.916667	C#5	75	80	0	0	2760	P1-39-7	0	-
829	157.723958	159.169271	F#3	60	80	0	0	2760	P1-39-21	0	-
830	157.932292	158.183594	B4	77	80	0	0	2764	P1-39-8	0	-
831	158.143229	158.472656	A4	66	80	0	0	2768	P1-39-9	0	-
832	158.388021	158.750000	D5	77	80	0	0	2772	P1-39-10	0	-
833	158.393229	159.369792	B2	55	80	0	0	2772	P1-39-24	0	-
834	158.596354	158.949219	C#5	76	80	0	0	2776	P1-39-11	0	-
835	158.820312	159.009115	B4	74	80	0	0	2780	P1-39-12	0	-
836	159.042969	159.299479	A4	71	80	0	0	2784	P1-39-13	0	-
837	159.045573	159.829427	C#3	54	80	0	0	2784	P1-39-25	0	-
838	159.285156	159.523438	G#4	79	80	0	0	2788	P1-39-14	0	-
839	159.492188	159.734375	F#4	78	80	0	0	2792	P1-39-15	0	-
840	159.736979	160.003906	G#4	84	80	0	0	2796	P1-39-16	0	-
841	159.740885	160.634115	E#3	59	80	0	0	2796	P1-39-22	0	-
842	159.783854	160.636719	B2	50	80	0	0	2796	P1-39-26	0	-
843	159.977865	160.222656	F#4	79	80	0	0	2800	P1-39-17	0	-
844	160.214844	160.623698	E#4	74	80	0	0	2804	P1-39-18	0	-
845	160.553385	162.128906	F#4	82	80	0	0	2808	P1-40-1	0	-
846	160.574219	163.009115	A#2	66	80	0	0	2808	P1-40-20	0	-
847	160.871094	161.639323	E4	57	80	0	0	2812	P1-40-6	0	-
848	161.134115	161.394531	D4	60	80	0	0	2816	P1-40-7	0	-
849	161.373698	161.606771	C#4	60	80	0	0	2820	P1-40-8	0	-
850	161.386719	162.785156	F#3	48	80	0	0	2820	P1-40-21	0	-
851	161.592448	161.799479	D4	65	80	0	0	2824	P1-40-9	0	-
852	161.809896	162.500000	E4	63	80	0	0	2828	P1-40-10	0	-
853	162.045573	162.782552	B2	45	80	0	0	2832	P1-40-22	0	-
854	162.052083	162.279948	D4	63	80	0	0	2832	P1-40-11	0	-
855	162.283854	162.799479	C#4	62	80	0	0	2836	P1-40-12	0	-
856	162.507812	162.781250	B3	65	80	0	0	2840	P1-40-13	0	-
857	162.735677	162.997396	A#3	66	80	0	0	2844	P1-40-14	0	-
858	162.750000	164.119792	C#3	50	80	0	0	2844	P1-40-23	0	-
859	162.988281	163.235677	B3	60	80	0	0	2848	P1-40-15	0	-
860	163.223958	163.486979	C#4	59	80	0	0	2852	P1-40-16	0	-
861	163.510417	164.299479	B3	78	80	0	0	2856	P1-40-17	0	-
862	163.526042	163.989583	D3	49	80	0	0	2856	P1-40-24	0	-
863	163.933594	164.949219	E#4	72	80	0	0	2862	P1-40-3	0	-
864	164.281250	164.799479	A3	48	80	0	0	2868	P1-40-19	0	-
865	164.282552	165.169271	B2	48	80	0	0	2868	P1-40-25	0	-
866	164.285156	165.109375	F#3	49	80	0	0	2868	P1-40-18	0	-
867	164.691406	165.250000	F#4	76	80	0	0	2874	P1-40-4	0	-
868	165.170573	165.606771	D5	80	80	0	0	2880	P1-41-1	0	-
869	165.214844	165.968750	E#3	43	80	0	0	2880	P1-41-13	0	-
870	165.221354	166.000000	G#3	40	80	0	0	2880	P1-41-14	0	-
871	165.222656	167.229167	C#3	41	80	0	0	2880	P1-41-20	0	-
872	165.567708	166.372396	B#4	76	80	0	0	2886	P1-41-2	0	-
873	165.942708	166.709635	A3	64	80	0	0	2892	P1-41-16	0	-
874	165.960938	166.660156	F#3	58	80	0	0	2892	P1-41-15	0	-
875	166.321615	167.199219	C#5	80	80	0	0	2898	P1-41-3	0	-
876	166.661458	167.438802	E#4	68	80	0	0	2904	P1-41-4	0	-
877	166.665365	167.519531	B3	58	80	0	0	2904	P1-41-17	0	-
878	166.665365	167.229167	G#3	61	80	0	0	2904	P1-41-24	0	-
879	167.053385	167.873698	B4	84	80	0	0	2910	P1-41-5	0	-
880	167.384115	168.924479	F#3	57	80	0	0	2916	P1-41-18	0	-
881	167.386719	168.408854	D3	55	80	0	0	2916	P1-41-21	0	-
882	167.756510	168.221354	A4	71	80	0	0	2922	P1-41-6	0	-
883	168.126302	168.921875	B2	62	80	0	0	2928	P1-41-22	0	-
884	168.144531	168.425781	G#4	78	80	0	0	2928	P1-41-7	0	-
885	168.406250	168.643229	B4	75	80	0	0	2932	P1-41-8	0	-
886	168.634115	168.938802	A4	76	80	0	0	2936	P1-41-9	0	-
887	168.863281	169.156250	G#4	79	80	0	0	2940	P1-41-10	0	-
888	168.865885	169.429688	C#3	57	80	0	0	2940	P1-41-23	0	-
889	168.873698	169.610677	E#3	59	80	0	0	2940	P1-41-19	0	-
890	169.100260	169.291667	F#4	75	80	0	0	2944	P1-41-11	0	-
891	169.334635	169.614583	E#4	73	80	0	0	2948	P1-41-12	0	-
892	169.595052	170.279948	C#4	61	80	0	0	2952	*	3	-
893	169.596354	169.865885	F#4	79	80	0	0	2952	P1-42-1	0	-
894	169.602865	170.408854	C#3	57	80	0	0	2952	P1-42-16	0	-
895	169.604167	170.153646	A2	60	80	0	0	2952	P1-42-25	0	-
896	169.856771	170.054688	G#4	83	80	0	0	2956	P1-42-2	0	-
897	170.072917	170.382812	A4	77	80	0	0	2960	P1-42-3	0	-
898	170.346354	170.635417	B4	81	80	0	0	2964	P1-42-4	0	-
899	170.375000	171.169271	G#2	55	80	0	0	2964	P1-42-26	0	-
900	170.376302	171.429688	E#3	58	80	0	0	2964	P1-42-17	0	-
901	170.602865	170.915365	C#5	71	80	0	0	2968	P1-42-5	0	-
902	170.891927	171.389323	D5	83	80	0	0	2972	P1-42-6	0	-
903	171.341146	172.359375	C#4	76	80	0	0	2976	P1-42-7	0	-
904	171.345052	172.519531	A2	50	80	0	0	2976	P1-42-27	0	-
905	171.666667	171.915365	F#3	55	80	0	0	2980	P1-42-19	0	-
906	171.944010	172.253906	E3	61	80	0	0	2984	P1-42-20	0	-
907	172.261719	173.769531	F#4	79	80	0	0	2988	P1-42-8	0	-
908	172.270833	172.510417	D3	52	80	0	0	2988	P1-42-21	0	-
909	172.281250	172.769531	G#3	51	80	0	0	2988	P1-42-13	0	-
910	172.523438	172.795573	C#3	55	80	0	0	2992	P1-42-22	0	-
911	172.807292	173.218750	B2	51	80	0	0	2996	P1-42-23	0	-
912	173.174479	175.449219	C#4	53	80	0	0	3000	*	3	-
913	173.182292	175.658854	C#3	49	80	0	0	3000	P1-42-24	0	-
914	173.184896	174.158854	A3	54	80	0	0	3000	P1-42-14	0	-
915	173.726562	173.739583	A4	46	80	0	0	3006	*	3	-
916	173.777344	175.369792	F#4	65	80	0	0	3006	P1-42-10	0	-
917	174.358073	175.878906	C#2	46	80	0	0	3012	P1-42-30	0	-
918	174.361979	175.098958	B3	50	80	0	0	3012	P1-42-15	0	-
919	175.093750	175.589844	E#4	55	80	0	0	3018	P1-42-11	0	-
920	175.104167	175.579427	B3	35	80	0	0	3018	*	3	-
921	176.244792	180.438802	F#4	42	80	0	0	3024	P1-43-1	0	-
922	176.252604	180.479167	F#3	38	80	0	0	3024	*	3	-
923	176.252604	180.579427	A#3	41	80	0	0	3024	P1-43-2	0	-
924	176.265625	180.649740	F#2	36	80	0	0	3024	P1-43-4	0	-
925	176.266927	180.529948	C#3	38	80	0	0	3024	*	3	-
926	176.273438	176.679688	C#4	37	80	0	0	3024	*	3	-
//Missing 0	P1-1-1
//Missing 0	P1-1-17
//Missing 60	P1-1-16
//Missing 1872	P1-27-21
//Missing 2148	P1-30-16
//Missing 2160	P1-31-15
//Missing 2232	P1-32-17
//Missing 2376	P1-34-13
