//Version: ScorePerfmMatch_v170503
// Score: ./musicxml_cleaned_hmm.txt
// Perfm: ./02950_spr.txt
// fmt3x: ./musicxml_cleaned_fmt3x.txt
0	1.557292	1.611979	B2	64	80	0	0	-1	*	3	0
1	1.710938	1.848958	B3	75	80	0	0	2	P1-1-2	0	-
2	1.855469	2.011719	C#4	67	80	0	0	4	P1-1-3	0	-
3	1.996094	2.095052	D#4	73	80	0	0	6	P1-1-4	0	-
4	2.145833	2.223958	E4	71	80	0	0	8	P1-1-5	0	-
5	2.278646	2.401042	F#4	71	80	0	0	10	P1-1-6	0	-
6	2.411458	2.550781	G#4	77	80	0	0	12	P1-1-7	0	-
7	2.548177	2.613281	A#4	71	80	0	0	14	P1-1-8	0	-
8	2.657552	2.713542	B4	83	80	0	0	16	P1-1-9	0	-
9	2.725260	2.804688	A#4	78	80	0	0	16	P1-1-9	0	-
10	2.812500	3.085938	B4	71	80	0	0	16	*	3	-
11	2.826823	2.925781	B3	63	80	0	0	18	P1-1-18	0	-
12	2.975260	3.111979	A#3	64	80	0	0	20	P1-1-19	0	-
13	3.105469	3.153646	C#5	74	80	0	0	22	P1-1-10	0	-
14	3.115885	3.194010	G#3	56	80	0	0	22	P1-1-20	0	-
15	3.222656	3.305990	F#3	54	80	0	0	24	P1-1-21	0	-
16	3.260417	3.324219	Eb5	78	80	0	0	30	P1-1-12	1	-
17	3.337240	3.403646	C#5	73	80	0	0	-1	*	3	-
18	3.385417	3.432292	E3	64	80	0	0	26	P1-1-22	0	-
19	3.423177	3.489583	Eb5	73	80	0	0	-1	*	3	-
20	3.497396	3.562500	C#5	74	80	0	0	-1	*	3	-
21	3.528646	3.609375	D#3	63	80	0	0	28	P1-1-23	0	-
22	3.571615	3.653646	Eb5	77	80	0	0	-1	*	3	-
23	3.636719	3.696615	C#5	80	80	0	0	-1	*	3	-
24	3.665365	3.825521	C#3	60	80	0	0	30	P1-1-24	0	-
25	3.701823	3.803385	B4	73	80	0	0	-1	*	3	-
26	3.802083	3.915365	C#5	75	80	0	0	31	P1-1-13	0	-
27	3.863281	4.122396	B2	66	80	0	0	32	P1-2-17	0	-
28	3.898438	4.072917	D#5	83	80	0	0	32	P1-2-1	0	-
29	4.048177	4.162760	A#4	74	80	0	0	34	P1-2-2	0	-
30	4.192708	4.287760	B4	73	80	0	0	36	P1-2-3	0	-
31	4.356771	4.533854	D#5	73	80	0	0	38	P1-2-4	0	-
32	4.389323	4.468750	B2	38	80	0	0	46	P1-2-20	0	-
33	4.501302	4.566406	Eb3	81	80	0	0	-1	*	3	-
34	4.507812	4.839844	E5	73	80	0	0	40	P1-2-5	0	-
35	4.580729	4.694010	C#3	72	80	0	0	-1	*	3	-
36	4.644531	4.723958	A#4	70	80	0	0	42	P1-2-6	0	-
37	4.684896	4.742188	Eb3	72	80	0	0	-1	*	3	-
38	4.755208	4.843750	C#3	81	80	0	0	-1	*	3	-
39	4.791667	4.945312	B4	77	80	0	0	44	P1-2-7	0	-
40	4.838542	4.963542	Eb3	72	80	0	0	-1	*	3	-
41	4.917969	4.994792	C#3	67	80	0	0	-1	*	3	-
42	4.954427	5.066406	E5	75	80	0	0	46	P1-2-8	0	-
43	4.994792	5.092448	B2	78	80	0	0	-1	*	3	-
44	5.072917	5.154948	C#3	71	80	0	0	47	P1-2-21	0	-
45	5.075521	5.158854	G#4	70	80	0	0	-1	*	3	-
46	5.115885	5.253906	F#5	85	80	0	0	48	P1-2-9	0	-
47	5.123698	5.259115	D#3	83	80	0	0	-1	*	3	-
48	5.264323	5.335938	B4	79	80	0	0	50	P1-2-10	0	-
49	5.268229	5.329427	D#3	68	80	0	0	48	P1-2-22	0	-
50	5.425781	5.565104	G#5	83	80	0	0	52	P1-2-11	0	-
51	5.593750	5.683594	F#5	79	80	0	0	54	P1-2-12	0	-
52	5.597656	5.670573	E3	73	80	0	0	54	P1-2-24	0	-
53	5.683594	5.753906	F#3	81	80	0	0	-1	*	3	-
54	5.729167	5.894531	E5	80	80	0	0	56	P1-2-13	0	-
55	5.772135	5.919271	E3	68	80	0	0	-1	*	3	-
56	5.846354	5.938802	F#3	80	80	0	0	-1	*	3	-
57	5.891927	6.082031	D#5	83	80	0	0	58	P1-2-14	0	-
58	5.933594	6.049479	E3	63	80	0	0	-1	*	3	-
59	6.024740	6.115885	F#3	73	80	0	0	-1	*	3	-
60	6.048177	6.169271	C#5	75	80	0	0	60	P1-2-15	0	-
61	6.113281	6.209635	E3	64	80	0	0	-1	*	3	-
62	6.183594	6.272135	B4	78	80	0	0	62	P1-2-16	0	-
63	6.183594	6.377604	D#3	78	80	0	0	-1	*	3	-
64	6.285156	6.399740	E3	62	80	0	0	-1	*	3	-
65	6.351562	6.473958	A#4	82	80	0	0	64	P1-3-1	0	-
66	6.354167	6.395833	F#3	84	80	0	0	-1	*	3	-
67	6.488281	6.584635	E#4	77	80	0	0	66	P1-3-2	0	-
68	6.652344	6.735677	F#4	72	80	0	0	68	P1-3-3	0	-
69	6.653646	6.707031	A#3	73	80	0	0	68	P1-3-18	0	-
70	6.802083	6.953125	C#5	76	80	0	0	70	P1-3-4	0	-
71	6.967448	7.076823	A#4	69	80	0	0	72	P1-3-5	0	-
72	6.968750	7.011719	C#4	71	80	0	0	72	P1-3-19	0	-
73	7.108073	7.264323	C#5	67	80	0	0	74	P1-3-6	0	-
74	7.282552	7.337240	F#4	68	80	0	0	76	P1-3-7	0	-
75	7.283854	7.334635	A#3	61	80	0	0	76	P1-3-20	0	-
76	7.423177	7.576823	C#5	71	80	0	0	78	P1-3-8	0	-
77	7.575521	7.615885	F#3	78	80	0	0	80	P1-3-21	0	-
78	7.576823	7.665365	A#4	69	80	0	0	80	P1-3-9	0	-
79	7.725260	7.804688	E#4	71	80	0	0	82	P1-3-10	0	-
80	7.876302	7.942708	F#4	70	80	0	0	84	P1-3-11	0	-
81	7.882812	7.933594	A#3	72	80	0	0	84	P1-3-22	0	-
82	8.022135	8.173177	C#5	70	80	0	0	86	P1-3-12	0	-
83	8.174479	8.285156	A#4	70	80	0	0	88	P1-3-13	0	-
84	8.194010	8.251302	C#4	72	80	0	0	88	P1-3-23	0	-
85	8.326823	8.464844	C#5	69	80	0	0	90	P1-3-14	0	-
86	8.493490	8.558594	F#4	67	80	0	0	92	P1-3-15	0	-
87	8.494792	8.550781	E3	64	80	0	0	92	P1-3-24	0	-
88	8.645833	8.792969	C#5	69	80	0	0	94	P1-3-16	0	-
89	8.791667	8.902344	B4	82	80	0	0	96	P1-4-1	0	-
90	8.792969	8.841146	D#3	75	80	0	0	96	P1-4-17	0	-
91	8.934896	9.027344	E#4	77	80	0	0	98	P1-4-2	0	-
92	9.080729	9.132812	B3	70	80	0	0	100	P1-4-18	0	-
93	9.082031	9.186198	F#4	75	80	0	0	100	P1-4-3	0	-
94	9.236979	9.380208	D#5	72	80	0	0	102	P1-4-4	0	-
95	9.393229	9.540365	B4	67	80	0	0	104	P1-4-5	0	-
96	9.394531	9.479167	D#4	65	80	0	0	104	P1-4-19	0	-
97	9.549479	9.692708	D#5	69	80	0	0	106	P1-4-6	0	-
98	9.692708	9.748698	B3	74	80	0	0	108	P1-4-20	0	-
99	9.694010	9.794271	F#4	66	80	0	0	108	P1-4-7	0	-
100	9.843750	9.968750	D#5	74	80	0	0	110	P1-4-8	0	-
101	9.996094	10.104167	B4	78	80	0	0	112	P1-4-9	0	-
102	10.007812	10.055990	F#3	66	80	0	0	112	P1-4-21	0	-
103	10.128906	10.234375	E#4	79	80	0	0	114	P1-4-10	0	-
104	10.278646	10.373698	F#4	70	80	0	0	116	P1-4-11	0	-
105	10.303385	10.356771	B3	63	80	0	0	116	P1-4-22	0	-
106	10.455729	10.606771	D#5	76	80	0	0	118	P1-4-12	0	-
107	10.597656	10.753906	B4	79	80	0	0	120	P1-4-13	0	-
108	10.611979	10.688802	D#4	63	80	0	0	120	P1-4-23	0	-
109	10.757812	10.908854	D#5	73	80	0	0	122	P1-4-14	0	-
110	10.906250	10.994792	F#4	72	80	0	0	124	P1-4-15	0	-
111	10.907552	10.964844	B3	57	80	0	0	124	P1-4-24	0	-
112	11.061198	11.221354	D#5	73	80	0	0	126	P1-4-16	0	-
113	11.209635	11.337240	C#5	78	80	0	0	128	P1-5-1	0	-
114	11.212240	11.263021	A#2	70	80	0	0	128	P1-5-17	0	-
115	11.363281	11.450521	E#4	69	80	0	0	130	P1-5-2	0	-
116	11.505208	11.584635	F#4	81	80	0	0	132	P1-5-3	0	-
117	11.507812	11.570312	C#4	77	80	0	0	132	P1-5-18	0	-
118	11.673177	11.825521	E5	81	80	0	0	134	P1-5-4	0	-
119	11.802083	11.967448	C#5	83	80	0	0	136	P1-5-5	0	-
120	11.834635	11.968750	E4	69	80	0	0	136	P1-5-19	0	-
121	11.963542	12.098958	E5	78	80	0	0	138	P1-5-6	0	-
122	12.104167	12.221354	A#4	72	80	0	0	140	P1-5-7	0	-
123	12.104167	12.183594	C#4	69	80	0	0	140	P1-5-20	0	-
124	12.251302	12.380208	E5	71	80	0	0	142	P1-5-8	0	-
125	12.388021	12.515625	C#5	78	80	0	0	144	P1-5-9	0	-
126	12.393229	12.445312	A#3	71	80	0	0	144	P1-5-21	0	-
127	12.536458	12.692708	E#4	73	80	0	0	146	P1-5-10	0	-
128	12.671875	12.755208	F#4	78	80	0	0	148	P1-5-11	0	-
129	12.699219	12.764323	C#4	65	80	0	0	148	P1-5-22	0	-
130	12.835938	12.985677	E5	76	80	0	0	150	P1-5-12	0	-
131	12.973958	13.125000	C#5	75	80	0	0	152	P1-5-13	0	-
132	12.984375	13.037760	A#3	64	80	0	0	152	P1-5-23	0	-
133	13.122396	13.259115	E5	76	80	0	0	154	P1-5-14	0	-
134	13.265625	13.299479	E5	72	80	0	0	154	*	3	-
135	13.268229	13.311198	F#3	73	80	0	0	156	P1-5-24	0	-
136	13.269531	13.382812	A#4	77	80	0	0	156	P1-5-15	0	-
137	13.411458	13.523438	E5	78	80	0	0	158	P1-5-16	0	-
138	13.544271	13.596354	B2	66	80	0	0	160	P1-6-17	0	-
139	13.554688	13.730469	D#5	75	80	0	0	160	P1-6-1	0	-
140	13.704427	13.816406	A#4	76	80	0	0	162	P1-6-2	0	-
141	13.842448	13.933594	B4	80	80	0	0	164	P1-6-3	0	-
142	13.863281	13.927083	D#4	69	80	0	0	164	P1-6-18	0	-
143	13.994792	14.165365	F#5	85	80	0	0	166	P1-6-4	0	-
144	14.136719	14.178385	F#4	68	80	0	0	168	P1-6-19	0	-
145	14.152344	14.322917	D#5	80	80	0	0	168	P1-6-5	0	-
146	14.304688	14.424479	F#5	84	80	0	0	170	P1-6-6	0	-
147	14.438802	14.513021	D#4	57	80	0	0	172	P1-6-20	0	-
148	14.441406	14.544271	B4	79	80	0	0	172	P1-6-7	0	-
149	14.579427	14.746094	F#5	78	80	0	0	174	P1-6-8	0	-
150	14.734375	14.894531	D#5	79	80	0	0	176	P1-6-9	0	-
151	14.735677	14.792969	B3	57	80	0	0	176	P1-6-21	0	-
152	14.861979	14.973958	A#4	72	80	0	0	178	P1-6-10	0	-
153	15.015625	15.162760	B4	73	80	0	0	180	P1-6-11	0	-
154	15.042969	15.154948	D#4	55	80	0	0	180	P1-6-22	0	-
155	15.164062	15.278646	F#5	79	80	0	0	182	P1-6-12	0	-
156	15.294271	15.442708	D#5	79	80	0	0	184	P1-6-13	0	-
157	15.303385	15.373698	B3	62	80	0	0	184	P1-6-23	0	-
158	15.438802	15.561198	F#5	76	80	0	0	186	P1-6-14	0	-
159	15.597656	15.664062	B4	66	80	0	0	188	P1-6-15	0	-
160	15.602865	15.653646	F#3	72	80	0	0	188	P1-6-24	0	-
161	15.731771	15.845052	F#5	71	80	0	0	190	P1-6-16	0	-
162	15.877604	16.179688	A5	83	80	0	0	192	P1-7-1	0	-
163	15.877604	15.925781	D#3	56	80	0	0	192	P1-7-17	0	-
164	16.020833	16.143229	E5	68	80	0	0	194	P1-7-2	0	-
165	16.162760	16.291667	F#5	69	80	0	0	196	P1-7-3	0	-
166	16.165365	16.213542	B3	59	80	0	0	196	P1-7-18	0	-
167	16.304688	16.434896	A5	71	80	0	0	198	P1-7-4	0	-
168	16.460938	16.513021	F#3	55	80	0	0	200	P1-7-19	0	-
169	16.460938	16.605469	D#5	71	80	0	0	200	P1-7-5	0	-
170	16.596354	16.720052	F#5	69	80	0	0	202	P1-7-6	0	-
171	16.746094	16.804688	D#3	57	80	0	0	204	P1-7-20	0	-
172	16.747396	16.830729	B4	64	80	0	0	204	P1-7-7	0	-
173	16.893229	17.015625	F#5	67	80	0	0	206	P1-7-8	0	-
174	17.023438	17.075521	B2	63	80	0	0	208	P1-7-21	0	-
175	17.026042	17.161458	A5	79	80	0	0	208	P1-7-9	0	-
176	17.164062	17.292969	F#5	77	80	0	0	210	P1-7-10	0	-
177	17.324219	17.399740	E5	68	80	0	0	212	P1-7-11	0	-
178	17.324219	17.373698	F#3	61	80	0	0	212	P1-7-22	0	-
179	17.450521	17.585938	D#5	73	80	0	0	214	P1-7-12	0	-
180	17.591146	17.746094	E5	66	80	0	0	216	P1-7-13	0	-
181	17.593750	17.636719	B3	61	80	0	0	216	P1-7-23	0	-
182	17.731771	17.882812	D#5	70	80	0	0	218	P1-7-14	0	-
183	17.869792	18.000000	C#5	75	80	0	0	220	P1-7-15	0	-
184	17.872396	17.924479	D#3	65	80	0	0	220	P1-7-24	0	-
185	17.993490	18.083333	B4	65	80	0	0	222	P1-7-16	0	-
186	18.152344	18.244792	G#5	72	80	0	0	224	P1-8-1	0	-
187	18.164062	18.217448	E3	67	80	0	0	224	P1-8-17	0	-
188	18.292969	18.414062	E5	65	80	0	0	226	P1-8-2	0	-
189	18.454427	18.506510	G#3	62	80	0	0	228	P1-8-18	0	-
190	18.454427	18.584635	D#5	70	80	0	0	228	P1-8-3	0	-
191	18.582031	18.695312	C#5	72	80	0	0	230	P1-8-4	0	-
192	18.727865	18.928385	D#5	74	80	0	0	232	P1-8-5	0	-
193	18.733073	18.787760	A#2	73	80	0	0	232	P1-8-19	0	-
194	18.872396	18.994792	C#5	68	80	0	0	234	P1-8-6	0	-
195	19.014323	19.141927	B4	66	80	0	0	236	P1-8-7	0	-
196	19.015625	19.065104	G#3	71	80	0	0	236	P1-8-20	0	-
197	19.149740	19.264323	A#4	73	80	0	0	238	P1-8-8	0	-
198	19.305990	19.365885	D#3	68	80	0	0	240	P1-8-21	0	-
199	19.308594	19.463542	F#5	81	80	0	0	240	P1-8-9	0	-
200	19.463542	19.635417	D#5	79	80	0	0	242	P1-8-10	0	-
201	19.605469	19.744792	C#5	76	80	0	0	244	P1-8-11	0	-
202	19.606771	19.648438	F#3	72	80	0	0	244	P1-8-22	0	-
203	19.746094	19.837240	B4	65	80	0	0	246	P1-8-12	0	-
204	19.878906	19.932292	G#2	71	80	0	0	248	P1-8-23	0	-
205	19.881510	20.020833	C#5	72	80	0	0	248	P1-8-13	0	-
206	20.026042	20.106771	B4	61	80	0	0	250	P1-8-14	0	-
207	20.154948	20.307292	A#4	74	80	0	0	252	P1-8-15	0	-
208	20.156250	20.207031	F#3	77	80	0	0	252	P1-8-24	0	-
209	20.283854	20.459635	G#4	77	80	0	0	254	P1-8-16	0	-
210	20.455729	20.625000	E5	79	80	0	0	256	P1-9-1	0	-
211	20.457031	20.636719	C#3	61	80	0	0	256	P1-9-15	0	-
212	20.585938	20.764323	D#3	78	80	0	0	258	P1-9-16	0	-
213	20.585938	20.769531	D#5	81	80	0	0	258	P1-9-2	0	-
214	20.725260	20.803385	E3	71	80	0	0	260	P1-9-17	0	-
215	20.731771	20.872396	C#5	74	80	0	0	260	P1-9-3	0	-
216	20.880208	21.061198	D#5	76	80	0	0	262	P1-9-4	0	-
217	20.881510	21.096354	F#3	83	80	0	0	262	P1-9-18	0	-
218	21.022135	21.128906	E5	85	80	0	0	264	P1-9-5	0	-
219	21.024740	21.177083	G#3	77	80	0	0	264	P1-9-19	0	-
220	21.169271	21.264323	A#3	77	80	0	0	266	P1-9-20	0	-
221	21.283854	21.333333	B3	65	80	0	0	268	P1-9-21	0	-
222	21.305990	21.355469	G#4	85	80	0	0	268	P1-9-6	0	-
223	21.440104	21.498698	G#3	74	80	0	0	270	P1-9-22	0	-
224	21.611979	21.738281	F#4	73	80	0	0	272	P1-9-7	0	-
225	21.611979	21.671875	A#3	69	80	0	0	272	P1-9-23	0	-
226	21.746094	21.932292	G#4	74	80	0	0	274	P1-9-8	0	-
227	21.894531	22.002604	A#4	74	80	0	0	276	P1-9-9	0	-
228	21.907552	21.954427	C#4	64	80	0	0	276	P1-9-24	0	-
229	22.042969	22.110677	B4	70	80	0	0	278	P1-9-10	0	-
230	22.174479	22.317708	C#5	70	80	0	0	280	P1-9-11	0	-
231	22.178385	22.225260	A#3	65	80	0	0	280	P1-9-25	0	-
232	22.325521	22.477865	D#5	70	80	0	0	282	P1-9-12	0	-
233	22.457031	22.519531	F#3	66	80	0	0	284	P1-9-26	0	-
234	22.458333	22.587240	E5	74	80	0	0	284	P1-9-13	0	-
235	22.606771	22.703125	C#5	71	80	0	0	286	P1-9-14	0	-
236	22.744792	22.911458	D#5	78	80	0	0	288	P1-10-1	0	-
237	22.746094	22.809896	B3	62	80	0	0	288	P1-10-14	0	-
238	22.889323	23.044271	E5	72	80	0	0	290	P1-10-2	0	-
239	23.020833	23.070312	B2	64	80	0	0	292	P1-10-15	0	-
240	23.023438	23.309896	D#5	79	80	0	0	292	P1-10-3	0	-
241	23.177083	23.294271	C#5	74	80	0	0	294	P1-10-4	0	-
242	23.274740	23.321615	B3	76	80	0	0	296	P1-10-16	0	-
243	23.317708	23.529948	B4	76	80	0	0	296	P1-10-5	0	-
244	23.354167	23.414062	A#3	81	80	0	0	296	P1-10-16	0	-
245	23.404948	24.079427	B3	86	80	0	0	296	*	3	-
246	23.484375	23.808594	A#4	77	80	0	0	298	P1-10-6	0	-
247	23.614583	23.843750	G#4	77	80	0	0	300	P1-10-7	0	-
248	23.774740	23.875000	F#4	71	80	0	0	302	P1-10-8	0	-
249	23.904948	24.069010	E#4	74	80	0	0	304	P1-10-9	0	-
250	24.052083	24.188802	C#4	73	80	0	0	306	P1-10-10	0	-
251	24.053385	24.201823	A#3	70	80	0	0	306	P1-10-18	0	-
252	24.182292	24.263021	E#4	73	80	0	0	308	P1-10-11	0	-
253	24.212240	24.313802	G#3	69	80	0	0	308	P1-10-19	0	-
254	24.333333	24.453125	G#4	76	80	0	0	310	P1-10-12	0	-
255	24.333333	24.445312	F#3	62	80	0	0	310	P1-10-20	0	-
256	24.493490	25.200521	C#5	83	80	0	0	312	P1-10-13	0	-
257	24.494792	24.566406	E#3	77	80	0	0	312	P1-10-21	0	-
258	24.618490	24.777344	C#3	72	80	0	0	314	P1-10-22	0	-
259	24.774740	24.873698	E#3	75	80	0	0	316	P1-10-23	0	-
260	24.929688	24.972656	G#3	76	80	0	0	318	P1-10-24	0	-
261	25.075521	25.119792	A#3	83	80	0	0	320	P1-11-18	0	-
262	25.208333	25.278646	B4	69	80	0	0	322	P1-11-2	0	-
263	25.363281	25.759115	A#4	73	80	0	0	324	P1-11-3	0	-
264	25.372396	25.433594	C#4	68	80	0	0	324	P1-11-19	0	-
265	25.496094	25.738281	G#4	75	80	0	0	326	P1-11-4	0	-
266	25.639323	25.764323	F#4	78	80	0	0	328	P1-11-5	0	-
267	25.651042	25.701823	D#3	70	80	0	0	328	P1-11-20	0	-
268	25.774740	25.907552	E#4	75	80	0	0	330	P1-11-6	0	-
269	25.915365	26.069010	D#4	80	80	0	0	332	P1-11-7	0	-
270	25.924479	25.968750	F#3	76	80	0	0	332	P1-11-21	0	-
271	26.080729	26.152344	C#5	75	80	0	0	334	P1-11-8	0	-
272	26.209635	26.421875	B4	84	80	0	0	336	P1-11-9	0	-
273	26.213542	26.261719	G#3	75	80	0	0	336	P1-11-22	0	-
274	26.361979	26.520833	A#4	82	80	0	0	338	P1-11-10	0	-
275	26.494792	26.679688	G#4	78	80	0	0	340	P1-11-11	0	-
276	26.496094	26.540365	B3	68	80	0	0	340	P1-11-23	0	-
277	26.634115	26.739583	F#4	76	80	0	0	342	P1-11-12	0	-
278	26.782552	26.850260	C#3	64	80	0	0	344	P1-11-24	0	-
279	26.785156	26.882812	E#4	81	80	0	0	344	P1-11-13	0	-
280	26.928385	27.024740	D#4	76	80	0	0	346	P1-11-14	0	-
281	27.070312	27.118490	E#3	70	80	0	0	348	P1-11-25	0	-
282	27.076823	27.259115	C#4	80	80	0	0	348	P1-11-17	0	-
283	27.221354	27.365885	B4	71	80	0	0	350	P1-11-16	0	-
284	27.373698	27.989583	A#4	67	80	0	0	352	P1-12-2	0	-
285	27.373698	27.421875	F#3	67	80	0	0	352	P1-12-13	0	-
286	27.522135	27.687500	F#2	68	80	0	0	354	P1-12-14	0	-
287	27.656250	27.864583	G#2	70	80	0	0	356	P1-12-15	0	-
288	27.819010	27.936198	A#2	80	80	0	0	358	P1-12-16	0	-
289	27.944010	28.031250	B2	78	80	0	0	360	P1-12-17	0	-
290	28.104167	28.274740	C#3	79	80	0	0	362	P1-12-18	0	-
291	28.242188	28.384115	D#3	85	80	0	0	364	P1-12-19	0	-
292	28.397135	28.509115	E#3	79	80	0	0	366	P1-12-20	0	-
293	28.520833	28.614583	F#3	77	80	0	0	368	P1-12-21	0	-
294	28.661458	28.707031	G#3	70	80	0	0	370	P1-12-22	0	-
295	28.803385	28.908854	F#3	67	80	0	0	372	P1-12-23	0	-
296	28.834635	28.979167	A#4	68	80	0	0	372	P1-12-11	0	-
297	28.835938	29.148438	C#5	72	80	0	0	372	P1-12-5	0	-
298	28.951823	29.053385	E3	70	80	0	0	374	P1-12-24	0	-
299	29.106771	29.235677	D#3	64	80	0	0	376	P1-12-25	0	-
300	29.132812	29.467448	F#5	75	80	0	0	376	P1-12-6	0	-
301	29.143229	29.509115	B#4	62	80	0	0	376	P1-12-12	0	-
302	29.259115	29.347656	G#3	64	80	0	0	378	P1-12-26	0	-
303	29.403646	29.492188	F#3	68	80	0	0	380	P1-12-27	0	-
304	29.414062	29.746094	D#5	80	80	0	0	380	P1-12-7	0	-
305	29.552083	29.614583	G#3	57	80	0	0	382	P1-12-28	0	-
306	29.710938	29.893229	C#3	63	80	0	0	384	P1-13-11	0	-
307	29.714844	31.039062	E5	66	80	0	0	384	P1-13-1	0	-
308	29.714844	29.872396	C#5	66	80	0	0	384	P1-13-6	0	-
309	29.856771	29.968750	D#3	65	80	0	0	386	P1-13-12	0	-
310	30.002604	30.095052	E3	64	80	0	0	388	P1-13-13	0	-
311	30.003906	30.328125	G#4	74	80	0	0	388	P1-13-7	0	-
312	30.138021	30.309896	C#3	64	80	0	0	390	P1-13-14	0	-
313	30.303385	30.407552	F#3	76	80	0	0	392	P1-13-15	0	-
314	30.313802	30.589844	A4	66	80	0	0	392	P1-13-8	0	-
315	30.445312	30.544271	E3	71	80	0	0	394	P1-13-16	0	-
316	30.589844	30.705729	D#3	69	80	0	0	396	P1-13-17	0	-
317	30.602865	30.908854	A#4	71	80	0	0	396	P1-13-9	0	-
318	30.730469	30.875000	C#3	68	80	0	0	398	P1-13-18	0	-
319	30.895833	31.035156	B2	68	80	0	0	400	P1-13-19	0	-
320	30.902344	32.259115	B4	71	80	0	0	400	P1-13-10	0	-
321	31.032552	31.132812	C#3	71	80	0	0	402	P1-13-20	0	-
322	31.183594	31.286458	B2	67	80	0	0	404	P1-13-21	0	-
323	31.184896	31.498698	D#5	82	80	0	0	404	P1-13-3	0	-
324	31.307292	31.419271	A#2	65	80	0	0	406	P1-13-22	0	-
325	31.446615	31.641927	G#2	74	80	0	0	408	P1-13-23	0	-
326	31.481771	31.794271	E5	84	80	0	0	408	P1-13-4	0	-
327	31.651042	31.734375	C#3	58	80	0	0	410	P1-13-24	0	-
328	31.764323	31.893229	B2	70	80	0	0	412	P1-13-25	0	-
329	31.768229	32.098958	E#5	86	80	0	0	412	P1-13-5	0	-
330	31.903646	31.997396	C#3	60	80	0	0	414	P1-13-26	0	-
331	32.037760	32.311198	F#2	71	80	0	0	416	P1-14-11	0	-
332	32.097656	33.549479	F#5	85	80	0	0	416	P1-14-1	0	-
333	32.217448	32.330729	C#3	67	80	0	0	418	P1-14-12	0	-
334	32.354167	32.476562	F#3	66	80	0	0	420	P1-14-13	0	-
335	32.372396	32.666667	A#4	77	80	0	0	420	P1-14-7	0	-
336	32.473958	32.651042	E3	70	80	0	0	422	P1-14-14	0	-
337	32.643229	32.783854	D#3	74	80	0	0	424	P1-14-15	0	-
338	32.653646	32.884115	B4	83	80	0	0	424	P1-14-8	0	-
339	32.794271	32.906250	G#3	68	80	0	0	426	P1-14-16	0	-
340	32.953125	33.253906	B#4	78	80	0	0	428	P1-14-9	0	-
341	32.953125	33.063802	F#3	69	80	0	0	428	P1-14-17	0	-
342	33.075521	33.165365	G#3	68	80	0	0	430	P1-14-18	0	-
343	33.255208	33.878906	C#5	76	80	0	0	432	P1-14-10	0	-
344	33.255208	33.360677	C#3	59	80	0	0	432	P1-14-19	0	-
345	33.385417	33.515625	D#3	63	80	0	0	434	P1-14-20	0	-
346	33.522135	33.671875	C#3	64	80	0	0	436	P1-14-21	0	-
347	33.541667	33.878906	E#5	83	80	0	0	436	P1-14-3	0	-
348	33.671875	33.839844	B2	63	80	0	0	438	P1-14-22	0	-
349	33.802083	34.049479	A#2	72	80	0	0	440	P1-14-23	0	-
350	33.847656	34.148438	F#5	84	80	0	0	440	P1-14-4	0	-
351	33.970052	34.082031	D#3	69	80	0	0	442	P1-14-24	0	-
352	34.118490	34.212240	C#3	68	80	0	0	444	P1-14-25	0	-
353	34.122396	34.339844	F##5	80	80	0	0	444	P1-14-5	0	-
354	34.234375	34.355469	D#3	66	80	0	0	446	P1-14-26	0	-
355	34.421875	34.485677	G#2	72	80	0	0	448	P1-15-21	0	-
356	34.425781	34.718750	G#5	88	80	0	0	448	P1-15-1	0	-
357	34.563802	34.703125	C#5	77	80	0	0	450	P1-15-15	0	-
358	34.704427	34.761719	D#3	65	80	0	0	452	P1-15-22	0	-
359	34.705729	34.854167	B4	76	80	0	0	452	P1-15-16	0	-
360	34.848958	34.964844	A#4	73	80	0	0	454	P1-15-17	0	-
361	35.003906	35.101562	B4	67	80	0	0	456	P1-15-18	0	-
362	35.005208	35.061198	G#3	70	80	0	0	456	P1-15-23	0	-
363	35.154948	35.302083	D#5	77	80	0	0	458	P1-15-3	0	-
364	35.294271	35.470052	G#5	76	80	0	0	460	P1-15-4	0	-
365	35.303385	35.352865	B2	61	80	0	0	460	P1-15-24	0	-
366	35.434896	35.580729	F#5	82	80	0	0	462	P1-15-5	0	-
367	35.584635	35.673177	E5	81	80	0	0	464	P1-15-6	0	-
368	35.584635	35.632812	C#3	60	80	0	0	464	P1-15-25	0	-
369	35.717448	35.903646	D#5	80	80	0	0	466	P1-15-7	0	-
370	35.875000	36.029948	C#5	80	80	0	0	468	P1-15-8	0	-
371	35.882812	35.942708	D#3	61	80	0	0	468	P1-15-26	0	-
372	36.016927	36.111979	B4	81	80	0	0	470	P1-15-9	0	-
373	36.156250	36.315104	A#4	80	80	0	0	472	P1-15-10	0	-
374	36.173177	36.230469	E3	59	80	0	0	472	P1-15-27	0	-
375	36.299479	36.441406	B4	76	80	0	0	474	P1-15-11	0	-
376	36.423177	36.704427	C#5	77	80	0	0	476	P1-15-12	0	-
377	36.447917	36.507812	A#2	70	80	0	0	476	P1-15-28	0	-
378	36.587240	36.694010	G#4	76	80	0	0	478	P1-15-13	0	-
379	36.727865	36.805990	F##4	83	80	0	0	480	P1-16-1	0	-
380	36.733073	36.795573	D#3	67	80	0	0	480	P1-16-17	0	-
381	36.867188	37.059896	G#4	77	80	0	0	482	P1-16-2	0	-
382	37.024740	37.157552	A#4	76	80	0	0	484	P1-16-3	0	-
383	37.026042	37.128906	C#3	65	80	0	0	484	P1-16-18	0	-
384	37.166667	37.233073	E4	74	80	0	0	486	P1-16-4	0	-
385	37.305990	37.516927	D#4	83	80	0	0	488	P1-16-5	0	-
386	37.311198	37.364583	B2	66	80	0	0	488	P1-16-19	0	-
387	37.462240	37.552083	C#4	76	80	0	0	490	P1-16-6	0	-
388	37.604167	37.694010	B3	79	80	0	0	492	P1-16-7	0	-
389	37.606771	37.669271	F##2	58	80	0	0	492	P1-16-20	0	-
390	37.743490	37.822917	A#3	73	80	0	0	494	P1-16-8	0	-
391	37.871094	38.069010	B3	70	80	0	0	496	P1-16-9	0	-
392	37.886719	37.945312	G#2	72	80	0	0	496	P1-16-21	0	-
393	38.024740	38.178385	D#4	79	80	0	0	498	P1-16-10	0	-
394	38.164062	38.234375	E2	67	80	0	0	500	P1-16-22	0	-
395	38.164062	38.294271	G#4	79	80	0	0	500	P1-16-11	0	-
396	38.304688	38.360677	B3	80	80	0	0	502	P1-16-12	0	-
397	38.424479	38.501302	C#2	57	80	0	0	504	P1-16-23	0	-
398	38.463542	38.572917	A#3	87	80	0	0	504	P1-16-13	0	-
399	38.600260	38.859375	G#4	75	80	0	0	506	P1-16-14	0	-
400	38.743490	38.816406	A#3	71	80	0	0	508	P1-16-15	0	-
401	38.744792	38.802083	D#2	60	80	0	0	508	P1-16-24	0	-
402	38.884115	39.013021	F##4	74	80	0	0	510	P1-16-16	0	-
403	39.037760	39.182292	G#4	80	80	0	0	512	P1-17-1	0	-
404	39.049479	39.239583	G#2	57	80	0	0	512	P1-17-16	0	-
405	39.184896	39.273438	B3	75	80	0	0	514	P1-17-2	0	-
406	39.321615	39.442708	C#4	78	80	0	0	516	P1-17-3	0	-
407	39.471354	39.574219	D#4	70	80	0	0	518	P1-17-4	0	-
408	39.606771	39.694010	G#3	72	80	0	0	520	P1-17-5	0	-
409	39.765625	39.914062	D#3	63	80	0	0	522	P1-17-18	0	-
410	39.912760	40.014323	E#3	68	80	0	0	524	P1-17-19	0	-
411	40.044271	40.127604	F##3	70	80	0	0	526	P1-17-20	0	-
412	40.184896	40.320312	G#3	68	80	0	0	528	P1-17-21	0	-
413	40.335938	40.503906	A#3	74	80	0	0	530	P1-17-9	0	-
414	40.476562	40.613281	B3	72	80	0	0	532	P1-17-10	0	-
415	40.623698	40.795573	C#4	73	80	0	0	534	P1-17-11	0	-
416	40.766927	40.947917	B3	78	80	0	0	536	P1-17-12	0	-
417	40.910156	41.044271	A#3	76	80	0	0	538	P1-17-13	0	-
418	41.045573	41.140625	G#3	79	80	0	0	540	P1-17-14	0	-
419	41.199219	41.319010	F#3	76	80	0	0	542	P1-17-15	0	-
420	41.352865	41.454427	C#2	73	80	0	0	544	P1-18-13	0	-
421	41.355469	41.485677	E#3	83	80	0	0	544	P1-18-1	0	-
422	41.358073	41.449219	C#3	65	80	0	0	544	*	3	-
423	41.497396	41.639323	G#3	74	80	0	0	546	P1-18-2	0	-
424	41.641927	41.785156	A#3	69	80	0	0	548	P1-18-3	0	-
425	41.786458	41.855469	B3	68	80	0	0	550	P1-18-4	0	-
426	41.950521	42.212240	C#3	69	80	0	0	552	P1-18-15	0	-
427	42.113281	42.233073	D#3	68	80	0	0	554	P1-18-16	0	-
428	42.257812	42.389323	E#3	69	80	0	0	556	P1-18-17	0	-
429	42.402344	42.601562	F#3	76	80	0	0	558	P1-18-6	0	-
430	42.562500	42.697917	G#3	73	80	0	0	560	P1-18-7	0	-
431	42.701823	42.792969	A#3	79	80	0	0	562	P1-18-8	0	-
432	42.855469	43.026042	B3	75	80	0	0	564	P1-18-19	0	-
433	42.994792	43.183594	C#4	77	80	0	0	566	P1-18-20	0	-
434	43.153646	43.319010	D#4	79	80	0	0	568	P1-18-21	0	-
435	43.308594	43.402344	E#4	80	80	0	0	570	P1-18-10	0	-
436	43.450521	43.593750	F#4	74	80	0	0	572	P1-18-11	0	-
437	43.592448	43.815104	G#4	79	80	0	0	574	P1-18-12	0	-
438	43.746094	43.938802	F#2	68	80	0	0	576	P1-19-16	0	-
439	43.755208	43.942708	A#4	80	80	0	0	576	P1-19-1	0	-
440	43.898438	44.152344	F#4	82	80	0	0	578	P1-19-2	0	-
441	44.042969	44.151042	E#4	77	80	0	0	580	P1-19-3	0	-
442	44.175781	44.266927	D#4	79	80	0	0	582	P1-19-4	0	-
443	44.322917	44.406250	C#4	76	80	0	0	584	P1-19-5	0	-
444	44.468750	44.544271	B3	69	80	0	0	586	P1-19-19	0	-
445	44.593750	44.720052	A#3	73	80	0	0	588	P1-19-20	0	-
446	44.736979	44.864583	G#3	70	80	0	0	590	P1-19-21	0	-
447	44.912760	44.992188	F#3	74	80	0	0	592	P1-19-22	0	-
448	45.044271	45.194010	G#3	74	80	0	0	594	P1-19-9	0	-
449	45.203125	45.367188	A#3	80	80	0	0	596	P1-19-10	0	-
450	45.343750	45.486979	B3	79	80	0	0	598	P1-19-11	0	-
451	45.492188	45.789062	A#3	85	80	0	0	600	P1-19-12	0	-
452	45.651042	45.798177	G#3	83	80	0	0	602	P1-19-13	0	-
453	45.792969	45.907552	F#3	79	80	0	0	604	P1-19-14	0	-
454	45.940104	46.098958	E3	78	80	0	0	606	P1-19-15	0	-
455	46.091146	46.188802	D#3	82	80	0	0	608	P1-20-1	0	-
456	46.093750	46.167969	B1	76	80	0	0	608	P1-20-13	0	-
457	46.243490	46.395833	F#3	79	80	0	0	610	P1-20-2	0	-
458	46.389323	46.578125	G#3	77	80	0	0	612	P1-20-3	0	-
459	46.533854	46.625000	A3	79	80	0	0	614	P1-20-4	0	-
460	46.690104	46.877604	B2	81	80	0	0	616	P1-20-15	0	-
461	46.843750	47.049479	C#3	78	80	0	0	618	P1-20-16	0	-
462	46.972656	47.114583	D#3	86	80	0	0	620	P1-20-17	0	-
463	47.110677	47.261719	E3	78	80	0	0	622	P1-20-6	0	-
464	47.259115	47.462240	F#3	87	80	0	0	624	P1-20-7	0	-
465	47.416667	47.537760	G#3	81	80	0	0	626	P1-20-8	0	-
466	47.572917	47.734375	A3	82	80	0	0	628	P1-20-19	0	-
467	47.705729	47.884115	B3	78	80	0	0	630	P1-20-20	0	-
468	47.865885	48.044271	C#4	80	80	0	0	632	P1-20-21	0	-
469	48.005208	48.134115	D#4	76	80	0	0	634	P1-20-10	0	-
470	48.154948	48.227865	E4	78	80	0	0	636	P1-20-11	0	-
471	48.292969	48.473958	F#4	71	80	0	0	638	P1-20-12	0	-
472	48.458333	48.799479	G#4	81	80	0	0	640	P1-21-1	0	-
473	48.458333	48.554688	E2	62	80	0	0	640	P1-21-16	0	-
474	48.604167	48.744792	E4	78	80	0	0	642	P1-21-2	0	-
475	48.746094	48.890625	D#4	78	80	0	0	644	P1-21-3	0	-
476	48.885417	49.014323	C#4	77	80	0	0	646	P1-21-4	0	-
477	49.049479	49.139323	B3	75	80	0	0	648	P1-21-5	0	-
478	49.195312	49.334635	A3	64	80	0	0	650	P1-21-19	0	-
479	49.339844	49.471354	G#3	58	80	0	0	652	P1-21-20	0	-
480	49.483073	49.626302	F#3	65	80	0	0	654	P1-21-21	0	-
481	49.656250	49.792969	E3	63	80	0	0	656	P1-21-22	0	-
482	49.782552	49.944010	F#3	69	80	0	0	658	P1-21-23	0	-
483	49.785156	49.919271	D#4	77	80	0	0	658	P1-21-9	0	-
484	49.938802	50.055990	E4	80	80	0	0	660	P1-21-10	0	-
485	49.942708	50.052083	G#3	76	80	0	0	660	P1-21-24	0	-
486	50.093750	50.222656	F#4	79	80	0	0	662	P1-21-11	0	-
487	50.093750	50.223958	A3	68	80	0	0	662	P1-21-25	0	-
488	50.229167	50.565104	G#3	75	80	0	0	664	P1-21-26	0	-
489	50.231771	50.328125	E4	72	80	0	0	664	P1-21-12	0	-
490	50.367188	50.423177	F#3	75	80	0	0	666	P1-21-27	0	-
491	50.375000	50.565104	D#4	83	80	0	0	666	P1-21-13	0	-
492	50.527344	50.636719	C#4	84	80	0	0	668	P1-21-14	0	-
493	50.529948	50.588542	E3	73	80	0	0	668	P1-21-28	0	-
494	50.671875	50.740885	B3	84	80	0	0	670	P1-21-15	0	-
495	50.677083	50.744792	D#3	77	80	0	0	670	P1-21-29	0	-
496	50.824219	50.934896	C#3	73	80	0	0	672	P1-22-13	0	-
497	50.824219	50.934896	A#3	89	80	0	0	672	P1-22-1	0	-
498	50.824219	51.089844	F#2	71	80	0	0	672	P1-22-23	0	-
499	50.984375	51.154948	C#4	84	80	0	0	674	P1-22-2	0	-
500	51.132812	51.282552	D#4	80	80	0	0	676	P1-22-3	0	-
501	51.276042	51.342448	E4	76	80	0	0	678	P1-22-4	0	-
502	51.424479	51.578125	F#3	84	80	0	0	680	P1-22-15	0	-
503	51.574219	51.667969	G#3	81	80	0	0	682	P1-22-16	0	-
504	51.705729	51.764323	A#3	85	80	0	0	684	P1-22-17	0	-
505	51.847656	52.023438	B3	79	80	0	0	686	P1-22-6	0	-
506	52.003906	52.178385	C#4	80	80	0	0	688	P1-22-7	0	-
507	52.147135	52.309896	D#4	82	80	0	0	690	P1-22-8	0	-
508	52.304688	52.395833	E4	77	80	0	0	692	P1-22-19	0	-
509	52.441406	52.623698	F#4	75	80	0	0	694	P1-22-20	0	-
510	52.596354	52.765625	G#4	74	80	0	0	696	P1-22-21	0	-
511	52.725260	52.834635	A#4	74	80	0	0	698	P1-22-10	0	-
512	52.869792	52.944010	B4	79	80	0	0	700	P1-22-11	0	-
513	53.011719	53.175781	C#5	76	80	0	0	702	P1-22-12	0	-
514	53.164062	53.252604	B2	63	80	0	0	704	P1-23-14	0	-
515	53.166667	53.335938	D#5	78	80	0	0	704	P1-23-1	0	-
516	53.313802	53.498698	B4	81	80	0	0	706	P1-23-2	0	-
517	53.457031	53.604167	A#4	80	80	0	0	708	P1-23-3	0	-
518	53.588542	53.680990	G#4	75	80	0	0	710	P1-23-4	0	-
519	53.734375	53.842448	F#4	68	80	0	0	712	P1-23-5	0	-
520	53.884115	54.033854	E4	59	80	0	0	714	P1-23-17	0	-
521	54.044271	54.152344	D#4	58	80	0	0	716	P1-23-18	0	-
522	54.177083	54.253906	C#4	54	80	0	0	718	P1-23-19	0	-
523	54.292969	54.343750	B3	57	80	0	0	720	P1-23-20	0	-
524	54.484375	54.574219	D#4	49	80	0	0	722	P1-23-21	0	-
525	54.533854	54.623698	Eb5	66	80	0	0	-1	*	3	-
526	54.576823	54.634115	E5	71	80	0	0	-1	*	3	-
527	54.614583	54.677083	F#3	61	80	0	0	724	P1-23-22	0	-
528	54.615885	54.684896	F#5	88	80	0	0	724	P1-23-9	0	-
529	54.873698	54.944010	B3	56	80	0	0	728	P1-23-24	0	-
530	54.876302	54.945312	E5	62	80	0	0	728	P1-23-10	0	-
531	54.949219	55.029948	D#5	76	80	0	0	728	P1-23-11	0	-
532	55.001302	55.102865	D#4	41	80	0	0	730	P1-23-25	0	-
533	55.145833	55.195312	F#3	50	80	0	0	732	P1-23-26	0	-
534	55.149740	55.212240	C#5	73	80	0	0	732	P1-23-12	0	-
535	55.223958	55.279948	B4	72	80	0	0	732	P1-23-13	0	-
536	55.313802	55.371094	D#4	46	80	0	0	734	P1-23-27	0	-
537	55.484375	55.611979	G#3	56	80	0	0	736	P1-24-15	0	-
538	55.494792	56.729167	B5	74	80	0	0	736	P1-24-1	0	-
539	55.654948	55.722656	B3	56	80	0	0	738	P1-24-16	0	-
540	55.800781	55.882812	D#3	52	80	0	0	740	P1-24-17	0	-
541	55.803385	56.479167	G#5	64	80	0	0	740	P1-24-9	0	-
542	55.937500	56.037760	B3	52	80	0	0	742	P1-24-18	0	-
543	56.070312	56.165365	G#3	55	80	0	0	744	P1-24-19	0	-
544	56.102865	56.432292	D#5	63	80	0	0	744	P1-24-10	0	-
545	56.217448	56.321615	B3	52	80	0	0	746	P1-24-20	0	-
546	56.382812	56.476562	D#3	57	80	0	0	748	P1-24-21	0	-
547	56.402344	56.644531	F#5	64	80	0	0	748	P1-24-11	0	-
548	56.509115	56.583333	B3	48	80	0	0	750	P1-24-22	0	-
549	56.670573	56.730469	G#3	58	80	0	0	752	P1-24-23	0	-
550	56.677083	56.799479	E#5	59	80	0	0	752	P1-24-12	0	-
551	56.805990	56.912760	C#4	55	80	0	0	754	P1-24-24	0	-
552	56.958333	56.997396	G#5	77	80	0	0	756	P1-24-3	0	-
553	56.976562	57.072917	E#3	54	80	0	0	756	P1-24-25	0	-
554	57.087240	57.182292	C#4	43	80	0	0	758	P1-24-26	0	-
555	57.216146	57.333333	G#3	57	80	0	0	760	P1-24-27	0	-
556	57.235677	57.315104	F#5	70	80	0	0	760	P1-24-4	0	-
557	57.309896	57.479167	E#5	72	80	0	0	760	P1-24-5	0	-
558	57.354167	57.463542	C#4	51	80	0	0	762	P1-24-28	0	-
559	57.503906	57.584635	E#3	59	80	0	0	764	P1-24-29	0	-
560	57.520833	57.592448	D#5	67	80	0	0	764	P1-24-6	0	-
561	57.587240	57.625000	C#5	77	80	0	0	764	P1-24-7	0	-
562	57.634115	57.739583	C#4	43	80	0	0	766	P1-24-30	0	-
563	57.852865	57.971354	F#3	56	80	0	0	768	P1-25-15	0	-
564	57.852865	58.699219	A#5	82	80	0	0	768	P1-25-1	0	-
565	58.013021	58.082031	A#3	54	80	0	0	770	P1-25-16	0	-
566	58.151042	58.268229	C#3	53	80	0	0	772	P1-25-17	0	-
567	58.153646	58.462240	F#5	62	80	0	0	772	P1-25-9	0	-
568	58.300781	58.346354	A#3	55	80	0	0	774	P1-25-18	0	-
569	58.457031	58.514323	F#3	50	80	0	0	776	P1-25-19	0	-
570	58.457031	58.773438	C#5	70	80	0	0	776	P1-25-10	0	-
571	58.562500	58.656250	A#3	50	80	0	0	778	P1-25-20	0	-
572	58.705729	58.815104	C#3	51	80	0	0	780	P1-25-21	0	-
573	58.733073	58.981771	E5	60	80	0	0	780	P1-25-11	0	-
574	58.845052	58.958333	A#3	55	80	0	0	782	P1-25-22	0	-
575	59.010417	59.125000	F#3	61	80	0	0	784	P1-25-23	0	-
576	59.036458	59.319010	D#5	66	80	0	0	784	P1-25-12	0	-
577	59.154948	59.217448	B3	48	80	0	0	786	P1-25-24	0	-
578	59.307292	59.343750	F#5	76	80	0	0	788	P1-25-3	0	-
579	59.313802	59.403646	D#3	55	80	0	0	788	P1-25-25	0	-
580	59.430990	59.494792	B3	53	80	0	0	790	P1-25-26	0	-
581	59.578125	59.691406	E5	79	80	0	0	792	P1-25-4	0	-
582	59.597656	59.696615	F#3	58	80	0	0	792	P1-25-27	0	-
583	59.667969	59.813802	D#5	79	80	0	0	792	P1-25-5	0	-
584	59.734375	59.799479	B3	50	80	0	0	794	P1-25-28	0	-
585	59.861979	59.934896	C#5	73	80	0	0	796	P1-25-6	0	-
586	59.880208	59.953125	D#3	56	80	0	0	796	P1-25-29	0	-
587	59.942708	60.014323	B4	74	80	0	0	796	P1-25-7	0	-
588	60.011719	60.044271	B3	47	80	0	0	798	P1-25-30	0	-
589	60.183594	60.264323	E#5	73	80	0	0	800	P1-26-1	0	-
590	60.184896	60.273438	G#3	61	80	0	0	800	P1-26-19	0	-
591	60.315104	60.385417	F#5	80	80	0	0	802	P1-26-2	0	-
592	60.351562	60.464844	C#4	62	80	0	0	802	P1-26-20	0	-
593	60.453125	60.496094	B4	76	80	0	0	804	P1-26-11	0	-
594	60.454427	61.339844	G#5	79	80	0	0	804	P1-26-3	0	-
595	60.507812	60.610677	E#3	66	80	0	0	804	P1-26-21	0	-
596	60.606771	60.725260	A#4	77	80	0	0	806	P1-26-12	0	-
597	60.639323	60.722656	C#4	57	80	0	0	806	P1-26-22	0	-
598	60.731771	61.029948	G#3	64	80	0	0	808	P1-26-23	0	-
599	60.756510	60.886719	B4	82	80	0	0	808	P1-26-13	0	-
600	60.865885	61.002604	C#4	63	80	0	0	810	P1-26-24	0	-
601	61.033854	61.135417	E#3	69	80	0	0	812	P1-26-25	0	-
602	61.035156	61.098958	C#5	81	80	0	0	812	P1-26-4	0	-
603	61.153646	61.313802	C#4	58	80	0	0	814	P1-26-26	0	-
604	61.324219	61.401042	F##5	82	80	0	0	816	P1-26-5	0	-
605	61.326823	61.462240	A#3	66	80	0	0	816	P1-26-27	0	-
606	61.393229	61.485677	G#5	84	80	0	0	817	P1-26-6	0	-
607	61.463542	61.515625	A#5	84	80	0	0	818	P1-26-7	0	-
608	61.466146	61.604167	D#4	69	80	0	0	818	P1-26-28	0	-
609	61.608073	61.735677	F##3	61	80	0	0	820	P1-26-29	0	-
610	61.643229	62.229167	C#5	86	80	0	0	820	P1-26-8	0	-
611	61.651042	61.726562	A#4	74	80	0	0	820	P1-26-15	0	-
612	61.781250	61.881510	D#4	64	80	0	0	822	P1-26-30	0	-
613	61.781250	61.882812	G#4	71	80	0	0	822	P1-26-16	0	-
614	61.904948	62.074219	A#3	66	80	0	0	824	P1-26-31	0	-
615	61.950521	62.033854	A#4	74	80	0	0	824	P1-26-17	0	-
616	62.070312	62.214844	D#4	60	80	0	0	826	P1-26-32	0	-
617	62.233073	62.394531	A#5	81	80	0	0	828	P1-26-9	0	-
618	62.234375	62.321615	F##3	65	80	0	0	828	P1-26-33	0	-
619	62.243490	62.378906	C#5	67	80	0	0	828	P1-26-18	0	-
620	62.345052	62.519531	D#4	56	80	0	0	830	P1-26-34	0	-
621	62.542969	62.929688	A#5	79	80	0	0	832	P1-27-1	0	-
622	62.553385	62.743490	C#5	67	80	0	0	832	P1-27-8	0	-
623	62.554688	62.648438	B3	62	80	0	0	832	P1-27-13	0	-
624	62.673177	62.785156	D#4	58	80	0	0	834	P1-27-14	0	-
625	62.858073	62.975260	G#5	84	80	0	0	836	P1-27-2	0	-
626	62.864583	63.169271	G#3	62	80	0	0	836	P1-27-15	0	-
627	62.864583	62.949219	B4	69	80	0	0	836	P1-27-9	0	-
628	62.966146	63.089844	D#4	55	80	0	0	838	P1-27-16	0	-
629	63.111979	63.204427	B3	58	80	0	0	840	P1-27-17	0	-
630	63.156250	63.481771	G#5	75	80	0	0	840	P1-27-3	0	-
631	63.169271	63.339844	D#5	75	80	0	0	840	P1-27-10	0	-
632	63.246094	63.334635	D#4	60	80	0	0	842	P1-27-18	0	-
633	63.453125	63.523438	F#5	81	80	0	0	844	P1-27-4	0	-
634	63.455729	63.523438	G#3	66	80	0	0	844	P1-27-19	0	-
635	63.463542	63.750000	D#5	72	80	0	0	844	P1-27-11	0	-
636	63.583333	63.687500	D#4	49	80	0	0	846	P1-27-20	0	-
637	63.730469	63.777344	F#5	76	80	0	0	-1	*	3	-
638	63.764323	63.830729	B#3	53	80	0	0	848	P1-27-21	0	-
639	63.770833	63.863281	G#5	71	80	0	0	-1	*	3	-
640	63.852865	64.005208	D#4	61	80	0	0	-1	*	3	-
641	63.893229	63.934896	F#5	64	80	0	0	-1	*	3	-
642	63.950521	64.026042	G#5	67	80	0	0	-1	*	3	-
643	64.035156	64.165365	G##3	64	80	0	0	852	P1-27-23	0	-
644	64.039062	64.085938	F#5	67	80	0	0	-1	*	3	-
645	64.114583	64.194010	G#5	73	80	0	0	-1	*	3	-
646	64.151042	64.319010	D#4	55	80	0	0	-1	*	3	-
647	64.194010	64.234375	F#5	68	80	0	0	-1	*	3	-
648	64.274740	64.358073	G#5	73	80	0	0	-1	*	3	-
649	64.315104	64.394531	B#3	54	80	0	0	856	P1-27-25	0	-
650	64.321615	64.393229	F#5	67	80	0	0	-1	*	3	-
651	64.430990	64.536458	D#4	60	80	0	0	858	P1-27-26	0	-
652	64.441406	64.609375	G#5	61	80	0	0	858	P1-27-5	0	-
653	64.606771	64.736979	G##3	59	80	0	0	860	P1-27-27	0	-
654	64.614583	64.743490	E#5	77	80	0	0	860	P1-27-6	0	-
655	64.735677	64.864583	D#4	57	80	0	0	862	P1-27-28	0	-
656	64.744792	64.855469	F#5	74	80	0	0	862	P1-27-7	0	-
657	64.915365	65.589844	A#3	63	80	0	0	864	P1-28-18	0	-
658	64.919271	65.779948	E#5	81	80	0	0	864	P1-28-1	0	-
659	65.066406	65.231771	D#5	76	80	0	0	866	P1-28-11	0	-
660	65.212240	65.348958	C##5	81	80	0	0	868	P1-28-12	0	-
661	65.352865	65.454427	B#4	79	80	0	0	870	P1-28-13	0	-
662	65.518229	65.753906	C##5	82	80	0	0	872	P1-28-14	0	-
663	65.652344	65.773438	A#4	72	80	0	0	874	P1-28-15	0	-
664	65.779948	65.877604	B4	80	80	0	0	876	P1-28-16	0	-
665	65.929688	66.036458	G#4	80	80	0	0	878	P1-28-17	0	-
666	66.076823	66.173177	E#4	77	80	0	0	880	P1-28-2	0	-
667	66.225260	66.389323	F#4	81	80	0	0	882	P1-28-3	0	-
668	66.234375	66.384115	D#3	73	80	0	0	882	P1-28-20	0	-
669	66.373698	66.518229	G#4	85	80	0	0	884	P1-28-4	0	-
670	66.390625	66.514323	E#3	71	80	0	0	884	P1-28-21	0	-
671	66.518229	66.634115	F#3	72	80	0	0	886	P1-28-22	0	-
672	66.524740	66.989583	A#4	79	80	0	0	886	P1-28-5	0	-
673	66.654948	66.938802	G#4	81	80	0	0	888	P1-28-6	0	-
674	66.665365	66.774740	E#3	66	80	0	0	888	P1-28-23	0	-
675	66.812500	66.934896	D#3	71	80	0	0	890	P1-28-24	0	-
676	66.833333	66.964844	F#4	79	80	0	0	890	P1-28-7	0	-
677	66.964844	67.053385	C##3	68	80	0	0	892	P1-28-25	0	-
678	66.968750	67.128906	E#4	79	80	0	0	892	P1-28-8	0	-
679	67.118490	67.348958	D#4	76	80	0	0	894	P1-28-9	0	-
680	67.132812	67.246094	B#2	61	80	0	0	894	P1-28-26	0	-
681	67.273438	67.394531	A#2	69	80	0	0	896	P1-29-23	0	-
682	67.283854	67.433594	C##4	84	80	0	0	896	P1-29-1	0	-
683	67.285156	67.403646	E#3	72	80	0	0	896	P1-29-13	0	-
684	67.429688	67.569010	E#4	78	80	0	0	898	P1-29-2	0	-
685	67.571615	67.717448	F#4	76	80	0	0	900	P1-29-3	0	-
686	67.717448	67.802083	G#4	73	80	0	0	902	P1-29-4	0	-
687	67.875000	68.072917	A#3	66	80	0	0	904	P1-29-15	0	-
688	68.023438	68.154948	B#3	65	80	0	0	906	P1-29-16	0	-
689	68.166667	68.341146	C##4	73	80	0	0	908	P1-29-17	0	-
690	68.319010	68.466146	D#4	72	80	0	0	910	P1-29-6	0	-
691	68.464844	68.595052	E#4	70	80	0	0	912	P1-29-7	0	-
692	68.598958	68.795573	F#4	80	80	0	0	914	P1-29-8	0	-
693	68.760417	68.901042	G#4	73	80	0	0	916	P1-29-19	0	-
694	68.903646	68.993490	A#4	74	80	0	0	918	P1-29-20	0	-
695	69.065104	69.225260	B#4	69	80	0	0	920	P1-29-21	0	-
696	69.216146	69.339844	C##5	75	80	0	0	922	P1-29-10	0	-
697	69.361979	69.493490	D#5	72	80	0	0	924	P1-29-11	0	-
698	69.498698	69.623698	E#5	68	80	0	0	926	P1-29-12	0	-
699	69.662760	69.834635	F#5	72	80	0	0	928	P1-30-1	0	-
700	69.667969	69.723958	D#3	53	80	0	0	928	P1-30-17	0	-
701	69.808594	69.972656	D#5	77	80	0	0	930	P1-30-2	0	-
702	69.962240	70.062500	A#4	66	80	0	0	932	P1-30-3	0	-
703	70.098958	70.201823	F#4	69	80	0	0	934	P1-30-4	0	-
704	70.261719	70.350260	D#4	57	80	0	0	936	P1-30-5	0	-
705	70.390625	70.503906	C#4	65	80	0	0	938	P1-30-6	0	-
706	70.553385	70.643229	B#3	66	80	0	0	940	P1-30-7	0	-
707	70.684896	70.774740	A#3	68	80	0	0	942	P1-30-8	0	-
708	70.854167	71.005208	G#3	81	80	0	0	944	P1-30-20	0	-
709	70.854167	71.002604	B#3	71	80	0	0	944	P1-30-9	0	-
710	71.044271	71.149740	D#4	67	80	0	0	946	P1-30-10	0	-
711	71.177083	71.226562	G#4	74	80	0	0	948	P1-30-11	0	-
712	71.322917	71.421875	B#4	70	80	0	0	950	P1-30-12	0	-
713	71.472656	71.634115	D#5	82	80	0	0	952	P1-30-13	0	-
714	71.615885	71.779948	F#5	78	80	0	0	954	P1-30-14	0	-
715	71.755208	71.934896	E5	76	80	0	0	956	P1-30-15	0	-
716	71.902344	72.027344	D#5	78	80	0	0	958	P1-30-16	0	-
717	72.022135	72.074219	G#3	63	80	0	0	960	P1-31-17	0	-
718	72.023438	72.083333	C#3	55	80	0	0	960	P1-31-23	0	-
719	72.033854	72.212240	E5	80	80	0	0	960	P1-31-1	0	-
720	72.186198	72.347656	C#5	75	80	0	0	962	P1-31-2	0	-
721	72.343750	72.428385	G#4	63	80	0	0	964	P1-31-3	0	-
722	72.473958	72.576823	E4	61	80	0	0	966	P1-31-4	0	-
723	72.640625	72.694010	C#4	61	80	0	0	968	P1-31-5	0	-
724	72.779948	72.891927	B3	70	80	0	0	970	P1-31-6	0	-
725	72.944010	73.044271	A#3	66	80	0	0	972	P1-31-7	0	-
726	73.046875	73.147135	G#3	65	80	0	0	974	P1-31-8	0	-
727	73.225260	73.402344	A#3	79	80	0	0	976	P1-31-9	0	-
728	73.229167	73.401042	F#3	68	80	0	0	976	P1-31-20	0	-
729	73.385417	73.473958	C#4	79	80	0	0	978	P1-31-10	0	-
730	73.533854	73.583333	F#4	69	80	0	0	980	P1-31-11	0	-
731	73.686198	73.817708	A#4	69	80	0	0	982	P1-31-12	0	-
732	73.825521	73.975260	C#5	81	80	0	0	984	P1-31-13	0	-
733	73.971354	74.125000	E5	76	80	0	0	986	P1-31-14	0	-
734	74.113281	74.302083	D#5	78	80	0	0	988	P1-31-15	0	-
735	74.264323	74.421875	C#5	77	80	0	0	990	P1-31-16	0	-
736	74.427083	74.587240	D#5	80	80	0	0	992	P1-32-1	0	-
737	74.432292	74.485677	F#3	75	80	0	0	992	P1-32-17	0	-
738	74.433594	74.485677	B2	68	80	0	0	992	P1-32-23	0	-
739	74.574219	74.648438	B4	72	80	0	0	994	P1-32-2	0	-
740	74.713542	74.850260	F#4	76	80	0	0	996	P1-32-3	0	-
741	74.845052	74.979167	D#4	75	80	0	0	998	P1-32-4	0	-
742	75.005208	75.114583	B3	68	80	0	0	1000	P1-32-5	0	-
743	75.154948	75.298177	A3	75	80	0	0	1002	P1-32-6	0	-
744	75.302083	75.444010	G#3	75	80	0	0	1004	P1-32-7	0	-
745	75.437500	75.544271	F#3	76	80	0	0	1006	P1-32-8	0	-
746	75.601562	76.009115	G#3	82	80	0	0	1008	P1-32-9	0	-
747	75.613281	76.213542	E#3	73	80	0	0	1008	P1-32-20	0	-
748	75.753906	75.882812	B3	82	80	0	0	1010	P1-32-10	0	-
749	75.872396	76.079427	D4	86	80	0	0	1012	P1-32-11	0	-
750	76.015625	76.186198	E#4	76	80	0	0	1014	P1-32-12	0	-
751	76.156250	76.305990	G#4	80	80	0	0	1016	P1-32-13	0	-
752	76.304688	76.473958	B4	81	80	0	0	1018	P1-32-14	0	-
753	76.446615	76.625000	A#4	76	80	0	0	1020	P1-32-15	0	-
754	76.596354	76.789062	G#4	76	80	0	0	1022	P1-32-16	0	-
755	76.764323	76.881510	A#4	74	80	0	0	1024	P1-33-1	0	-
756	76.768229	76.822917	F#3	70	80	0	0	1024	P1-33-17	0	-
757	76.927083	77.036458	D#4	70	80	0	0	1026	P1-33-2	0	-
758	77.063802	77.126302	F#2	64	80	0	0	1028	P1-33-18	0	-
759	77.091146	77.175781	E4	71	80	0	0	1028	P1-33-3	0	-
760	77.236979	77.382812	C#5	72	80	0	0	1030	P1-33-4	0	-
761	77.391927	77.437500	A#2	66	80	0	0	1032	P1-33-19	0	-
762	77.394531	77.518229	A#4	64	80	0	0	1032	P1-33-5	0	-
763	77.533854	77.664062	C#5	56	80	0	0	1034	P1-33-6	0	-
764	77.700521	77.769531	E4	58	80	0	0	1036	P1-33-7	0	-
765	77.701823	77.752604	C#3	58	80	0	0	1036	P1-33-20	0	-
766	77.834635	77.966146	C#5	68	80	0	0	1038	P1-33-8	0	-
767	77.985677	78.035156	F#3	73	80	0	0	1040	P1-33-21	0	-
768	77.994792	78.106771	A#4	64	80	0	0	1040	P1-33-9	0	-
769	78.153646	78.251302	D#4	67	80	0	0	1042	P1-33-10	0	-
770	78.298177	78.345052	A#3	70	80	0	0	1044	P1-33-22	0	-
771	78.316406	78.406250	E4	70	80	0	0	1044	P1-33-11	0	-
772	78.450521	78.614583	C#5	77	80	0	0	1046	P1-33-12	0	-
773	78.614583	78.738281	A#4	69	80	0	0	1048	P1-33-13	0	-
774	78.618490	78.674479	C#4	61	80	0	0	1048	P1-33-23	0	-
775	78.765625	78.891927	C#5	68	80	0	0	1050	P1-33-14	0	-
776	78.912760	78.958333	F#3	66	80	0	0	1052	P1-33-24	1	-
777	78.927083	79.014323	E4	69	80	0	0	1052	P1-33-15	0	-
778	79.063802	79.223958	C#5	72	80	0	0	1054	P1-33-16	0	-
779	79.234375	79.286458	B3	66	80	0	0	1056	P1-34-17	0	-
780	79.234375	79.319010	F#4	70	80	0	0	1056	P1-34-1	0	-
781	79.393229	79.486979	C#4	75	80	0	0	1058	P1-34-2	0	-
782	79.553385	79.662760	D4	88	80	0	0	1060	P1-34-3	0	-
783	79.553385	79.589844	F#3	71	80	0	0	1060	P1-34-18	0	-
784	79.690104	79.839844	C#5	79	80	0	0	1062	P1-34-4	0	-
785	79.838542	79.891927	D3	60	80	0	0	1064	P1-34-19	0	-
786	79.842448	79.953125	F#4	77	80	0	0	1064	P1-34-5	0	-
787	79.972656	80.104167	C#5	73	80	0	0	1066	P1-34-6	0	-
788	80.135417	80.216146	D4	76	80	0	0	1068	P1-34-7	0	-
789	80.140625	80.201823	F#3	70	80	0	0	1068	P1-34-20	0	-
790	80.263021	80.424479	C#5	76	80	0	0	1070	P1-34-8	0	-
791	80.430990	80.536458	F#4	78	80	0	0	1072	P1-34-9	0	-
792	80.434896	80.505208	D3	62	80	0	0	1072	P1-34-21	0	-
793	80.593750	80.701823	C#4	77	80	0	0	1074	P1-34-10	0	-
794	80.743490	80.815104	B2	71	80	0	0	1076	P1-34-22	0	-
795	80.744792	80.893229	D4	85	80	0	0	1076	P1-34-11	0	-
796	80.897135	81.053385	B4	84	80	0	0	1078	P1-34-12	0	-
797	81.041667	81.102865	D3	67	80	0	0	1080	P1-34-23	0	-
798	81.044271	81.170573	F#4	78	80	0	0	1080	P1-34-13	0	-
799	81.178385	81.326823	B4	70	80	0	0	1082	P1-34-14	0	-
800	81.345052	81.386719	F#3	73	80	0	0	1084	P1-34-24	0	-
801	81.348958	81.467448	D4	79	80	0	0	1084	P1-34-15	0	-
802	81.476562	81.587240	B4	67	80	0	0	1086	P1-34-16	0	-
803	81.611979	81.690104	D4	78	80	0	0	1088	P1-35-1	0	-
804	81.611979	81.660156	F#2	78	80	0	0	1088	P1-35-25	0	-
805	81.764323	81.884115	A#3	73	80	0	0	1090	P1-35-2	0	-
806	81.911458	82.069010	G#3	83	80	0	0	1092	P1-35-18	0	-
807	81.914062	82.000000	B3	73	80	0	0	1092	P1-35-3	0	-
808	81.916667	82.199219	F#2	80	80	0	0	1092	P1-35-26	0	-
809	81.916667	81.959635	F#3	79	80	0	0	-1	*	3	-
810	82.062500	82.205729	E#4	72	80	0	0	1094	P1-35-4	0	-
811	82.203125	82.243490	G#3	85	80	0	0	1096	P1-35-19	0	-
812	82.203125	82.354167	D4	83	80	0	0	1096	P1-35-5	0	-
813	82.204427	82.279948	F#2	84	80	0	0	1096	P1-35-27	0	-
814	82.343750	82.493490	E#4	79	80	0	0	1098	P1-35-6	0	-
815	82.485677	82.542969	B3	81	80	0	0	1100	P1-35-7	0	-
816	82.486979	82.540365	G#3	87	80	0	0	1100	P1-35-20	0	-
817	82.494792	82.658854	F#2	81	80	0	0	1100	P1-35-28	0	-
818	82.625000	82.785156	E#4	78	80	0	0	1102	P1-35-8	0	-
819	82.783854	83.079427	F#2	86	80	0	0	1104	P1-35-29	0	-
820	82.785156	82.837240	G#3	90	80	0	0	1104	P1-35-21	0	-
821	82.786458	82.848958	F#3	84	80	0	0	1104	*	3	-
822	82.790365	82.944010	D4	77	80	0	0	1104	P1-35-9	0	-
823	82.934896	83.065104	A#3	89	80	0	0	1106	P1-35-10	0	-
824	83.074219	83.141927	G#3	90	80	0	0	1108	P1-35-22	0	-
825	83.083333	83.203125	B3	82	80	0	0	1108	P1-35-11	0	-
826	83.085938	83.279948	F#2	84	80	0	0	1108	P1-35-30	0	-
827	83.220052	83.408854	E#4	77	80	0	0	1110	P1-35-12	0	-
828	83.378906	83.539062	D4	87	80	0	0	1112	P1-35-13	0	-
829	83.380208	83.479167	G#3	86	80	0	0	1112	P1-35-23	0	-
830	83.382812	83.589844	F#2	87	80	0	0	1112	P1-35-31	0	-
831	83.533854	83.692708	E#4	80	80	0	0	1114	P1-35-14	0	-
832	83.662760	83.731771	G#3	89	80	0	0	1116	P1-35-24	0	-
833	83.671875	83.768229	B3	80	80	0	0	1116	P1-35-15	0	-
834	83.674479	83.789062	F#2	79	80	0	0	1116	P1-35-32	0	-
835	83.807292	84.011719	E#4	78	80	0	0	1118	P1-35-16	0	-
836	83.958333	84.140625	D4	79	80	0	0	1120	P1-36-12	0	-
837	83.980469	84.867188	F#3	85	80	0	0	1120	P1-36-19	0	-
838	83.985677	85.049479	F#2	82	80	0	0	1120	P1-36-23	0	-
839	84.105469	84.256510	A#3	88	80	0	0	1122	P1-36-2	0	-
840	84.251302	84.337240	B3	82	80	0	0	1124	P1-36-3	0	-
841	84.403646	84.544271	F#4	83	80	0	0	1126	P1-36-4	0	-
842	84.562500	84.703125	A#3	85	80	0	0	1128	P1-36-13	0	-
843	84.563802	84.705729	C#4	74	80	0	0	1128	P1-36-5	0	-
844	84.694010	84.872396	F#4	84	80	0	0	1130	P1-36-6	0	-
845	84.856771	84.928385	G#3	83	80	0	0	1132	P1-36-14	0	-
846	84.860677	84.975260	B3	82	80	0	0	1132	P1-36-7	0	-
847	84.994792	85.084635	E#4	80	80	0	0	1134	P1-36-8	0	-
848	85.148438	85.729167	F#4	77	80	0	0	1136	P1-36-9	0	-
849	85.177083	85.839844	A#3	67	80	0	0	1136	P1-36-15	0	-
850	85.182292	85.979167	C#4	62	80	0	0	1136	P1-36-16	0	-
851	85.295573	85.475260	G#2	73	80	0	0	1138	P1-36-25	0	-
852	85.445312	85.583333	A#2	80	80	0	0	1140	P1-36-26	0	-
853	85.582031	85.674479	B2	79	80	0	0	1142	P1-36-27	0	-
854	85.733073	86.000000	C#3	72	80	0	0	1144	P1-36-28	0	-
855	85.888021	86.005208	D#3	77	80	0	0	1146	P1-36-29	0	-
856	86.028646	86.149740	E3	60	80	0	0	1148	P1-36-30	0	-
857	86.177083	86.389323	C#4	53	80	0	0	1150	*	3	-
858	86.182292	86.381510	C#3	54	80	0	0	1150	P1-36-31	0	-
859	86.347656	86.449219	D#3	56	80	0	0	1152	P1-37-17	0	-
860	86.352865	86.359375	Eb4	54	80	0	0	1152	*	3	-
861	86.498698	86.774740	B2	53	80	0	0	1154	P1-37-18	0	-
862	86.535156	86.684896	B4	61	80	0	0	1154	P1-37-2	0	-
863	86.671875	86.789062	C#4	52	80	0	0	1156	*	3	-
864	86.673177	87.059896	A#4	63	80	0	0	1156	P1-37-3	0	-
865	86.673177	86.789062	C#3	53	80	0	0	1156	P1-37-19	0	-
866	86.813802	86.929688	D#3	64	80	0	0	1158	P1-37-20	0	-
867	86.825521	87.075521	G#4	64	80	0	0	1158	P1-37-4	0	-
868	86.945312	87.035156	E3	63	80	0	0	1160	P1-37-21	0	-
869	86.962240	87.101562	F#4	68	80	0	0	1160	P1-37-5	0	-
870	87.115885	87.269531	F#3	58	80	0	0	1162	P1-37-22	0	-
871	87.115885	87.257812	E4	62	80	0	0	1162	P1-37-6	0	-
872	87.255208	87.398438	D#4	64	80	0	0	1164	P1-37-7	0	-
873	87.255208	87.391927	G#3	55	80	0	0	1164	P1-37-23	0	-
874	87.406250	87.528646	C#4	60	80	0	0	1166	P1-37-8	0	-
875	87.411458	87.518229	A#3	60	80	0	0	1166	P1-37-24	0	-
876	87.533854	87.709635	D#4	65	80	0	0	1168	P1-37-9	0	-
877	87.550781	87.714844	B3	69	80	0	0	1168	P1-37-25	0	-
878	87.710938	87.776042	B4	81	80	0	0	1170	P1-37-10	0	-
879	87.855469	87.988281	C#5	70	80	0	0	1172	P1-37-11	0	-
880	88.003906	88.130208	D#5	68	80	0	0	1174	P1-37-12	0	-
881	88.162760	88.223958	E5	69	80	0	0	1176	P1-37-13	0	-
882	88.162760	88.223958	Eb4	72	80	0	0	1182	P1-37-28	1	-
883	88.240885	88.321615	C#4	61	80	0	0	-1	*	3	-
884	88.311198	88.466146	F#5	68	80	0	0	1178	P1-37-14	0	-
885	88.320312	88.419271	Eb4	61	80	0	0	-1	*	3	-
886	88.410156	88.466146	C#4	57	80	0	0	-1	*	3	-
887	88.462240	88.558594	G#5	67	80	0	0	1180	P1-37-15	0	-
888	88.498698	88.563802	Eb4	61	80	0	0	-1	*	3	-
889	88.566406	88.634115	C#4	66	80	0	0	-1	*	3	-
890	88.630208	88.811198	A#5	76	80	0	0	1182	P1-37-16	0	-
891	88.645833	88.738281	B3	66	80	0	0	-1	*	3	-
892	88.734375	88.802083	C#4	65	80	0	0	1183	P1-37-29	0	-
893	88.790365	89.039062	D#4	77	80	0	0	1184	P1-38-13	0	-
894	88.794271	88.972656	B5	77	80	0	0	1184	P1-38-1	0	-
895	88.942708	89.093750	F#5	73	80	0	0	1186	P1-38-2	0	-
896	89.082031	89.192708	D#5	75	80	0	0	1188	P1-38-3	0	-
897	89.111979	89.250000	Eb4	52	80	0	0	-1	*	3	-
898	89.235677	89.375000	B4	66	80	0	0	1190	P1-38-4	0	-
899	89.364583	89.415365	F#4	68	80	0	0	-1	*	3	-
900	89.397135	89.484375	C#5	78	80	0	0	1192	P1-38-5	0	-
901	89.427083	89.494792	F4	69	80	0	0	-1	*	3	-
902	89.523438	89.585938	F#4	73	80	0	0	-1	*	3	-
903	89.544271	89.723958	B5	79	80	0	0	1194	P1-38-6	0	-
904	89.602865	89.669271	F4	68	80	0	0	-1	*	3	-
905	89.691406	89.794271	F#4	62	80	0	0	-1	*	3	-
906	89.692708	89.848958	A5	73	80	0	0	1196	P1-38-7	0	-
907	89.773438	89.833333	F4	69	80	0	0	-1	*	3	-
908	89.843750	89.947917	G#5	77	80	0	0	1198	P1-38-8	0	-
909	89.847656	89.946615	D#4	68	80	0	0	1198	P1-38-16	0	-
910	89.945312	90.029948	E#4	69	80	0	0	1199	P1-38-17	0	-
911	89.993490	90.072917	A5	86	80	0	0	1200	P1-38-9	0	-
912	90.010417	90.122396	F#4	82	80	0	0	1200	P1-38-18	0	-
913	90.156250	90.291667	E4	60	80	0	0	1202	P1-38-19	0	-
914	90.303385	90.438802	D#4	65	80	0	0	1204	P1-38-20	0	-
915	90.312500	90.356771	F#5	82	80	0	0	1204	P1-38-10	0	-
916	90.467448	90.535156	C#4	59	80	0	0	1206	P1-38-21	0	-
917	90.626302	90.789062	D#5	77	80	0	0	1208	P1-38-11	0	-
918	90.630208	90.704427	B3	69	80	0	0	1208	P1-38-22	0	-
919	90.786458	90.863281	A3	61	80	0	0	1210	P1-38-23	0	-
920	90.930990	90.976562	A5	76	80	0	0	1212	P1-38-12	0	-
921	90.933594	91.000000	G#3	54	80	0	0	1212	P1-38-24	0	-
922	91.053385	91.221354	F#3	57	80	0	0	1214	P1-38-25	0	-
923	91.216146	91.319010	E3	60	80	0	0	1216	P1-39-13	0	-
924	91.253906	91.529948	G#5	81	80	0	0	1216	P1-39-1	0	-
925	91.393229	91.496094	E5	80	80	0	0	1218	P1-39-2	0	-
926	91.518229	91.587240	D#4	74	80	0	0	1220	P1-39-14	0	-
927	91.529948	91.580729	B4	73	80	0	0	1220	P1-39-3	0	-
928	91.675781	91.723958	G#4	77	80	0	0	1222	P1-39-4	0	-
929	91.828125	91.877604	C#4	77	80	0	0	1224	P1-39-15	0	-
930	91.839844	91.934896	A#4	79	80	0	0	1224	P1-39-5	0	-
931	91.983073	92.153646	G#5	79	80	0	0	1226	P1-39-6	0	-
932	92.118490	92.164062	A#3	73	80	0	0	1228	P1-39-16	0	-
933	92.125000	92.273438	F#5	81	80	0	0	1228	P1-39-7	0	-
934	92.274740	92.364583	E5	75	80	0	0	1230	P1-39-8	0	-
935	92.417969	92.483073	F#5	84	80	0	0	1232	P1-39-9	0	-
936	92.453125	92.566406	D#4	61	80	0	0	1232	P1-39-17	0	-
937	92.579427	92.684896	C#4	65	80	0	0	1234	P1-39-18	0	-
938	92.733073	92.789062	D#5	83	80	0	0	1236	P1-39-10	0	-
939	92.746094	92.805990	B#3	54	80	0	0	1236	P1-39-19	0	-
940	92.884115	93.003906	A#3	65	80	0	0	1238	P1-39-20	0	-
941	93.013021	93.144531	G#3	64	80	0	0	1240	P1-39-21	0	-
942	93.019531	93.083333	B#4	84	80	0	0	1240	P1-39-11	0	-
943	93.183594	93.255208	F#3	63	80	0	0	1242	P1-39-22	0	-
944	93.320312	93.381510	F#5	82	80	0	0	1244	P1-39-12	0	-
945	93.351562	93.455729	E3	58	80	0	0	1244	P1-39-23	0	-
946	93.485677	93.617188	D#3	55	80	0	0	1246	P1-39-24	0	-
947	93.625000	93.670573	C#3	67	80	0	0	1248	P1-40-17	0	-
948	93.640625	94.000000	E5	82	80	0	0	1248	P1-40-1	0	-
949	93.781250	94.041667	C#5	79	80	0	0	1250	P1-40-2	0	-
950	93.924479	93.971354	B3	61	80	0	0	1252	P1-40-18	0	-
951	93.925781	94.044271	G#4	79	80	0	0	1252	P1-40-3	0	-
952	94.062500	94.144531	E4	75	80	0	0	1254	P1-40-4	0	-
953	94.209635	94.265625	F#4	79	80	0	0	1256	P1-40-5	0	-
954	94.222656	94.282552	A#3	66	80	0	0	1256	P1-40-19	0	-
955	94.376302	94.494792	E5	75	80	0	0	1258	P1-40-6	0	-
956	94.513021	94.691406	D#5	82	80	0	0	1260	P1-40-7	0	-
957	94.514323	94.566406	F#3	69	80	0	0	1260	P1-40-20	0	-
958	94.661458	94.805990	C#5	81	80	0	0	1262	P1-40-8	0	-
959	94.815104	94.864583	B2	75	80	0	0	1264	P1-40-21	0	-
960	94.816406	94.971354	D#5	83	80	0	0	1264	P1-40-9	0	-
961	94.964844	95.035156	B4	77	80	0	0	1266	P1-40-10	0	-
962	95.109375	95.256510	A#4	69	80	0	0	1268	P1-40-11	0	-
963	95.115885	95.184896	D#3	67	80	0	0	1268	P1-40-22	0	-
964	95.251302	95.355469	G#4	73	80	0	0	1270	P1-40-12	0	-
965	95.404948	95.450521	E#3	70	80	0	0	1272	P1-40-23	0	-
966	95.404948	95.690104	A#4	75	80	0	0	1272	P1-40-13	0	-
967	95.555990	95.709635	G#4	80	80	0	0	1274	P1-40-14	0	-
968	95.692708	95.789062	F#4	76	80	0	0	1276	P1-40-15	0	-
969	95.700521	95.773438	G#3	69	80	0	0	1276	P1-40-24	0	-
970	95.828125	95.912760	E#4	71	80	0	0	1278	P1-40-16	0	-
971	95.986979	96.419271	C#5	83	80	0	0	1280	P1-41-1	0	-
972	95.993490	96.052083	A#2	70	80	0	0	1280	P1-41-17	0	-
973	96.139323	96.398438	A#4	75	80	0	0	1282	P1-41-2	0	-
974	96.289062	96.447917	G#4	78	80	0	0	1284	P1-41-3	0	-
975	96.291667	96.346354	C#3	70	80	0	0	1284	P1-41-18	0	-
976	96.447917	96.563802	F#4	73	80	0	0	1286	P1-41-4	0	-
977	96.584635	96.854167	G#4	84	80	0	0	1288	P1-41-5	0	-
978	96.585938	96.636719	D#3	75	80	0	0	1288	P1-41-19	0	-
979	96.734375	96.864583	F#4	76	80	0	0	1290	P1-41-6	0	-
980	96.884115	96.925781	F#3	77	80	0	0	1292	P1-41-20	0	-
981	96.889323	96.997396	E#4	76	80	0	0	1292	P1-41-7	0	-
982	97.033854	97.136719	D#4	75	80	0	0	1294	P1-41-8	0	-
983	97.178385	97.235677	G#2	79	80	0	0	1296	P1-41-21	0	-
984	97.180990	97.335938	B4	82	80	0	0	1296	P1-41-9	0	-
985	97.330729	97.588542	G#4	84	80	0	0	1298	P1-41-10	0	-
986	97.471354	97.605469	F#4	77	80	0	0	1300	P1-41-11	0	-
987	97.473958	97.535156	B2	74	80	0	0	1300	P1-41-22	0	-
988	97.614583	97.712240	E#4	74	80	0	0	1302	P1-41-12	0	-
989	97.753906	97.882812	F#4	69	80	0	0	1304	P1-41-13	0	-
990	97.756510	97.803385	C#3	71	80	0	0	1304	P1-41-23	0	-
991	97.885417	97.984375	E#4	76	80	0	0	1306	P1-41-14	0	-
992	98.045573	98.089844	E#3	70	80	0	0	1308	P1-41-24	0	-
993	98.046875	98.122396	D#4	86	80	0	0	1308	P1-41-15	0	-
994	98.195312	98.282552	C#4	83	80	0	0	1310	P1-41-16	0	-
995	98.350260	98.523438	A#4	77	80	0	0	1312	P1-42-1	0	-
996	98.371094	98.514323	F#2	71	80	0	0	1312	P1-42-15	0	-
997	98.505208	98.638021	G#4	83	80	0	0	1314	P1-42-2	0	-
998	98.506510	98.718750	G#2	75	80	0	0	1314	P1-42-16	0	-
999	98.643229	98.829427	F#4	79	80	0	0	1316	P1-42-3	0	-
1000	98.657552	98.781250	A#2	80	80	0	0	1316	P1-42-17	0	-
1001	98.783854	98.966146	G#4	79	80	0	0	1318	P1-42-4	0	-
1002	98.783854	98.889323	B2	77	80	0	0	1318	P1-42-18	0	-
1003	98.945312	99.250000	A#4	85	80	0	0	1320	P1-42-5	0	-
1004	98.947917	99.093750	C#3	80	80	0	0	1320	P1-42-19	0	-
1005	99.084635	99.214844	D#3	80	80	0	0	1322	P1-42-20	0	-
1006	99.225260	99.312500	E3	72	80	0	0	1324	P1-42-21	0	-
1007	99.233073	99.312500	C#4	86	80	0	0	1324	P1-42-6	0	-
1008	99.381510	99.546875	C#3	69	80	0	0	1326	P1-42-22	0	-
1009	99.545573	99.588542	D#3	77	80	0	0	1328	P1-42-23	0	-
1010	99.549479	99.686198	B3	78	80	0	0	1328	P1-42-7	0	-
1011	99.694010	99.842448	C#4	85	80	0	0	1330	P1-42-8	0	-
1012	99.842448	99.949219	D#4	85	80	0	0	1332	P1-42-9	0	-
1013	99.845052	99.904948	F#3	72	80	0	0	1332	P1-42-24	0	-
1014	99.983073	100.067708	E4	77	80	0	0	1334	P1-42-10	0	-
1015	100.123698	100.286458	F#4	85	80	0	0	1336	P1-42-11	0	-
1016	100.127604	100.214844	D#3	66	80	0	0	1336	P1-42-25	0	-
1017	100.283854	100.423177	G#4	83	80	0	0	1338	P1-42-12	0	-
1018	100.421875	100.553385	A4	84	80	0	0	1340	P1-42-13	0	-
1019	100.423177	100.466146	B2	72	80	0	0	1340	P1-42-26	0	-
1020	100.561198	100.726562	F#4	82	80	0	0	1342	P1-42-14	0	-
1021	100.709635	100.863281	G#4	84	80	0	0	1344	P1-43-1	0	-
1022	100.713542	100.761719	E3	65	80	0	0	1344	P1-43-17	0	-
1023	100.854167	101.149740	A4	78	80	0	0	1346	P1-43-2	0	-
1024	100.976562	101.026042	E2	75	80	0	0	1348	P1-43-18	0	-
1025	100.988281	101.559896	G#4	84	80	0	0	1348	P1-43-3	0	-
1026	101.143229	101.277344	F#4	82	80	0	0	1350	P1-43-4	0	-
1027	101.243490	101.348958	E3	76	80	0	0	1352	*	3	-
1028	101.278646	101.489583	E4	82	80	0	0	1352	P1-43-5	0	-
1029	101.320312	101.329427	Eb4	73	80	0	0	1352	*	3	-
1030	101.334635	101.399740	Eb3	71	80	0	0	1352	*	3	-
1031	101.359375	101.429688	E3	79	80	0	0	1352	P1-43-19	0	-
1032	101.436198	101.598958	D#4	85	80	0	0	1354	P1-43-6	0	-
1033	101.441406	102.071615	E3	75	80	0	0	1354	*	3	-
1034	101.583333	101.725260	C#4	82	80	0	0	1356	P1-43-7	0	-
1035	101.738281	101.815104	B3	85	80	0	0	1358	P1-43-8	0	-
1036	101.882812	101.985677	A#3	89	80	0	0	1360	P1-43-9	0	-
1037	102.039062	102.156250	F#4	84	80	0	0	1362	P1-43-10	0	-
1038	102.187500	102.298177	B3	82	80	0	0	1364	P1-43-11	0	-
1039	102.196615	102.256510	D#3	74	80	0	0	1364	P1-43-21	0	-
1040	102.319010	102.496094	F#4	77	80	0	0	1366	P1-43-12	0	-
1041	102.466146	102.505208	C#3	67	80	0	0	1368	P1-43-22	0	-
1042	102.467448	102.729167	E4	82	80	0	0	1368	P1-43-13	0	-
1043	102.622396	102.713542	B3	85	80	0	0	1370	P1-43-14	0	-
1044	102.760417	102.903646	A#3	86	80	0	0	1372	P1-43-15	0	-
1045	102.764323	102.815104	F#3	70	80	0	0	1372	P1-43-23	1	-
1046	102.903646	102.994792	E4	79	80	0	0	1374	P1-43-16	0	-
1047	103.061198	103.114583	B2	68	80	0	0	1376	P1-44-17	0	-
1048	103.063802	103.305990	D#4	86	80	0	0	1376	P1-44-1	0	-
1049	103.217448	103.352865	C#4	84	80	0	0	1378	P1-44-2	0	-
1050	103.356771	103.453125	B3	82	80	0	0	1380	P1-44-3	0	-
1051	103.360677	103.459635	C#3	71	80	0	0	1380	P1-44-18	0	-
1052	103.502604	103.644531	A#3	85	80	0	0	1382	P1-44-4	0	-
1053	103.643229	103.889323	B3	79	80	0	0	1384	P1-44-5	0	-
1054	103.645833	103.694010	D#3	77	80	0	0	1384	P1-44-19	0	-
1055	103.803385	103.945312	D#4	82	80	0	0	1386	P1-44-6	0	-
1056	103.942708	104.035156	B2	74	80	0	0	1388	P1-44-20	0	-
1057	103.944010	104.104167	F#4	75	80	0	0	1388	P1-44-7	0	-
1058	104.093750	104.209635	A3	82	80	0	0	1390	P1-44-8	0	-
1059	104.233073	104.299479	E2	67	80	0	0	1392	P1-44-21	0	-
1060	104.252604	104.356771	G#3	85	80	0	0	1392	P1-44-9	0	-
1061	104.403646	104.584635	F#4	73	80	0	0	1394	P1-44-10	0	-
1062	104.527344	104.595052	G#2	68	80	0	0	1396	P1-44-22	0	-
1063	104.542969	104.765625	E4	79	80	0	0	1396	P1-44-11	0	-
1064	104.701823	104.828125	D#4	88	80	0	0	1398	P1-44-12	0	-
1065	104.833333	104.988281	C#4	84	80	0	0	1400	P1-44-13	0	-
1066	104.833333	104.891927	E2	65	80	0	0	1400	P1-44-23	0	-
1067	104.973958	105.144531	D#4	81	80	0	0	1402	P1-44-14	0	-
1068	105.104167	105.162760	C#2	72	80	0	0	1404	P1-44-24	0	-
1069	105.114583	105.263021	E4	71	80	0	0	1404	P1-44-15	0	-
1070	105.259115	105.345052	B3	83	80	0	0	1406	P1-44-16	0	-
1071	105.401042	105.488281	A#3	83	80	0	0	1408	P1-45-1	0	-
1072	105.408854	105.539062	F#2	61	80	0	0	1408	P1-45-17	0	-
1073	105.536458	105.675781	B3	83	80	0	0	1410	P1-45-2	0	-
1074	105.686198	105.852865	C#4	84	80	0	0	1412	P1-45-3	0	-
1075	105.695312	105.753906	E2	66	80	0	0	1412	P1-45-18	0	-
1076	105.828125	105.966146	G#3	79	80	0	0	1414	P1-45-4	0	-
1077	105.959635	106.089844	D#2	66	80	0	0	1416	P1-45-19	0	-
1078	105.975260	106.082031	F#3	85	80	0	0	1416	P1-45-5	0	-
1079	106.115885	106.204427	E3	71	80	0	0	1418	P1-45-6	0	-
1080	106.252604	106.313802	A#2	84	80	0	0	1420	P1-45-20	0	-
1081	106.252604	106.320312	D#3	88	80	0	0	1420	P1-45-7	0	-
1082	106.394531	106.464844	C#3	81	80	0	0	1422	P1-45-8	0	-
1083	106.524740	106.588542	B2	75	80	0	0	1424	P1-45-21	0	-
1084	106.533854	106.619792	D#3	82	80	0	0	1424	P1-45-9	0	-
1085	106.691406	106.829427	F#3	82	80	0	0	1426	P1-45-10	0	-
1086	106.824219	106.945312	B3	79	80	0	0	1428	P1-45-11	0	-
1087	106.825521	106.914062	G#2	79	80	0	0	1428	P1-45-22	0	-
1088	106.959635	107.045573	D#3	85	80	0	0	1430	P1-45-12	0	-
1089	107.110677	107.161458	E2	83	80	0	0	1432	P1-45-23	0	-
1090	107.114583	107.166667	C#3	87	80	0	0	1432	P1-45-13	0	-
1091	107.274740	107.381510	B3	76	80	0	0	1434	P1-45-14	0	-
1092	107.395833	107.485677	F#2	86	80	0	0	1436	P1-45-24	1	-
1093	107.412760	107.493490	E3	79	80	0	0	1436	P1-45-15	0	-
1094	107.567708	107.727865	A#3	89	80	0	0	1438	P1-45-16	0	-
1095	107.790365	108.149740	B3	89	80	0	0	1440	P1-46-3	0	-
1096	107.791667	108.069010	B2	95	80	0	0	1440	P1-46-8	0	-
1097	107.794271	108.059896	B1	91	80	0	0	1440	P1-46-7	0	-
1098	107.800781	108.203125	F#3	85	80	0	0	1440	P1-46-2	0	-
1099	107.804688	108.109375	D#3	82	80	0	0	1440	P1-46-1	0	-
//Missing 0	P1-1-14
//Missing 352	P1-12-1
//Missing 726	P1-23-23
//Missing 848	P1-27-12
//Missing 1088	P1-35-17
//Missing 24	P1-1-11
//Missing 24	P1-1-11
//Missing 28	P1-1-11
//Missing 28	P1-1-11
//Missing 40	P1-2-19
//Missing 56	P1-2-25
//Missing 62	P1-2-26
//Missing 63	P1-2-27
//Missing 64	P1-3-17
//Missing 848	P1-27-5
//Missing 850	P1-27-22
//Missing 852	P1-27-5
//Missing 852	P1-27-5
//Missing 854	P1-27-24
//Missing 854	P1-27-5
//Missing 854	P1-27-5
//Missing 856	P1-27-5
//Missing 1176	P1-37-27
//Missing 1176	P1-37-27
//Missing 1192	P1-38-15
