//Version: ScorePerfmMatch_v170503
// Score: ./Chopin_-_Raindrop_Prelude_hmm.txt
// Perfm: ./10374_spr.txt
// fmt3x: ./Chopin_-_Raindrop_Prelude_fmt3x.txt
0	0.320312	2.509115	Db3	24	80	0	0	0	*	3	0
1	0.455729	1.319010	F5	38	80	0	0	0	*	3	-
2	0.902344	1.559896	Ab3	24	80	0	0	240	P1-1-6	0	-
3	1.093750	3.229167	Db5	47	80	0	0	360	P1-1-2	0	-
4	1.360677	3.319010	F4	31	80	0	0	480	P1-1-8	0	-
5	1.364583	3.188802	Db4	29	80	0	0	480	P1-1-7	0	-
6	1.444010	1.579427	Ab4	40	80	0	0	480	P1-1-3	0	-
7	1.591146	2.438802	Ab4	24	80	0	0	480	*	3	-
8	1.778646	1.949219	Ab3	31	80	0	0	720	P1-1-9	0	-
9	2.191406	2.270833	Ab3	19	80	0	0	960	P1-1-10	0	-
10	2.494792	2.669271	Ab3	22	80	0	0	1200	P1-1-11	0	-
11	2.816406	3.709635	Bb4	52	80	0	0	1440	P1-1-4	0	-
12	2.865885	2.945312	Ab3	23	80	0	0	1440	P1-1-12	1	-
13	3.162760	3.718750	Ab3	25	80	0	0	1680	P1-1-14	0	-
14	3.526042	6.098958	C5	50	80	0	0	1920	P1-2-1	0	-
15	3.536458	6.059896	Gb4	40	80	0	0	1920	P1-2-4	0	-
16	3.567708	5.539062	Eb4	23	80	0	0	1920	P1-2-3	0	-
17	3.881510	3.972656	Ab3	27	80	0	0	2160	P1-2-5	0	-
18	4.264323	4.358073	Ab3	27	80	0	0	2400	P1-2-6	0	-
19	4.602865	4.979167	Ab3	22	80	0	0	2640	P1-2-7	0	-
20	4.932292	5.669271	Bb3	36	80	0	0	2880	P1-2-8	0	-
21	5.274740	5.759115	Ab3	35	80	0	0	3120	P1-2-9	0	-
22	5.639323	6.819010	Db5	68	80	0	0	3360	P1-2-2	0	-
23	5.652344	6.139323	Db4	44	80	0	0	3360	P1-2-10	0	-
24	5.984375	6.559896	Ab3	28	80	0	0	3600	P1-2-12	0	-
25	6.054688	7.239583	C4	27	80	0	0	3840	P1-3-9	0	-
26	6.253906	7.369792	Gb4	42	80	0	0	3840	P1-3-1	0	-
27	6.325521	7.119792	Eb5	59	80	0	0	3840	P1-3-2	0	-
28	6.713542	7.789062	Ab3	26	80	0	0	4080	P1-3-10	0	-
29	6.933594	7.609375	F5	64	80	0	0	4200	P1-3-4	0	-
30	7.003906	7.709635	Ab4	35	80	0	0	4200	P1-3-3	0	-
31	7.486979	8.699219	Gb5	52	80	0	0	4320	P1-3-6	0	-
32	7.497396	8.029948	Bb4	40	80	0	0	4320	P1-3-5	0	-
33	7.864583	7.959635	Ab3	20	80	0	0	4560	P1-3-11	0	-
34	8.208333	8.296875	Ab3	34	80	0	0	4800	P1-3-12	0	-
35	8.529948	9.628906	Ab3	34	80	0	0	5040	P1-3-13	0	-
36	8.819010	9.289062	Ab4	35	80	0	0	5280	P1-3-7	0	-
37	8.845052	9.359375	C#4	33	80	0	0	-1	*	3	-
38	8.910156	9.479167	F5	56	80	0	0	5280	P1-3-8	0	-
39	9.274740	10.639323	C4	38	80	0	0	5520	P1-3-14	1	-
40	9.468750	10.039062	Ab4	37	80	0	0	5760	P1-4-1	0	-
41	9.623698	10.789062	F5	57	80	0	0	5760	P1-4-2	0	-
42	9.916667	10.419271	Ab3	34	80	0	0	6003	P1-4-15	0	-
43	10.274740	11.059896	Gb4	43	80	0	0	6240	P1-4-3	0	-
44	10.580729	11.158854	Eb5	60	80	0	0	6480	P1-4-4	0	-
45	10.613281	11.119792	Ab3	29	80	0	0	6483	P1-4-17	0	-
46	11.009115	11.509115	F4	31	80	0	0	6723	P1-4-19	0	-
47	11.013021	11.829427	Db4	33	80	0	0	6723	P1-4-18	0	-
48	11.078125	11.949219	C#5	60	80	0	0	-1	*	3	-
49	11.417969	12.369792	Ab3	38	80	0	0	6963	P1-4-20	0	-
50	11.677083	12.658854	C4	34	80	0	0	7203	P1-4-21	0	-
51	11.803385	12.929688	Gb4	40	80	0	0	7203	P1-4-22	0	-
52	11.942708	12.149740	Eb5	51	80	0	0	7080	P1-4-6	0	-
53	12.162760	12.322917	Eb5	49	80	0	0	7200	P1-4-7	0	-
54	12.355469	12.496094	F5	46	80	0	0	7269	P1-4-8	0	-
55	12.502604	12.611979	Eb5	48	80	0	0	7337	P1-4-9	0	-
56	12.662760	12.779948	D5	48	80	0	0	7406	P1-4-10	0	-
57	12.677083	13.239583	Ab3	31	80	0	0	7443	P1-4-23	0	-
58	12.796875	12.898438	Eb5	47	80	0	0	7474	P1-4-11	0	-
59	12.941406	13.058594	F5	42	80	0	0	7543	P1-4-12	0	-
60	13.080729	13.223958	Gb5	48	80	0	0	7611	P1-4-13	0	-
61	13.246094	14.158854	F5	36	80	0	0	7683	P1-5-1	0	-
62	13.248698	13.519531	G#3	23	80	0	0	7683	*	3	-
63	13.312500	14.029948	Db3	20	80	0	0	7683	P1-5-5	0	-
64	13.791667	14.319010	Ab3	23	80	0	0	7923	P1-5-6	0	-
65	13.998698	15.789062	Db5	49	80	0	0	8043	P1-5-2	0	-
66	14.242188	15.809896	F4	14	80	0	0	8163	P1-5-8	0	-
67	14.276042	15.399740	Db4	22	80	0	0	8163	P1-5-7	0	-
68	14.345052	15.598958	Ab4	37	80	0	0	8163	P1-5-3	0	-
69	14.666667	14.809896	Ab3	33	80	0	0	8403	P1-5-9	0	-
70	15.001302	15.105469	Ab3	37	80	0	0	8643	P1-5-10	0	-
71	15.347656	15.509115	Ab3	33	80	0	0	8883	P1-5-11	0	-
72	15.664062	16.489583	Bb4	45	80	0	0	9123	P1-5-4	0	-
73	15.665365	15.839844	Ab3	27	80	0	0	9123	P1-5-12	0	-
74	16.032552	16.239583	Ab3	30	80	0	0	9363	P1-5-13	0	-
75	16.250000	16.519531	Ab3	21	80	0	0	9363	*	3	-
76	16.352865	18.750000	Gb4	34	80	0	0	9603	P1-6-4	0	-
77	16.377604	18.500000	C5	46	80	0	0	9603	P1-6-1	0	-
78	16.385417	18.459635	Eb4	25	80	0	0	9603	P1-6-3	0	-
79	16.697917	16.889323	Ab3	33	80	0	0	9843	P1-6-5	0	-
80	17.108073	17.194010	Ab3	31	80	0	0	10083	P1-6-6	0	-
81	17.444010	17.809896	Ab3	29	80	0	0	10323	P1-6-7	0	-
82	17.776042	18.218750	Bb3	34	80	0	0	10563	P1-6-8	0	-
83	18.097656	18.539062	Ab3	30	80	0	0	10803	P1-6-9	0	-
84	18.463542	19.438802	Db5	62	80	0	0	11043	P1-6-2	0	-
85	18.473958	19.119792	Db4	38	80	0	0	11043	P1-6-10	0	-
86	18.766927	19.250000	Ab3	33	80	0	0	11283	P1-6-12	0	-
87	18.906250	21.239583	C4	39	80	0	0	11523	P1-7-9	0	-
88	19.069010	21.369792	Gb4	42	80	0	0	11523	P1-7-1	0	-
89	19.184896	20.049479	Eb5	63	80	0	0	11523	P1-7-2	0	-
90	19.518229	20.455729	Ab3	29	80	0	0	11763	P1-7-10	0	-
91	19.819010	20.389323	F5	66	80	0	0	11883	P1-7-4	0	-
92	19.852865	20.509115	Ab4	31	80	0	0	11883	P1-7-3	0	-
93	20.317708	21.839844	Gb5	63	80	0	0	12003	P1-7-6	0	-
94	20.320312	21.179688	Bb4	44	80	0	0	12003	P1-7-5	0	-
95	20.671875	20.747396	Ab3	32	80	0	0	12243	P1-7-11	0	-
96	21.013021	21.084635	Ab3	40	80	0	0	12483	P1-7-12	0	-
97	21.332031	21.859375	Ab3	35	80	0	0	12723	P1-7-13	0	-
98	21.625000	22.188802	Ab4	31	80	0	0	12963	P1-7-7	0	-
99	21.679688	22.039062	Db4	26	80	0	0	12963	P1-7-14	0	-
100	21.790365	22.259115	F5	54	80	0	0	12963	P1-7-8	0	-
101	22.054688	22.688802	Ab3	27	80	0	0	13203	P1-7-15	0	-
102	22.277344	23.529948	C4	42	80	0	0	13443	P1-8-8	0	-
103	22.447917	23.069010	Ab4	37	80	0	0	13443	P1-8-1	0	-
104	22.503906	23.919271	F5	51	80	0	0	13443	P1-8-2	0	-
105	22.848958	23.539062	Ab3	22	80	0	0	13683	P1-8-9	0	-
106	23.214844	23.750000	Gb4	34	80	0	0	13923	P1-8-3	0	-
107	23.553385	24.218750	Ab3	24	80	0	0	14163	P1-8-11	0	-
108	23.553385	24.169271	Eb5	45	80	0	0	14163	P1-8-4	0	-
109	24.046875	24.628906	F4	26	80	0	0	14403	P1-8-13	0	-
110	24.069010	24.619792	Db4	25	80	0	0	14403	P1-8-12	0	-
111	24.074219	24.750000	Db5	37	80	0	0	14403	P1-8-5	0	-
112	24.493490	25.089844	Ab3	31	80	0	0	14643	P1-8-14	0	-
113	24.925781	25.619792	F4	30	80	0	0	14883	P1-8-16	0	-
114	24.934896	25.929688	C5	63	80	0	0	14883	P1-8-6	0	-
115	24.984375	25.479167	Db4	30	80	0	0	14883	P1-8-15	0	-
116	25.325521	25.549479	Ab3	39	80	0	0	15123	P1-8-17	0	-
117	25.515625	26.109375	Db5	70	80	0	0	15123	P1-8-7	0	-
118	25.904948	26.569010	Eb5	67	80	0	0	15363	P1-9-1	0	-
119	25.904948	25.997396	Ab2	37	80	0	0	15363	P1-9-5	0	-
120	26.274740	26.789062	Ab3	41	80	0	0	15603	P1-9-6	0	-
121	26.580729	27.079427	Eb4	51	80	0	0	15843	P1-9-8	0	-
122	26.583333	27.079427	C4	37	80	0	0	15843	P1-9-7	0	-
123	26.729167	28.069010	Eb5	76	80	0	0	15843	P1-9-2	0	-
124	27.013021	27.468750	Ab3	39	80	0	0	16083	P1-9-9	0	-
125	27.343750	28.199219	Eb4	59	80	0	0	16323	P1-9-11	0	-
126	27.358073	27.750000	Cb4	47	80	0	0	16323	P1-9-10	0	-
127	27.674479	28.149740	Ab3	40	80	0	0	16563	P1-9-12	0	-
128	27.795573	28.009115	C#3	47	80	0	0	-1	*	3	-
129	27.938802	28.819010	Cb4	54	80	0	0	-1	*	3	-
130	28.065104	28.938802	F4	61	80	0	0	16803	P1-9-15	0	-
131	28.253906	29.039062	F5	75	80	0	0	16803	P1-9-4	0	-
132	28.602865	29.059896	Db4	48	80	0	0	17043	P1-9-16	0	-
133	28.954427	29.669271	Bb3	42	80	0	0	17283	P1-10-7	0	-
134	28.981771	29.628906	Gb5	71	80	0	0	17283	P1-10-1	0	-
135	29.484375	30.039062	F5	62	80	0	0	17523	P1-10-2	0	-
136	29.505208	30.029948	Db4	32	80	0	0	17523	P1-10-8	0	-
137	29.893229	30.399740	Gb4	47	80	0	0	17763	P1-10-10	0	-
138	29.925781	30.429688	Eb5	63	80	0	0	17763	P1-10-3	0	-
139	29.929688	30.539062	Bb3	37	80	0	0	17763	P1-10-9	0	-
140	30.294271	30.669271	Db4	44	80	0	0	18003	P1-10-11	0	-
141	30.296875	30.779948	Db5	68	80	0	0	18003	P1-10-4	0	-
142	30.557292	31.598958	Db3	38	80	0	0	18243	P1-10-12	0	-
143	30.647135	32.029948	F5	56	80	0	0	18243	P1-10-5	0	-
144	30.941406	31.339844	Ab3	41	80	0	0	18483	P1-10-13	0	-
145	31.278646	31.919271	F4	49	80	0	0	18723	P1-10-15	0	-
146	31.307292	31.699219	Db4	34	80	0	0	18723	P1-10-14	0	-
147	31.583333	31.919271	Ab3	36	80	0	0	18963	P1-10-16	0	-
148	31.932292	33.059896	Eb5	57	80	0	0	19203	P1-11-1	0	-
149	31.933594	32.789062	Eb3	34	80	0	0	19203	P1-11-11	0	-
150	32.376302	32.949219	Cb5	57	80	0	0	19443	P1-11-2	0	-
151	32.384115	32.889323	Ab3	34	80	0	0	19443	P1-11-12	0	-
152	32.759115	33.218750	Eb4	31	80	0	0	19683	P1-11-14	0	-
153	32.765625	33.229167	Bb4	56	80	0	0	19683	P1-11-3	0	-
154	32.805990	33.119792	Cb4	25	80	0	0	19683	P1-11-13	0	-
155	33.084635	33.154948	Ab3	33	80	0	0	19923	P1-11-15	0	-
156	33.126302	33.938802	Ab4	49	80	0	0	19923	P1-11-4	0	-
157	33.447917	33.566406	Eb2	40	80	0	0	20163	P1-11-16	1	-
158	33.484375	33.919271	Bb4	37	80	0	0	20163	P1-11-5	0	-
159	33.875000	34.033854	Cb5	50	80	0	0	20523	P1-11-6	0	-
160	33.930990	34.348958	Eb3	27	80	0	0	20403	P1-11-17	1	-
161	34.037760	34.136719	Bb4	55	80	0	0	20563	P1-11-7	0	-
162	34.184896	34.273438	Ab4	50	80	0	0	20603	P1-11-8	0	-
163	34.299479	34.938802	Eb4	32	80	0	0	20643	P1-11-19	0	-
164	34.304688	34.989583	Db4	32	80	0	0	20643	P1-11-18	0	-
165	34.339844	35.128906	Bb4	48	80	0	0	20643	P1-11-9	0	-
166	34.735677	35.459635	Eb3	24	80	0	0	20883	P1-11-20	1	-
167	35.083333	35.628906	Cb5	42	80	0	0	21003	P1-11-10	0	-
168	35.360677	35.619792	Ab2	31	80	0	0	21123	P1-12-5	0	-
169	35.369792	36.658854	Ab4	41	80	0	0	21123	P1-12-1	0	-
170	35.842448	36.449219	Ab3	41	80	0	0	21363	P1-12-6	0	-
171	36.023438	36.539062	Cb4	54	80	0	0	21603	P1-12-7	0	-
172	36.240885	37.089844	Eb4	67	80	0	0	21603	P1-12-8	0	-
173	36.414062	37.259115	Eb5	67	80	0	0	21603	P1-12-2	0	-
174	36.723958	37.149740	Ab3	42	80	0	0	21843	P1-12-9	0	-
175	37.049479	37.468750	Db4	63	80	0	0	22083	P1-12-11	0	-
176	37.049479	37.899740	Db5	74	80	0	0	22083	P1-12-3	0	-
177	37.080729	37.519531	Bb3	47	80	0	0	22083	P1-12-10	0	-
178	37.385417	37.869792	Ab3	48	80	0	0	22323	P1-12-12	0	-
179	37.684896	38.019531	Fb4	53	80	0	0	22563	P1-12-14	0	-
180	37.731771	38.089844	Db4	38	80	0	0	22563	P1-12-13	0	-
181	37.819010	38.639323	Fb5	71	80	0	0	22563	P1-12-4	0	-
182	38.078125	38.136719	Ab3	36	80	0	0	22803	P1-12-15	0	-
183	38.528646	38.709635	Ab2	32	80	0	0	23043	P1-13-4	0	-
184	38.571615	39.239583	Eb5	51	80	0	0	23043	P1-13-1	0	-
185	39.102865	39.718750	Ab3	30	80	0	0	23283	P1-13-5	0	-
186	39.555990	40.149740	Eb4	32	80	0	0	23523	P1-13-7	0	-
187	39.567708	40.079427	Cb4	26	80	0	0	23523	P1-13-6	0	-
188	39.678385	41.369792	Eb5	69	80	0	0	23523	P1-13-2	0	-
189	39.996094	40.102865	Ab3	39	80	0	0	23763	P1-13-8	0	-
190	40.333333	40.411458	Ab3	32	80	0	0	24003	P1-13-9	0	-
191	40.636719	41.158854	Ab3	36	80	0	0	24243	P1-13-10	0	-
192	41.005208	41.289062	F4	37	80	0	0	24483	P1-13-12	0	-
193	41.011719	41.919271	F5	68	80	0	0	24483	P1-13-3	0	-
194	41.044271	41.399740	Cb4	30	80	0	0	24483	P1-13-11	0	-
195	41.359375	41.829427	Ab3	31	80	0	0	24723	P1-13-13	0	-
196	41.777344	42.589844	Eb3	34	80	0	0	24963	P1-14-6	0	-
197	41.816406	42.539062	Gb5	65	80	0	0	24963	P1-14-1	0	-
198	42.393229	42.968750	F5	61	80	0	0	25203	P1-14-2	0	-
199	42.403646	43.019531	Gb3	34	80	0	0	25203	P1-14-7	0	-
200	42.855469	43.348958	Eb5	67	80	0	0	25443	P1-14-3	0	-
201	42.863281	43.359375	Gb4	45	80	0	0	25443	P1-14-9	0	-
202	42.919271	43.299479	Bb3	31	80	0	0	25443	P1-14-8	0	-
203	43.225260	44.639323	Db5	65	80	0	0	25683	P1-14-4	0	-
204	43.229167	43.438802	Gb3	37	80	0	0	25683	P1-14-10	0	-
205	43.554688	43.718750	Bb2	32	80	0	0	25923	P1-14-11	0	-
206	43.571615	45.628906	F5	58	80	0	0	25923	P1-14-5	0	-
207	43.919271	44.359375	F3	46	80	0	0	26163	P1-14-12	0	-
208	44.253906	44.658854	F4	49	80	0	0	26403	P1-14-15	0	-
209	44.279948	44.639323	Db4	43	80	0	0	26403	P1-14-14	0	-
210	44.285156	44.628906	Bb3	43	80	0	0	26403	P1-14-13	0	-
211	44.589844	44.643229	F3	34	80	0	0	26643	P1-14-16	0	-
212	45.014323	45.144531	F2	32	80	0	0	26883	P1-15-11	0	-
213	45.459635	46.128906	Db5	56	80	0	0	27123	P1-15-2	0	-
214	45.494792	45.759115	F3	33	80	0	0	27123	P1-15-12	0	-
215	45.893229	46.188802	F4	34	80	0	0	27363	P1-15-15	0	-
216	45.957031	46.169271	Db4	31	80	0	0	27363	P1-15-14	0	-
217	45.994792	46.139323	Bb3	28	80	0	0	27363	P1-15-13	0	-
218	46.066406	46.569010	C5	57	80	0	0	27363	P1-15-3	0	-
219	46.276042	46.539062	F3	31	80	0	0	27603	P1-15-16	0	-
220	46.277344	46.289062	F2	30	80	0	0	27603	*	3	-
221	46.463542	46.889323	Bb4	52	80	0	0	27603	P1-15-4	0	-
222	46.765625	46.889323	F2	29	80	0	0	27843	P1-15-17	0	-
223	46.770833	47.169271	C5	50	80	0	0	27843	P1-15-5	0	-
224	47.075521	47.559896	Db5	44	80	0	0	28203	P1-15-6	0	-
225	47.397135	47.619792	C5	41	80	0	0	28243	P1-15-7	0	-
226	47.583333	48.449219	Bb4	51	80	0	0	28283	P1-15-8	0	-
227	47.664062	48.029948	Eb4	19	80	0	0	28323	P1-15-20	0	-
228	47.726562	48.479167	C5	48	80	0	0	28323	P1-15-9	0	-
229	48.125000	48.559896	F3	33	80	0	0	28563	P1-15-22	0	-
230	48.397135	48.789062	Db5	42	80	0	0	28563	P1-15-10	0	-
231	48.683594	48.822917	Bb2	30	80	0	0	28803	P1-16-5	0	-
232	48.687500	49.569010	Bb4	33	80	0	0	28803	P1-16-1	0	-
233	49.095052	49.109375	F3	15	80	0	0	29043	P1-16-6	0	-
234	49.412760	50.059896	Db4	34	80	0	0	29283	P1-16-7	0	-
235	49.449219	49.459635	F5	35	80	0	0	29283	P1-16-2	0	-
236	49.451823	50.109375	F4	28	80	0	0	29283	P1-16-8	0	-
237	49.615885	50.829427	F5	68	80	0	0	29283	*	3	-
238	49.933594	50.369792	F3	45	80	0	0	29523	P1-16-9	0	-
239	50.296875	50.750000	C4	43	80	0	0	29763	P1-16-10	0	-
240	50.298177	50.619792	Eb4	47	80	0	0	29763	P1-16-11	0	-
241	50.298177	51.009115	Eb5	74	80	0	0	29763	P1-16-3	0	-
242	50.542969	51.009115	F3	49	80	0	0	30003	P1-16-12	0	-
243	50.847656	51.609375	Gb4	56	80	0	0	30243	P1-16-14	0	-
244	50.904948	51.339844	Eb4	47	80	0	0	30243	P1-16-13	0	-
245	50.924479	51.848958	Gb5	80	80	0	0	30243	P1-16-4	0	-
246	51.187500	51.649740	F3	55	80	0	0	30483	P1-16-15	0	-
247	51.496094	52.389323	F5	68	80	0	0	30723	P1-17-1	0	-
248	51.514323	53.089844	F4	56	80	0	0	30723	P1-17-12	0	-
249	51.533854	52.188802	Db4	57	80	0	0	30723	P1-17-11	0	-
250	51.843750	52.399740	Db5	71	80	0	0	30963	P1-17-2	0	-
251	51.854167	52.299479	F3	57	80	0	0	30963	P1-17-13	0	-
252	52.152344	52.779948	Bb3	65	80	0	0	31203	P1-17-14	0	-
253	52.272135	52.799479	C5	67	80	0	0	31203	P1-17-3	0	-
254	52.529948	53.059896	F3	50	80	0	0	31443	P1-17-17	0	-
255	52.638021	53.000000	Bb4	60	80	0	0	31443	P1-17-4	0	-
256	52.861979	53.688802	A3	53	80	0	0	31683	P1-17-18	0	-
257	52.960938	53.285156	C5	57	80	0	0	31683	P1-17-5	0	-
258	53.273438	53.598958	Db5	47	80	0	0	32043	P1-17-6	0	-
259	53.276042	53.919271	F3	38	80	0	0	31923	P1-17-20	0	-
260	53.438802	53.589844	C5	44	80	0	0	32083	P1-17-7	0	-
261	53.578125	54.119792	Bb4	43	80	0	0	32123	P1-17-8	0	-
262	53.707031	54.369792	Eb4	42	80	0	0	32163	P1-17-21	0	-
263	53.744792	54.399740	C5	33	80	0	0	32163	P1-17-9	0	-
264	54.164062	54.709635	F3	33	80	0	0	32403	P1-17-23	0	-
265	54.360677	55.250000	Db5	47	80	0	0	32523	P1-17-10	0	-
266	54.684896	55.759115	Bb4	39	80	0	0	32643	P1-18-1	0	-
267	54.690104	55.109375	Bb2	28	80	0	0	32643	P1-18-5	0	-
268	55.041667	55.639323	F3	47	80	0	0	32883	P1-18-6	0	-
269	55.255208	55.908854	C4	50	80	0	0	33123	P1-18-7	0	-
270	55.444010	56.128906	Eb4	54	80	0	0	33123	P1-18-8	0	-
271	55.553385	56.329427	Eb5	74	80	0	0	33123	P1-18-2	0	-
272	55.846354	56.269531	F3	50	80	0	0	33363	P1-18-9	0	-
273	56.182292	56.949219	F4	49	80	0	0	33603	P1-18-11	0	-
274	56.194010	56.929688	Db4	47	80	0	0	33603	P1-18-10	0	-
275	56.256510	57.158854	F5	62	80	0	0	33603	P1-18-3	0	-
276	56.531250	57.049479	F3	54	80	0	0	33843	P1-18-12	0	-
277	56.880208	57.269531	Eb4	54	80	0	0	34083	P1-18-14	0	-
278	56.882812	57.239583	C4	40	80	0	0	34083	P1-18-13	0	-
279	56.930990	57.779948	Eb5	64	80	0	0	34083	P1-18-4	0	-
280	57.234375	57.859375	F3	54	80	0	0	34323	P1-18-15	0	-
281	57.626302	59.209635	F4	46	80	0	0	34563	P1-19-4	0	-
282	57.631510	59.059896	Db4	40	80	0	0	34563	P1-19-3	0	-
283	57.726562	61.169271	F5	53	80	0	0	34563	P1-19-1	0	-
284	58.041667	58.259115	F3	41	80	0	0	34803	P1-19-5	0	-
285	58.562500	58.699219	F3	32	80	0	0	35043	P1-19-6	0	-
286	58.914062	59.848958	F3	39	80	0	0	35283	P1-19-7	0	-
287	59.283854	60.869792	F4	23	80	0	0	35523	P1-19-9	0	-
288	59.320312	60.299479	Db4	28	80	0	0	35523	P1-19-8	0	-
289	60.065104	60.218750	Gb3	48	80	0	0	35763	P1-19-10	0	-
290	60.223958	60.319010	Gb3	42	80	0	0	35763	*	3	-
291	60.325521	60.919271	Gb3	44	80	0	0	35763	*	3	-
292	60.631510	61.709635	Eb5	50	80	0	0	36003	P1-19-2	0	-
293	60.644531	61.209635	Eb4	36	80	0	0	36003	P1-19-12	0	-
294	60.695312	60.959635	C4	20	80	0	0	36003	P1-19-11	0	-
295	61.089844	61.229167	Ab3	38	80	0	0	36243	*	3	-
296	61.274740	61.848958	Ab3	29	80	0	0	36243	P1-19-13	0	-
297	61.759115	62.759115	Db3	28	80	0	0	36483	P1-20-5	0	-
298	61.863281	62.109375	Ab3	22	80	0	0	36723	P1-20-6	0	-
299	61.906250	63.369792	F5	41	80	0	0	36483	P1-20-1	0	-
300	62.535156	63.000000	Ab3	27	80	0	0	36723	*	3	-
301	62.865885	63.299479	Db5	43	80	0	0	36843	*	3	-
302	63.106771	64.250000	Db4	22	80	0	0	36963	P1-20-7	0	-
303	63.220052	65.098958	Ab4	44	80	0	0	36963	P1-20-3	0	-
304	63.584635	63.664062	Ab3	20	80	0	0	37203	P1-20-9	0	-
305	63.947917	64.058594	Ab3	28	80	0	0	37443	P1-20-10	0	-
306	64.312500	64.404948	Ab3	33	80	0	0	37683	P1-20-11	0	-
307	64.664062	65.449219	Bb4	46	80	0	0	37923	P1-20-4	0	-
308	64.670573	64.829427	Ab3	31	80	0	0	38163	*	3	-
309	65.042969	65.399740	Ab3	26	80	0	0	38163	P1-20-14	0	-
310	65.389323	67.500000	C5	47	80	0	0	38403	P1-21-1	0	-
311	65.393229	67.709635	Gb4	39	80	0	0	38403	P1-21-4	0	-
312	65.397135	67.479167	Eb4	31	80	0	0	38403	P1-21-3	0	-
313	65.725260	65.803385	Ab3	31	80	0	0	38643	P1-21-5	0	-
314	66.125000	66.194010	Ab3	25	80	0	0	38883	P1-21-6	0	-
315	66.450521	66.799479	Ab3	28	80	0	0	39123	P1-21-7	0	-
316	66.786458	67.500000	Bb3	38	80	0	0	39363	P1-21-8	0	-
317	67.113281	67.549479	Ab3	26	80	0	0	39603	P1-21-9	0	-
318	67.476562	68.459635	Db5	67	80	0	0	39843	P1-21-2	0	-
319	67.502604	68.289062	Db4	40	80	0	0	39843	P1-21-10	0	-
320	67.787760	68.229167	Ab3	36	80	0	0	40083	P1-21-12	0	-
321	67.936198	68.539062	C4	34	80	0	0	40323	P1-22-9	0	-
322	68.087240	69.279948	Gb4	45	80	0	0	40323	P1-22-1	0	-
323	68.183594	68.968750	Eb5	66	80	0	0	40323	P1-22-2	0	-
324	68.444010	69.399740	Ab3	33	80	0	0	40563	P1-22-10	0	-
325	68.787760	69.389323	F5	69	80	0	0	40683	P1-22-4	0	-
326	68.790365	69.438802	Ab4	45	80	0	0	40683	P1-22-3	0	-
327	69.333333	69.339844	Bb4	36	80	0	0	40803	P1-22-5	0	-
328	69.363281	70.878906	Gb5	59	80	0	0	40803	P1-22-6	0	-
329	69.707031	69.792969	Ab3	35	80	0	0	41043	P1-22-11	0	-
330	70.082031	70.151042	Ab3	28	80	0	0	41283	P1-22-12	0	-
331	70.385417	71.649740	Ab3	38	80	0	0	41523	P1-22-13	0	-
332	70.692708	71.128906	Ab4	37	80	0	0	41763	P1-22-7	0	-
333	70.703125	71.149740	Db4	32	80	0	0	41763	P1-22-14	0	-
334	70.845052	71.429688	F5	65	80	0	0	41763	P1-22-8	0	-
335	71.244792	71.908854	C4	40	80	0	0	42003	P1-22-15	1	-
336	71.434896	71.938802	Ab4	43	80	0	0	42243	P1-23-1	0	-
337	71.589844	72.979167	F5	61	80	0	0	42243	P1-23-2	0	-
338	71.906250	72.389323	Ab3	24	80	0	0	42486	P1-23-14	0	-
339	72.274740	73.079427	Gb4	35	80	0	0	42723	P1-23-3	0	-
340	72.613281	73.119792	Ab3	28	80	0	0	42966	P1-23-16	0	-
341	72.615885	73.139323	Eb5	47	80	0	0	43203	P1-23-5	1	-
342	73.069010	73.789062	Db4	28	80	0	0	43206	P1-23-17	0	-
343	73.072917	73.949219	C#5	51	80	0	0	-1	*	3	-
344	73.076823	73.500000	F4	24	80	0	0	43206	P1-23-18	0	-
345	73.484375	73.764323	Ab3	37	80	0	0	43446	P1-23-19	0	-
346	73.726562	73.869792	C4	37	80	0	0	43686	P1-23-20	0	-
347	73.842448	74.559896	Gb4	38	80	0	0	43686	P1-23-21	0	-
348	73.934896	74.091146	D5	53	80	0	0	43683	P1-23-6	0	-
349	74.108073	74.205729	Eb5	52	80	0	0	43752	P1-23-7	0	-
350	74.263021	74.315104	Fb5	46	80	0	0	43820	P1-23-8	0	-
351	74.394531	74.539062	F5	53	80	0	0	43889	P1-23-9	0	-
352	74.399740	75.128906	Ab3	35	80	0	0	43926	P1-23-22	0	-
353	74.531250	74.634115	Ab5	52	80	0	0	43957	P1-23-10	0	-
354	74.673177	74.755208	G5	45	80	0	0	44026	P1-23-11	0	-
355	74.802083	74.989583	Gb5	54	80	0	0	44094	P1-23-12	0	-
356	74.958333	75.750000	F5	48	80	0	0	44166	P1-24-1	0	-
357	74.976562	75.819010	Db3	30	80	0	0	44166	P1-24-5	0	-
358	75.479167	76.079427	Ab3	32	80	0	0	44406	P1-24-6	0	-
359	75.645833	76.750000	Db5	50	80	0	0	44526	P1-24-2	0	-
360	75.932292	77.878906	F4	30	80	0	0	44646	P1-24-8	0	-
361	75.936198	77.789062	Db4	31	80	0	0	44646	P1-24-7	0	-
362	76.019531	77.589844	Ab4	43	80	0	0	44646	P1-24-3	0	-
363	76.369792	76.522135	Ab3	30	80	0	0	44886	P1-24-9	0	-
364	76.740885	76.833333	Ab3	32	80	0	0	45126	P1-24-10	0	-
365	77.066406	77.148438	Ab3	32	80	0	0	45366	P1-24-11	0	-
366	77.406250	78.209635	Bb4	43	80	0	0	45606	P1-24-4	0	-
367	77.425781	77.589844	Ab3	27	80	0	0	45606	P1-24-12	0	-
368	77.766927	78.199219	Ab3	28	80	0	0	45846	P1-24-13	0	-
369	78.130208	80.408854	C5	42	80	0	0	46086	P1-25-1	0	-
370	78.158854	80.348958	Gb4	30	80	0	0	46086	P1-25-4	0	-
371	78.165365	80.059896	Eb4	23	80	0	0	46086	P1-25-3	0	-
372	78.475260	78.554688	Ab3	32	80	0	0	46326	P1-25-5	0	-
373	78.897135	78.967448	Ab3	24	80	0	0	46566	P1-25-6	0	-
374	79.251302	79.598958	Ab3	25	80	0	0	46806	P1-25-7	0	-
375	79.602865	80.098958	Bb3	32	80	0	0	47046	P1-25-8	0	-
376	79.932292	80.399740	Ab3	34	80	0	0	47286	P1-25-9	0	-
377	80.292969	81.259115	Db5	53	80	0	0	47526	P1-25-2	0	-
378	80.325521	80.809896	F4	24	80	0	0	47526	P1-25-11	0	-
379	80.326823	80.919271	Db4	26	80	0	0	47526	P1-25-10	0	-
380	80.665365	81.309896	Ab3	38	80	0	0	47766	P1-25-12	0	-
381	80.884115	83.149740	C4	43	80	0	0	48006	P1-26-9	0	-
382	81.061198	82.188802	Gb4	57	80	0	0	48006	P1-26-1	0	-
383	81.153646	82.049479	Eb5	52	80	0	0	48006	P1-26-2	0	-
384	81.524740	81.929688	Ab3	31	80	0	0	48246	P1-26-10	0	-
385	81.911458	82.348958	F5	56	80	0	0	48366	P1-26-4	0	-
386	81.916667	82.299479	Ab4	42	80	0	0	48366	P1-26-3	0	-
387	81.938802	82.489583	G#3	25	80	0	0	48366	*	3	-
388	82.328125	84.119792	Gb5	44	80	0	0	48486	P1-26-6	0	-
389	82.351562	83.688802	Bb4	33	80	0	0	48486	P1-26-5	0	-
390	82.790365	82.875000	Ab3	28	80	0	0	48726	P1-26-11	0	-
391	83.186198	83.261719	Ab3	25	80	0	0	48966	P1-26-12	0	-
392	83.529948	83.598958	Ab3	32	80	0	0	49206	P1-26-13	0	-
393	83.743490	84.049479	Ab3	20	80	0	0	49206	*	3	-
394	83.933594	84.389323	Eb4	26	80	0	0	49446	P1-26-7	0	-
395	83.933594	84.759115	C5	40	80	0	0	49446	P1-26-8	0	-
396	84.320312	85.000000	Ab3	22	80	0	0	49686	P1-26-14	0	-
397	84.782552	85.908854	Eb5	38	80	0	0	49926	P1-27-2	0	-
398	84.792969	85.750000	Gb4	30	80	0	0	49926	P1-27-1	0	-
399	85.414062	85.503906	Ab3	25	80	0	0	50166	P1-27-5	0	-
400	85.953125	86.054688	Ab3	25	80	0	0	50406	P1-27-6	0	-
401	86.372396	86.466146	Ab3	27	80	0	0	50646	P1-27-7	0	-
402	86.743490	86.839844	Ab3	31	80	0	0	50886	P1-27-8	0	-
403	87.104167	87.191406	Ab3	31	80	0	0	51126	P1-27-9	0	-
404	87.438802	87.507812	Ab3	32	80	0	0	51366	P1-27-10	0	-
405	87.773438	89.019531	Ab3	30	80	0	0	51606	P1-27-11	0	-
406	88.143229	89.899740	Db2	41	80	0	0	51846	P1-28-9	0	-
407	88.833333	89.269531	Eb2	34	80	0	0	52326	P1-28-11	0	-
408	88.834635	89.139323	Eb3	30	80	0	0	52326	P1-28-12	1	-
409	89.149740	89.348958	Ab3	21	80	0	0	52566	P1-28-4	0	-
410	89.455729	89.989583	Db3	34	80	0	0	52806	P1-28-14	0	-
411	89.466146	90.399740	Fb2	37	80	0	0	52806	P1-28-13	0	-
412	89.472656	89.779948	Ab3	29	80	0	0	52806	P1-28-5	0	-
413	89.789062	89.929688	Ab3	19	80	0	0	53046	P1-28-6	0	-
414	90.106771	90.429688	Ab3	26	80	0	0	53286	P1-28-7	0	-
415	90.122396	90.649740	C3	26	80	0	0	53286	P1-28-16	0	-
416	90.135417	90.408854	Eb2	23	80	0	0	53286	P1-28-15	0	-
417	90.440104	90.750000	Ab3	16	80	0	0	53526	P1-28-8	0	-
418	90.755208	90.880208	Ab3	27	80	0	0	53766	P1-29-1	0	-
419	90.761719	91.139323	Eb3	31	80	0	0	53766	*	3	-
420	90.761719	91.218750	Eb2	33	80	0	0	53766	P1-29-9	0	-
421	90.768229	91.128906	Ab2	30	80	0	0	53766	P1-29-10	0	-
422	91.063802	91.289062	Ab3	25	80	0	0	54006	P1-29-2	0	-
423	91.385417	91.549479	Ab3	37	80	0	0	54246	P1-29-3	0	-
424	91.389323	91.968750	Ab2	40	80	0	0	54246	P1-29-12	0	-
425	91.391927	91.619792	G#1	38	80	0	0	54246	*	3	-
426	91.395833	92.019531	Fb2	33	80	0	0	54246	P1-29-11	0	-
427	91.704427	91.869792	Ab3	34	80	0	0	54486	P1-29-4	0	-
428	92.011719	92.699219	Eb3	40	80	0	0	54726	P1-29-14	0	-
429	92.022135	93.049479	Gb2	37	80	0	0	54726	P1-29-13	0	-
430	92.024740	92.209635	Ab3	37	80	0	0	54726	P1-29-5	0	-
431	92.035156	92.500000	G#2	34	80	0	0	54726	*	3	-
432	92.337240	92.489583	Ab3	32	80	0	0	54966	P1-29-6	0	-
433	92.625000	92.908854	Ab3	27	80	0	0	55206	P1-29-7	0	-
434	92.695312	93.089844	Db3	37	80	0	0	55206	P1-29-16	0	-
435	92.696615	93.049479	Fb2	34	80	0	0	55206	P1-29-15	0	-
436	92.996094	93.082031	Ab3	22	80	0	0	55446	P1-29-8	0	-
437	93.316406	93.598958	Ab3	27	80	0	0	55686	P1-30-1	0	-
438	93.365885	94.179688	Db3	27	80	0	0	55686	P1-30-10	0	-
439	93.381510	93.679688	Fb2	23	80	0	0	55686	P1-30-9	0	-
440	93.682292	93.819010	Ab3	14	80	0	0	55926	P1-30-2	0	-
441	93.994792	94.549479	Eb3	39	80	0	0	56166	P1-30-12	0	-
442	94.035156	94.229167	Ab3	20	80	0	0	56166	P1-30-3	0	-
443	94.039062	94.829427	Ab2	23	80	0	0	56166	P1-30-11	0	-
444	94.320312	94.479167	Ab3	31	80	0	0	56406	P1-30-4	0	-
445	94.632812	95.158854	Fb3	35	80	0	0	56646	P1-30-14	0	-
446	94.645833	94.829427	Ab3	32	80	0	0	56646	P1-30-5	0	-
447	94.651042	95.229167	Db3	35	80	0	0	56646	P1-30-13	0	-
448	94.958333	95.109375	Ab3	29	80	0	0	56886	P1-30-6	0	-
449	95.290365	95.929688	Eb3	45	80	0	0	57126	P1-30-16	0	-
450	95.292969	95.539062	Ab3	34	80	0	0	57126	P1-30-7	0	-
451	95.325521	95.759115	Ab2	28	80	0	0	57126	P1-30-15	0	-
452	95.622396	95.769531	Ab3	24	80	0	0	57366	P1-30-8	0	-
453	95.955729	96.199219	Ab3	36	80	0	0	57606	P1-31-1	0	-
454	95.992188	99.059896	Eb3	40	80	0	0	57606	P1-31-10	0	-
455	95.998698	97.549479	Ab2	34	80	0	0	57606	P1-31-9	0	-
456	96.305990	96.447917	Ab3	39	80	0	0	57846	P1-31-2	0	-
457	96.641927	96.756510	Ab3	42	80	0	0	58086	P1-31-3	0	-
458	96.967448	97.062500	Ab3	34	80	0	0	58326	P1-31-4	0	-
459	97.295573	97.395833	Ab3	36	80	0	0	58566	P1-31-5	0	-
460	97.647135	97.736979	Ab3	23	80	0	0	58806	P1-31-6	0	-
461	97.975260	98.076823	Ab3	30	80	0	0	59046	P1-31-7	0	-
462	98.291667	98.381510	Ab3	29	80	0	0	59286	P1-31-8	0	-
463	98.604167	98.709635	Ab3	24	80	0	0	59526	P1-32-1	0	-
464	98.945312	99.044271	Ab3	39	80	0	0	59766	P1-32-2	0	-
465	99.265625	99.559896	Ab3	32	80	0	0	60006	P1-32-3	0	-
466	99.319010	99.829427	Fb3	38	80	0	0	60006	P1-32-12	0	-
467	99.324219	100.250000	Db3	38	80	0	0	60006	P1-32-11	0	-
468	99.720052	99.813802	Ab3	32	80	0	0	60246	P1-32-4	0	-
469	100.044271	100.899740	Eb3	54	80	0	0	60486	P1-32-14	0	-
470	100.045573	100.309896	Ab3	41	80	0	0	60486	P1-32-5	0	-
471	100.061198	100.569010	Ab2	42	80	0	0	60486	P1-32-13	0	-
472	100.421875	100.619792	Ab3	26	80	0	0	60726	P1-32-6	0	-
473	100.723958	101.609375	Db3	46	80	0	0	60966	P1-32-16	0	-
474	100.739583	101.029948	Ab3	36	80	0	0	60966	P1-32-7	0	-
475	100.750000	101.128906	Fb2	39	80	0	0	60966	P1-32-15	0	-
476	101.063802	101.188802	Ab3	23	80	0	0	61206	P1-32-8	0	-
477	101.364583	101.529948	Ab3	41	80	0	0	61446	P1-33-1	0	-
478	101.364583	102.339844	Eb3	46	80	0	0	61446	P1-33-10	0	-
479	101.414062	101.839844	Ab2	26	80	0	0	61446	P1-33-9	0	-
480	101.700521	101.817708	Ab3	36	80	0	0	61686	P1-33-2	0	-
481	102.011719	102.509115	Db3	44	80	0	0	61926	P1-33-12	0	-
482	102.024740	102.174479	Ab3	38	80	0	0	61926	P1-33-3	0	-
483	102.033854	102.369792	Fb2	40	80	0	0	61926	P1-33-11	0	-
484	102.335938	102.434896	Ab3	38	80	0	0	62166	P1-33-4	0	-
485	102.643229	103.009115	C3	43	80	0	0	62406	P1-33-14	0	-
486	102.643229	103.500000	Eb2	44	80	0	0	62406	P1-33-13	0	-
487	102.647135	102.959635	Ab3	38	80	0	0	62406	P1-33-5	0	-
488	102.970052	103.128906	Ab3	30	80	0	0	62646	P1-33-6	0	-
489	103.283854	103.779948	Db3	43	80	0	0	62886	P1-33-16	0	-
490	103.294271	103.859375	C#2	45	80	0	0	62886	P1-33-15	1	-
491	103.294271	103.529948	Ab3	38	80	0	0	62886	P1-33-7	0	-
492	103.634115	103.722656	Ab3	41	80	0	0	63126	P1-33-8	0	-
493	103.916667	104.399740	C3	52	80	0	0	63366	P1-34-10	0	-
494	103.933594	104.429688	Eb2	50	80	0	0	63366	P1-34-9	0	-
495	103.938802	104.106771	Ab3	38	80	0	0	63366	P1-34-1	0	-
496	104.277344	104.479167	Ab3	35	80	0	0	63606	P1-34-2	0	-
497	104.628906	104.829427	Ab3	42	80	0	0	63846	P1-34-3	0	-
498	104.632812	105.009115	Fb2	42	80	0	0	63846	P1-34-11	0	-
499	104.632812	105.079427	Db3	41	80	0	0	63846	P1-34-12	0	-
500	104.937500	105.033854	Ab3	38	80	0	0	64086	P1-34-4	0	-
501	105.234375	105.579427	Eb3	58	80	0	0	64326	P1-34-14	0	-
502	105.235677	105.848958	Eb2	44	80	0	0	64326	P1-34-13	0	-
503	105.251302	105.415365	Ab3	41	80	0	0	64326	P1-34-5	0	-
504	105.579427	105.750000	Ab3	38	80	0	0	64566	P1-34-6	0	-
505	105.587240	105.809896	Eb3	32	80	0	0	-1	*	3	-
506	105.723958	105.959635	Db2	50	80	0	0	64806	P1-34-15	0	-
507	105.915365	106.084635	Ab3	47	80	0	0	64806	P1-34-7	0	-
508	105.955729	106.079427	C#3	41	80	0	0	-1	*	3	-
509	105.957031	106.389323	Fb3	43	80	0	0	64806	P1-34-16	0	-
510	105.966146	107.389323	Db2	38	80	0	0	-1	*	3	-
511	106.264323	106.394531	Ab3	44	80	0	0	65046	P1-34-8	0	-
512	106.572917	106.753906	Ab3	42	80	0	0	65286	P1-35-1	0	-
513	106.576823	107.579427	Eb3	46	80	0	0	65286	P1-35-17	0	-
514	106.593750	108.549479	Ab2	42	80	0	0	65286	P1-35-16	0	-
515	106.932292	107.130208	Ab3	43	80	0	0	65526	P1-35-2	0	-
516	107.302083	107.464844	Ab3	60	80	0	0	65766	P1-35-4	0	-
517	107.623698	107.829427	Ab4	63	80	0	0	66006	P1-35-7	0	-
518	107.632812	107.791667	Ab3	48	80	0	0	66006	P1-35-6	0	-
519	107.942708	108.158854	Ab4	68	80	0	0	66246	P1-35-9	0	-
520	107.944010	108.125000	Ab3	57	80	0	0	66246	P1-35-8	0	-
521	108.274740	108.403646	Ab3	56	80	0	0	66486	P1-35-10	0	-
522	108.274740	108.449219	Ab4	56	80	0	0	66486	P1-35-11	0	-
523	108.595052	108.779948	Ab4	57	80	0	0	66726	P1-35-13	0	-
524	108.596354	108.725260	Ab3	53	80	0	0	66726	P1-35-12	0	-
525	108.904948	109.109375	Ab4	66	80	0	0	66966	P1-35-15	0	-
526	108.907552	109.403646	Ab3	60	80	0	0	66966	P1-35-14	0	-
527	109.182292	109.718750	Ab2	67	80	0	0	67206	P1-36-20	0	-
528	109.184896	110.000000	Db2	67	80	0	0	67206	P1-36-19	0	-
529	109.214844	109.429688	Ab4	54	80	0	0	67206	P1-36-2	0	-
530	109.535156	109.739583	Ab4	57	80	0	0	67446	P1-36-4	0	-
531	109.553385	109.682292	Ab3	49	80	0	0	67446	P1-36-3	0	-
532	109.842448	110.024740	Ab3	55	80	0	0	67686	P1-36-5	0	-
533	109.845052	110.059896	Ab4	61	80	0	0	67686	P1-36-6	0	-
534	109.846354	110.339844	Ab2	61	80	0	0	67686	P1-36-22	0	-
535	109.852865	110.279948	Eb3	59	80	0	0	67686	*	3	-
536	109.863281	110.348958	Eb2	57	80	0	0	67686	P1-36-21	0	-
537	110.153646	110.399740	Ab3	64	80	0	0	67926	P1-36-7	0	-
538	110.153646	110.399740	Ab4	69	80	0	0	67926	P1-36-8	0	-
539	110.309896	110.839844	Fb2	57	80	0	0	68166	P1-36-23	0	-
540	110.315104	110.709635	E3	54	80	0	0	68166	*	3	-
541	110.385417	110.509115	Db3	59	80	0	0	68166	*	3	-
542	110.388021	111.059896	C#2	62	80	0	0	68166	*	3	-
543	110.520833	110.752604	Ab3	64	80	0	0	68166	P1-36-9	0	-
544	110.522135	110.789062	Ab4	64	80	0	0	68166	P1-36-11	0	-
545	110.522135	111.128906	Db3	57	80	0	0	68166	P1-36-24	0	-
546	110.523438	111.039062	Db4	61	80	0	0	68166	P1-36-10	0	-
547	110.885417	111.149740	Ab4	70	80	0	0	68406	P1-36-13	0	-
548	110.885417	111.144531	Ab3	67	80	0	0	68406	P1-36-12	0	-
549	111.282552	111.485677	Ab3	71	80	0	0	68646	P1-36-14	0	-
550	111.291667	111.509115	Ab4	69	80	0	0	68646	P1-36-16	0	-
551	111.292969	111.848958	C4	59	80	0	0	68646	P1-36-15	0	-
552	111.296875	111.759115	C3	61	80	0	0	68646	P1-36-26	0	-
553	111.307292	111.789062	Eb2	53	80	0	0	68646	P1-36-25	0	-
554	111.610677	111.809896	Ab4	73	80	0	0	68886	P1-36-18	0	-
555	111.611979	111.752604	Ab3	69	80	0	0	68886	P1-36-17	0	-
556	111.903646	112.046875	Ab3	69	80	0	0	69126	P1-37-1	0	-
557	111.908854	112.057292	Ab4	74	80	0	0	69126	P1-37-2	0	-
558	111.912760	112.348958	Ab2	64	80	0	0	69126	P1-37-20	0	-
559	111.912760	112.339844	Eb3	64	80	0	0	69126	*	3	-
560	111.914062	112.149740	C3	60	80	0	0	69126	*	3	-
561	111.921875	112.369792	Eb2	60	80	0	0	69126	P1-37-19	0	-
562	112.200521	112.376302	Ab4	71	80	0	0	69366	P1-37-4	0	-
563	112.200521	112.343750	Ab3	63	80	0	0	69366	P1-37-3	0	-
564	112.503906	112.718750	Ab3	76	80	0	0	69606	P1-37-5	0	-
565	112.507812	112.729167	Ab2	77	80	0	0	69606	P1-37-22	0	-
566	112.510417	112.649740	Ab4	79	80	0	0	69606	P1-37-6	0	-
567	112.511719	112.769531	Fb2	73	80	0	0	69606	P1-37-21	0	-
568	112.794271	113.089844	Ab3	71	80	0	0	69846	P1-37-7	0	-
569	112.794271	113.046875	Ab4	80	80	0	0	69846	P1-37-8	0	-
570	112.897135	113.389323	Gb2	70	80	0	0	70086	P1-37-23	0	-
571	113.054688	113.709635	Eb3	81	80	0	0	70086	P1-37-24	0	-
572	113.174479	113.368490	Ab3	83	80	0	0	70086	P1-37-9	0	-
573	113.174479	113.384115	Ab4	81	80	0	0	70086	P1-37-11	0	-
574	113.177083	113.750000	Eb4	67	80	0	0	70086	P1-37-10	0	-
575	113.494792	113.701823	Ab4	75	80	0	0	70326	P1-37-13	0	-
576	113.498698	113.683594	Ab3	70	80	0	0	70326	P1-37-12	0	-
577	113.825521	114.319010	Db3	78	80	0	0	70566	P1-37-26	0	-
578	113.826823	114.024740	Ab4	76	80	0	0	70566	P1-37-16	0	-
579	113.826823	114.013021	Ab3	73	80	0	0	70566	P1-37-14	0	-
580	113.828125	114.369792	Db4	72	80	0	0	70566	P1-37-15	0	-
581	113.833333	114.348958	Fb2	75	80	0	0	70566	P1-37-25	0	-
582	114.135417	114.330729	Ab4	78	80	0	0	70806	P1-37-18	0	-
583	114.136719	114.315104	Ab3	61	80	0	0	70806	P1-37-17	0	-
584	114.444010	114.653646	Ab4	85	80	0	0	71046	P1-38-2	0	-
585	114.445312	114.859375	Db3	74	80	0	0	71046	P1-38-21	0	-
586	114.445312	114.644531	Ab3	81	80	0	0	71046	P1-38-1	0	-
587	114.446615	114.959635	Fb2	69	80	0	0	71046	P1-38-20	0	-
588	114.755208	114.979167	Ab3	75	80	0	0	71286	P1-38-3	0	-
589	114.755208	114.967448	Ab4	91	80	0	0	71286	P1-38-4	0	-
590	115.083333	115.639323	Eb4	79	80	0	0	71526	P1-38-6	0	-
591	115.084635	115.292969	Ab3	89	80	0	0	71526	P1-38-5	0	-
592	115.085938	115.300781	Ab4	84	80	0	0	71526	P1-38-7	0	-
593	115.087240	115.589844	Eb3	85	80	0	0	71526	P1-38-23	0	-
594	115.089844	116.259115	Ab2	89	80	0	0	71526	P1-38-22	0	-
595	115.403646	115.614583	Ab4	88	80	0	0	71766	P1-38-9	0	-
596	115.403646	115.628906	Ab3	79	80	0	0	71766	P1-38-8	0	-
597	115.716146	116.109375	Fb3	78	80	0	0	72006	P1-38-25	0	-
598	115.738281	115.954427	Ab4	90	80	0	0	72006	P1-38-12	0	-
599	115.738281	115.945312	Ab3	85	80	0	0	72006	P1-38-10	0	-
600	115.740885	115.957031	Fb4	84	80	0	0	72006	P1-38-11	0	-
601	115.744792	116.109375	Db3	72	80	0	0	72006	P1-38-24	0	-
602	116.062500	116.309896	Ab4	94	80	0	0	72246	P1-38-14	0	-
603	116.062500	116.309896	Ab3	87	80	0	0	72246	P1-38-13	0	-
604	116.377604	116.979167	Eb3	88	80	0	0	72486	P1-38-27	0	-
605	116.403646	116.779948	Eb4	85	80	0	0	72486	P1-38-16	0	-
606	116.406250	116.722656	Ab2	93	80	0	0	72486	P1-38-26	0	-
607	116.408854	116.628906	G#1	86	80	0	0	-1	*	3	-
608	116.408854	116.759115	Ab3	92	80	0	0	72486	P1-38-15	0	-
609	116.411458	116.759115	Ab4	92	80	0	0	72486	P1-38-17	0	-
610	116.634115	117.089844	Ab1	80	80	0	0	72726	P1-38-18	1	-
611	116.858073	117.139323	Ab4	98	80	0	0	72726	P1-38-19	0	-
612	116.860677	117.149740	Ab3	90	80	0	0	-1	*	3	-
613	117.253906	117.789062	Ab1	86	80	0	0	-1	*	3	-
614	117.253906	117.889323	Ab2	90	80	0	0	72966	P1-39-18	0	-
615	117.255208	117.559896	Ab4	91	80	0	0	72966	P1-39-3	0	-
616	117.255208	117.526042	Ab3	88	80	0	0	72966	P1-39-1	0	-
617	117.255208	118.239583	Eb3	88	80	0	0	72966	P1-39-19	0	-
618	117.259115	117.855469	Eb4	85	80	0	0	72966	P1-39-2	0	-
619	117.628906	117.842448	Ab3	95	80	0	0	73206	P1-39-4	0	-
620	117.630208	117.852865	Ab4	98	80	0	0	73206	P1-39-5	0	-
621	117.957031	118.182292	Ab4	94	80	0	0	73446	P1-39-7	0	-
622	117.960938	118.170573	Ab3	87	80	0	0	73446	P1-39-6	0	-
623	118.285156	118.471354	Ab4	97	80	0	0	73686	P1-39-9	0	-
624	118.285156	118.466146	Ab3	87	80	0	0	73686	P1-39-8	0	-
625	118.584635	118.803385	Ab3	99	80	0	0	73926	P1-39-10	0	-
626	118.610677	118.805990	Ab4	97	80	0	0	73926	P1-39-11	0	-
627	118.924479	119.109375	Ab4	97	80	0	0	74166	P1-39-13	0	-
628	118.927083	119.139323	Ab3	80	80	0	0	74166	P1-39-12	0	-
629	119.247396	119.428385	Ab4	102	80	0	0	74406	P1-39-15	0	-
630	119.253906	119.459635	Ab3	99	80	0	0	74406	P1-39-14	0	-
631	119.541667	119.929688	Ab4	97	80	0	0	74646	P1-39-17	0	-
632	119.542969	119.839844	Ab3	91	80	0	0	74646	P1-39-16	0	-
633	119.941406	120.309896	Cb5	90	80	0	0	74886	P1-40-4	0	-
634	119.942708	120.908854	Fb2	99	80	0	0	74886	P1-40-22	0	-
635	119.944010	121.169271	Ab4	93	80	0	0	74886	P1-40-3	0	-
636	119.945312	120.204427	Cb4	89	80	0	0	74886	P1-40-1	0	-
637	119.946615	120.649740	Fb1	100	80	0	0	74886	P1-40-21	0	-
638	119.947917	120.709635	Fb4	82	80	0	0	74886	P1-40-2	0	-
639	120.338542	120.550781	Cb5	90	80	0	0	75126	P1-40-6	0	-
640	120.339844	120.544271	Cb4	92	80	0	0	75126	P1-40-5	0	-
641	120.695312	120.882812	Cb4	97	80	0	0	75366	P1-40-7	0	-
642	120.695312	120.959635	Cb5	89	80	0	0	75366	P1-40-8	0	-
643	121.016927	121.319010	Cb5	85	80	0	0	75606	P1-40-10	0	-
644	121.019531	121.359375	Cb4	93	80	0	0	75606	P1-40-9	0	-
645	121.371094	121.959635	Cb3	101	80	0	0	75846	P1-40-24	0	-
646	121.372396	121.614583	Cb4	92	80	0	0	75846	P1-40-11	0	-
647	121.372396	121.617188	Cb5	92	80	0	0	75846	P1-40-14	0	-
648	121.375000	122.500000	Ab4	88	80	0	0	75846	P1-40-13	0	-
649	121.377604	122.848958	Eb4	84	80	0	0	75846	P1-40-12	0	-
650	121.377604	122.279948	Cb2	96	80	0	0	75846	P1-40-23	0	-
651	121.744792	121.979167	Cb5	79	80	0	0	76086	P1-40-16	0	-
652	121.744792	121.925781	Cb4	83	80	0	0	76086	P1-40-15	0	-
653	122.067708	122.255208	Cb5	86	80	0	0	76326	P1-40-18	0	-
654	122.067708	122.279948	B2	73	80	0	0	76326	*	3	-
655	122.067708	122.253906	Cb4	90	80	0	0	76326	P1-40-17	0	-
656	122.382812	122.739583	Cb5	98	80	0	0	76566	P1-40-20	0	-
657	122.384115	122.644531	Cb4	101	80	0	0	76566	P1-40-19	0	-
658	122.386719	122.539062	B1	71	80	0	0	76566	*	3	-
659	122.550781	122.908854	B1	80	80	0	0	76806	*	3	-
660	122.751302	123.598958	Fb2	98	80	0	0	76806	P1-41-22	0	-
661	122.753906	123.098958	Cb4	93	80	0	0	76806	P1-41-1	0	-
662	122.753906	123.098958	Cb5	88	80	0	0	76806	P1-41-4	0	-
663	122.756510	123.069010	Fb1	95	80	0	0	76806	P1-41-21	0	-
664	122.759115	123.889323	Ab4	91	80	0	0	76806	P1-41-3	0	-
665	122.764323	122.769531	Fb4	84	80	0	0	76806	P1-41-2	0	-
666	123.113281	123.319010	Cb4	82	80	0	0	77046	P1-41-5	0	-
667	123.113281	123.429688	Cb5	81	80	0	0	77046	P1-41-6	0	-
668	123.438802	123.630208	Cb4	91	80	0	0	77286	P1-41-7	0	-
669	123.438802	123.739583	Cb5	85	80	0	0	77286	P1-41-8	0	-
670	123.441406	123.669271	B2	79	80	0	0	77286	*	3	-
671	123.752604	123.975260	Cb4	94	80	0	0	77526	P1-41-9	0	-
672	123.752604	124.079427	Cb5	85	80	0	0	77526	P1-41-10	0	-
673	124.083333	125.079427	Cb3	95	80	0	0	77766	P1-41-24	0	-
674	124.087240	124.378906	Cb5	87	80	0	0	77766	P1-41-14	0	-
675	124.088542	125.239583	Ab4	89	80	0	0	77766	P1-41-13	0	-
676	124.088542	124.316406	Cb4	89	80	0	0	77766	P1-41-11	0	-
677	124.092448	125.269531	Cb2	91	80	0	0	77766	P1-41-23	0	-
678	124.092448	125.419271	Eb4	86	80	0	0	77766	P1-41-12	0	-
679	124.438802	124.712240	Cb5	88	80	0	0	78006	P1-41-16	0	-
680	124.440104	124.716146	Cb4	89	80	0	0	78006	P1-41-15	0	-
681	124.834635	125.167969	Cb4	98	80	0	0	78246	P1-41-17	0	-
682	124.834635	125.175781	Cb5	94	80	0	0	78246	P1-41-18	0	-
683	125.296875	125.579427	Bb2	94	80	0	0	78486	P1-41-26	0	-
684	125.300781	125.739583	Bb1	86	80	0	0	78486	P1-41-25	0	-
685	125.307292	125.718750	Cb5	84	80	0	0	78486	P1-41-20	0	-
686	125.313802	125.669271	Cb4	90	80	0	0	78486	P1-41-19	0	-
687	125.763021	125.996094	Cb4	91	80	0	0	78726	P1-42-1	0	-
688	125.764323	126.109375	Cb5	86	80	0	0	78726	P1-42-4	0	-
689	125.768229	126.739583	Eb4	77	80	0	0	78726	P1-42-2	0	-
690	125.769531	126.688802	Ab4	88	80	0	0	78726	P1-42-3	0	-
691	125.770833	126.938802	Ab2	92	80	0	0	78726	P1-42-22	0	-
692	125.774740	126.968750	Ab1	86	80	0	0	78726	P1-42-21	0	-
693	126.121094	126.326823	Cb4	83	80	0	0	78966	P1-42-5	0	-
694	126.122396	126.324219	Cb5	86	80	0	0	78966	P1-42-6	0	-
695	126.458333	126.657552	Cb5	89	80	0	0	79206	P1-42-8	0	-
696	126.459635	126.653646	Cb4	89	80	0	0	79206	P1-42-7	0	-
697	126.766927	127.019531	Cb5	90	80	0	0	79446	P1-42-10	0	-
698	126.766927	126.970052	Cb4	81	80	0	0	79446	P1-42-9	0	-
699	127.076823	127.305990	Cb4	91	80	0	0	79686	P1-42-11	0	-
700	127.083333	127.311198	Cb5	86	80	0	0	79686	P1-42-14	0	-
701	127.084635	127.500000	Eb3	93	80	0	0	79686	P1-42-24	0	-
702	127.088542	127.628906	Eb4	82	80	0	0	79686	P1-42-12	0	-
703	127.091146	128.269531	Eb2	89	80	0	0	79686	P1-42-23	0	-
704	127.410156	127.604167	Cb4	93	80	0	0	79926	P1-42-15	0	-
705	127.412760	127.609375	Cb5	85	80	0	0	79926	P1-42-16	0	-
706	127.725260	127.932292	Cb4	82	80	0	0	80166	P1-42-17	0	-
707	127.726562	127.932292	Cb5	82	80	0	0	80166	P1-42-18	0	-
708	128.041667	128.227865	Cb4	91	80	0	0	80406	P1-42-19	0	-
709	128.044271	128.235677	Cb5	83	80	0	0	80406	P1-42-20	0	-
710	128.341146	128.699219	Cb4	82	80	0	0	80646	P1-43-1	0	-
711	128.342448	128.809896	Cb5	83	80	0	0	80646	P1-43-4	0	-
712	128.343750	128.644531	Ab2	92	80	0	0	80646	P1-43-13	0	-
713	128.345052	128.688802	Ab1	90	80	0	0	80646	P1-43-12	0	-
714	128.345052	129.029948	Eb4	76	80	0	0	80646	P1-43-2	0	-
715	128.346354	128.679688	Ab4	86	80	0	0	80646	P1-43-3	0	-
716	128.354167	128.699219	Eb2	94	80	0	0	-1	*	3	-
717	128.759115	129.028646	Ab3	90	80	0	0	80886	P1-43-5	0	-
718	128.764323	129.029948	G#4	82	80	0	0	-1	*	3	-
719	128.766927	129.040365	G#2	84	80	0	0	-1	*	3	-
720	129.169271	129.441406	Ab3	67	80	0	0	81126	P1-43-6	0	-
721	129.212240	129.451823	G#2	71	80	0	0	-1	*	3	-
722	129.221354	129.559896	Eb3	73	80	0	0	-1	*	3	-
723	129.587240	129.791667	Ab3	68	80	0	0	81366	P1-43-7	0	-
724	129.605469	129.809896	G#4	68	80	0	0	-1	*	3	-
725	129.605469	129.929688	Eb3	72	80	0	0	-1	*	3	-
726	129.609375	129.804688	Ab2	72	80	0	0	-1	*	3	-
727	129.907552	130.114583	Ab3	61	80	0	0	81606	P1-43-8	0	-
728	129.938802	130.889323	Eb3	58	80	0	0	-1	*	3	-
729	129.950521	130.114583	Ab2	69	80	0	0	-1	*	3	-
730	130.233073	130.415365	Ab3	70	80	0	0	81846	P1-43-9	0	-
731	130.253906	130.427083	Ab2	67	80	0	0	-1	*	3	-
732	130.563802	130.733073	Ab3	73	80	0	0	82086	P1-43-10	0	-
733	130.571615	130.734375	Ab2	66	80	0	0	-1	*	3	-
734	130.873698	131.539062	Ab3	62	80	0	0	82326	P1-43-11	0	-
735	130.897135	131.079427	Ab2	63	80	0	0	-1	*	3	-
736	130.902344	131.259115	Eb3	57	80	0	0	-1	*	3	-
737	131.212240	132.218750	Db2	97	80	0	0	82566	P1-44-9	0	-
738	131.212240	131.438802	Ab2	94	80	0	0	82566	P1-44-10	0	-
739	131.622396	131.848958	Ab3	70	80	0	0	82806	P1-44-2	0	-
740	131.626302	131.688802	G#2	66	80	0	0	-1	*	3	-
741	131.954427	132.500000	Eb3	87	80	0	0	-1	*	3	-
742	131.955729	132.468750	Ab2	86	80	0	0	83046	P1-44-12	0	-
743	131.958333	132.429688	G#1	85	80	0	0	-1	*	3	-
744	131.959635	132.519531	Eb2	88	80	0	0	83046	P1-44-11	0	-
745	131.963542	132.175781	Ab3	72	80	0	0	83046	P1-44-3	0	-
746	132.298177	132.447917	Ab3	72	80	0	0	83286	P1-44-4	0	-
747	132.575521	133.098958	Db3	86	80	0	0	83526	P1-44-14	0	-
748	132.582031	132.774740	Ab3	80	80	0	0	83526	P1-44-5	0	-
749	132.583333	133.128906	Fb2	84	80	0	0	83526	P1-44-13	0	-
750	132.898438	133.104167	Ab3	63	80	0	0	83766	P1-44-6	0	-
751	133.244792	133.425781	Ab3	75	80	0	0	84006	P1-44-7	0	-
752	133.256510	133.739583	C3	77	80	0	0	84006	P1-44-16	0	-
753	133.273438	133.408854	Eb3	73	80	0	0	84006	*	3	-
754	133.282552	133.769531	Eb2	71	80	0	0	84006	P1-44-15	0	-
755	133.550781	133.717448	Ab3	70	80	0	0	84246	P1-44-8	0	-
756	133.861979	134.098958	Ab3	83	80	0	0	84486	P1-45-1	0	-
757	133.863281	134.519531	Eb3	86	80	0	0	84486	*	3	-
758	133.865885	134.709635	Ab2	93	80	0	0	84486	P1-45-10	0	-
759	133.867188	134.299479	G#1	88	80	0	0	84486	*	3	-
760	133.868490	134.539062	Eb2	89	80	0	0	84486	P1-45-9	0	-
761	134.171875	134.389323	Ab3	67	80	0	0	84726	P1-45-2	0	-
762	134.479167	134.699219	Ab3	74	80	0	0	84966	P1-45-3	0	-
763	134.494792	134.859375	E3	72	80	0	0	84966	P1-45-12	1	-
764	134.494792	135.109375	Fb2	80	80	0	0	84966	P1-45-11	0	-
765	134.774740	134.959635	Ab3	67	80	0	0	85206	P1-45-4	0	-
766	135.065104	135.339844	Ab3	85	80	0	0	85446	P1-45-5	0	-
767	135.072917	135.709635	Eb3	90	80	0	0	85446	P1-45-14	0	-
768	135.076823	135.639323	Gb2	84	80	0	0	85446	P1-45-13	0	-
769	135.382812	135.576823	Ab3	84	80	0	0	85686	P1-45-6	0	-
770	135.696615	135.886719	Ab3	84	80	0	0	85926	P1-45-7	0	-
771	135.703125	136.188802	Db3	90	80	0	0	85926	P1-45-16	0	-
772	135.714844	136.289062	Fb2	85	80	0	0	85926	P1-45-15	0	-
773	135.716146	136.139323	E1	84	80	0	0	85926	*	3	-
774	136.002604	136.186198	Ab3	94	80	0	0	86166	P1-45-8	0	-
775	136.296875	136.979167	Db3	89	80	0	0	86406	P1-46-10	0	-
776	136.298177	136.500000	Ab3	87	80	0	0	86406	P1-46-1	0	-
777	136.302083	137.289062	Fb2	80	80	0	0	86406	P1-46-9	0	-
778	136.302083	136.519531	E3	79	80	0	0	86406	*	3	-
779	136.585938	136.779948	Ab3	79	80	0	0	86646	P1-46-2	0	-
780	136.915365	137.149740	Ab3	78	80	0	0	86886	P1-46-3	0	-
781	136.917969	137.459635	Eb3	95	80	0	0	86886	P1-46-12	0	-
782	136.923177	137.479167	G#1	81	80	0	0	86886	*	3	-
783	136.924479	137.789062	Ab2	85	80	0	0	86886	P1-46-11	0	-
784	137.227865	137.419271	Ab3	82	80	0	0	87126	P1-46-4	0	-
785	137.524740	138.009115	Fb3	84	80	0	0	87366	P1-46-14	0	-
786	137.535156	137.738281	Ab3	75	80	0	0	87366	P1-46-5	0	-
787	137.537760	138.269531	Db3	77	80	0	0	87366	P1-46-13	0	-
788	137.845052	138.059896	Ab3	85	80	0	0	87606	P1-46-6	0	-
789	138.170573	138.419271	Ab3	72	80	0	0	87846	P1-46-7	0	-
790	138.184896	138.739583	Eb3	88	80	0	0	87846	P1-46-16	0	-
791	138.186198	138.699219	Ab2	77	80	0	0	87846	P1-46-15	0	-
792	138.497396	138.713542	Ab3	86	80	0	0	88086	P1-46-8	0	-
793	138.833333	139.069010	Ab3	84	80	0	0	88326	P1-47-1	0	-
794	138.843750	141.259115	Eb3	86	80	0	0	88326	P1-47-10	0	-
795	138.845052	141.419271	Ab2	84	80	0	0	88326	P1-47-9	0	-
796	139.173177	139.313802	Ab3	85	80	0	0	88566	P1-47-2	0	-
797	139.472656	139.609375	Ab3	74	80	0	0	88806	P1-47-3	0	-
798	139.770833	139.923177	Ab3	74	80	0	0	89046	P1-47-4	0	-
799	140.055990	140.225260	Ab3	78	80	0	0	89286	P1-47-5	0	-
800	140.377604	140.540365	Ab3	73	80	0	0	89526	P1-47-6	0	-
801	140.671875	140.822917	Ab3	85	80	0	0	89766	P1-47-7	0	-
802	140.984375	141.127604	Ab3	62	80	0	0	90006	P1-47-8	0	-
803	141.276042	141.479167	Ab3	74	80	0	0	90246	P1-48-1	0	-
804	141.605469	141.829427	Ab3	80	80	0	0	90486	P1-48-2	0	-
805	141.959635	142.569010	Fb3	93	80	0	0	90726	P1-48-12	0	-
806	141.963542	142.209635	Ab3	82	80	0	0	90726	P1-48-3	0	-
807	141.964844	142.539062	Db3	81	80	0	0	90726	P1-48-11	0	-
808	142.324219	142.549479	Ab3	75	80	0	0	90966	P1-48-4	0	-
809	142.665365	143.250000	Eb3	90	80	0	0	91206	P1-48-14	0	-
810	142.667969	142.877604	Ab3	79	80	0	0	91206	P1-48-5	0	-
811	142.677083	143.169271	Ab2	83	80	0	0	91206	P1-48-13	0	-
812	142.679688	142.908854	G#1	78	80	0	0	91206	*	3	-
813	142.994792	143.145833	Ab3	74	80	0	0	91446	P1-48-6	0	-
814	143.278646	144.079427	Db3	92	80	0	0	91686	P1-48-16	0	-
815	143.279948	143.878906	Fb2	85	80	0	0	91686	P1-48-15	0	-
816	143.282552	143.453125	Ab3	83	80	0	0	91686	P1-48-7	0	-
817	143.287760	143.459635	E3	75	80	0	0	91686	*	3	-
818	143.565104	143.733073	Ab3	80	80	0	0	91926	P1-48-8	0	-
819	143.863281	144.649740	Eb3	90	80	0	0	92166	P1-49-10	0	-
820	143.864583	144.053385	Ab3	71	80	0	0	92166	P1-49-1	0	-
821	143.868490	144.348958	G#1	76	80	0	0	92166	*	3	-
822	143.872396	144.348958	Ab2	79	80	0	0	92166	P1-49-9	0	-
823	144.167969	144.305990	Ab3	73	80	0	0	92406	P1-49-2	0	-
824	144.442708	144.929688	Db3	89	80	0	0	92646	P1-49-12	0	-
825	144.444010	144.839844	Fb2	84	80	0	0	92646	P1-49-11	0	-
826	144.447917	144.619792	Ab3	75	80	0	0	92646	P1-49-3	0	-
827	144.751302	144.861979	Ab3	67	80	0	0	92886	P1-49-4	0	-
828	145.020833	145.589844	Eb2	86	80	0	0	93126	P1-49-13	0	-
829	145.022135	145.209635	Ab3	75	80	0	0	93126	P1-49-5	0	-
830	145.022135	145.598958	C3	83	80	0	0	93126	P1-49-14	0	-
831	145.338542	145.486979	Ab3	73	80	0	0	93366	P1-49-6	0	-
832	145.614583	146.139323	Db3	87	80	0	0	93606	P1-49-16	0	-
833	145.626302	146.179688	C#2	92	80	0	0	93606	P1-49-15	1	-
834	145.634115	145.825521	Ab3	76	80	0	0	93606	P1-49-7	0	-
835	145.940104	146.092448	Ab3	86	80	0	0	93846	P1-49-8	0	-
836	146.220052	146.598958	C3	87	80	0	0	94086	P1-50-10	0	-
837	146.222656	147.019531	Eb2	86	80	0	0	94086	P1-50-9	0	-
838	146.226562	146.421875	Ab3	72	80	0	0	94086	P1-50-1	0	-
839	146.546875	146.839844	Ab3	85	80	0	0	94326	P1-50-2	0	-
840	146.835938	147.389323	Db3	84	80	0	0	94566	P1-50-12	0	-
841	146.846354	147.188802	Fb2	85	80	0	0	94566	P1-50-11	0	-
842	146.854167	147.046875	Ab3	77	80	0	0	94566	P1-50-3	0	-
843	146.855469	147.098958	E1	81	80	0	0	94566	*	3	-
844	147.164062	147.359375	Ab3	77	80	0	0	94806	P1-50-4	0	-
845	147.315104	148.089844	Eb2	71	80	0	0	95046	P1-50-13	0	-
846	147.460938	148.389323	Eb3	92	80	0	0	95046	P1-50-14	0	-
847	147.484375	147.690104	Ab3	69	80	0	0	95046	P1-50-5	0	-
848	147.486979	147.799479	C#3	78	80	0	0	95046	*	3	-
849	147.791667	147.998698	Ab3	81	80	0	0	95286	P1-50-6	0	-
850	147.924479	148.709635	Db2	85	80	0	0	95526	P1-50-15	0	-
851	148.093750	148.589844	Fb3	91	80	0	0	95526	P1-50-16	0	-
852	148.121094	148.343750	Ab3	81	80	0	0	95526	P1-50-7	0	-
853	148.454427	148.606771	Ab3	77	80	0	0	95766	P1-50-8	0	-
854	148.725260	148.959635	Ab3	81	80	0	0	96006	P1-51-1	0	-
855	148.726562	150.348958	Ab2	87	80	0	0	96006	P1-51-16	0	-
856	148.726562	149.329427	Eb3	92	80	0	0	96006	P1-51-17	0	-
857	149.054688	149.348958	Ab4	92	80	0	0	96246	P1-51-3	0	-
858	149.057292	149.319010	Ab3	81	80	0	0	96246	P1-51-2	0	-
859	149.386719	150.000000	Eb3	39	80	0	0	96006	*	3	-
860	149.437500	149.653646	Ab4	89	80	0	0	96246	*	3	-
861	149.438802	149.644531	Ab3	81	80	0	0	96246	*	3	-
862	149.753906	149.947917	Ab3	83	80	0	0	96486	P1-51-4	0	-
863	149.755208	149.953125	Ab4	89	80	0	0	96486	P1-51-5	0	-
864	150.045573	150.257812	Ab3	87	80	0	0	96726	P1-51-6	0	-
865	150.078125	150.265625	Ab4	96	80	0	0	96966	P1-51-9	0	-
866	150.378906	150.598958	Ab4	94	80	0	0	97206	P1-51-11	0	-
867	150.380208	150.578125	Ab3	95	80	0	0	97206	P1-51-10	0	-
868	150.700521	150.864583	Ab4	93	80	0	0	97446	P1-51-13	0	-
869	150.700521	150.851562	Ab3	93	80	0	0	97446	P1-51-12	0	-
870	150.996094	151.218750	Ab4	95	80	0	0	97686	P1-51-15	0	-
871	150.997396	151.259115	Ab3	88	80	0	0	97686	P1-51-14	0	-
872	151.307292	152.489583	Db2	102	80	0	0	97926	P1-52-19	0	-
873	151.309896	151.378906	C#1	101	80	0	0	97926	*	3	-
874	151.335938	151.639323	Ab4	85	80	0	0	97926	P1-52-2	0	-
875	151.342448	151.628906	Ab3	81	80	0	0	97926	P1-52-1	0	-
876	151.704427	151.979167	Ab4	92	80	0	0	98166	P1-52-4	0	-
877	151.705729	151.979167	Ab3	88	80	0	0	98166	P1-52-3	0	-
878	152.059896	152.609375	Eb2	95	80	0	0	98406	P1-52-21	0	-
879	152.065104	152.319010	Ab4	90	80	0	0	98406	P1-52-6	0	-
880	152.067708	152.290365	Ab3	87	80	0	0	98406	P1-52-5	0	-
881	152.402344	152.625000	Ab4	86	80	0	0	98646	P1-52-8	0	-
882	152.402344	152.608073	Ab3	86	80	0	0	98646	P1-52-7	0	-
883	152.736979	153.549479	Db4	94	80	0	0	98886	P1-52-10	0	-
884	152.739583	153.500000	Db3	94	80	0	0	98886	P1-52-24	0	-
885	152.742188	153.019531	Ab4	91	80	0	0	98886	P1-52-11	0	-
886	152.743490	153.013021	Ab3	89	80	0	0	98886	P1-52-9	0	-
887	152.746094	153.459635	Fb2	87	80	0	0	98886	P1-52-23	0	-
888	153.122396	153.459635	Ab4	92	80	0	0	99126	P1-52-13	0	-
889	153.123698	153.479167	Ab3	86	80	0	0	99126	P1-52-12	0	-
890	153.572917	153.803385	Ab4	91	80	0	0	99366	P1-52-16	0	-
891	153.574219	154.489583	C4	86	80	0	0	99366	P1-52-15	0	-
892	153.575521	153.795573	Ab3	88	80	0	0	99366	P1-52-14	0	-
893	153.582031	154.109375	Eb2	89	80	0	0	99366	P1-52-25	0	-
894	153.582031	154.059896	C3	92	80	0	0	99366	P1-52-26	0	-
895	153.903646	154.095052	Ab4	86	80	0	0	99606	P1-52-18	0	-
896	153.903646	154.075521	Ab3	91	80	0	0	99606	P1-52-17	0	-
897	154.188802	154.679688	Ab2	96	80	0	0	99846	P1-53-20	0	-
898	154.192708	154.699219	G#1	89	80	0	0	99846	*	3	-
899	154.192708	154.649740	Eb2	92	80	0	0	99846	P1-53-19	0	-
900	154.194010	154.339844	Eb3	91	80	0	0	99846	*	3	-
901	154.195312	154.395833	Ab3	90	80	0	0	99846	P1-53-1	0	-
902	154.196615	154.406250	Ab4	89	80	0	0	99846	P1-53-2	0	-
903	154.509115	154.682292	Ab4	90	80	0	0	100086	P1-53-4	0	-
904	154.510417	154.671875	Ab3	88	80	0	0	100086	P1-53-3	0	-
905	154.777344	155.299479	Ab2	99	80	0	0	100326	P1-53-22	0	-
906	154.783854	155.329427	G#1	92	80	0	0	100326	*	3	-
907	154.783854	154.990885	Ab3	96	80	0	0	100326	P1-53-5	0	-
908	154.786458	154.993490	Ab4	91	80	0	0	100326	P1-53-6	0	-
909	154.792969	154.799479	E3	87	80	0	0	100326	*	3	-
910	154.795573	155.329427	Fb2	85	80	0	0	100326	P1-53-21	0	-
911	155.091146	155.289062	Ab4	90	80	0	0	100566	P1-53-8	0	-
912	155.091146	155.260417	Ab3	83	80	0	0	100566	P1-53-7	0	-
913	155.371094	155.878906	Eb3	89	80	0	0	100806	P1-53-24	0	-
914	155.381510	155.899740	Gb2	88	80	0	0	100806	P1-53-23	0	-
915	155.381510	155.919271	Eb4	84	80	0	0	100806	P1-53-10	0	-
916	155.384115	155.639323	Ab4	92	80	0	0	100806	P1-53-11	0	-
917	155.384115	155.611979	Ab3	90	80	0	0	100806	P1-53-9	0	-
918	155.388021	155.699219	C#4	81	80	0	0	100806	*	3	-
919	155.704427	155.911458	Ab3	92	80	0	0	101046	P1-53-12	0	-
920	155.704427	155.959635	Ab4	90	80	0	0	101046	P1-53-13	0	-
921	156.023438	156.229167	Ab4	94	80	0	0	101286	P1-53-16	0	-
922	156.023438	156.468750	Db3	96	80	0	0	101286	P1-53-26	0	-
923	156.023438	156.519531	Db4	88	80	0	0	101286	P1-53-15	0	-
924	156.024740	156.203125	Ab3	90	80	0	0	101286	P1-53-14	0	-
925	156.026042	156.500000	Fb2	87	80	0	0	101286	P1-53-25	0	-
926	156.312500	156.485677	Ab3	82	80	0	0	101526	P1-53-17	0	-
927	156.313802	156.539062	Ab4	86	80	0	0	101526	P1-53-18	0	-
928	156.610677	157.169271	Db3	85	80	0	0	101766	P1-54-21	0	-
929	156.610677	156.817708	Ab4	86	80	0	0	101766	P1-54-2	0	-
930	156.610677	157.250000	Fb2	81	80	0	0	101766	P1-54-20	0	-
931	156.611979	156.919271	C#4	79	80	0	0	101766	*	3	-
932	156.613281	156.839844	Ab3	82	80	0	0	101766	P1-54-1	0	-
933	156.928385	157.149740	Ab3	90	80	0	0	102006	P1-54-3	0	-
934	156.930990	157.149740	Ab4	90	80	0	0	102006	P1-54-4	0	-
935	156.932292	157.229167	C#4	71	80	0	0	102006	*	3	-
936	157.244792	157.718750	Eb3	96	80	0	0	102246	P1-54-23	0	-
937	157.247396	157.489583	Ab4	89	80	0	0	102246	P1-54-7	0	-
938	157.247396	157.450521	Ab3	89	80	0	0	102246	P1-54-5	0	-
939	157.247396	157.489583	Eb4	83	80	0	0	102246	P1-54-6	0	-
940	157.250000	157.839844	Ab2	92	80	0	0	102246	P1-54-22	0	-
941	157.250000	158.158854	G#1	87	80	0	0	102246	*	3	-
942	157.563802	157.809896	Ab4	95	80	0	0	102486	P1-54-9	0	-
943	157.565104	157.766927	Ab3	93	80	0	0	102486	P1-54-8	0	-
944	157.885417	158.139323	Ab4	92	80	0	0	102726	P1-54-12	0	-
945	157.889323	158.348958	Fb3	92	80	0	0	102726	P1-54-25	0	-
946	157.890625	158.348958	Db3	81	80	0	0	102726	P1-54-24	0	-
947	157.891927	158.122396	Ab3	82	80	0	0	102726	P1-54-10	0	-
948	157.893229	158.209635	Fb4	86	80	0	0	102726	P1-54-11	0	-
949	157.895833	158.429688	C#2	77	80	0	0	102726	*	3	-
950	157.895833	158.348958	G#2	76	80	0	0	102726	*	3	-
951	157.897135	158.289062	C#4	76	80	0	0	102726	*	3	-
952	158.216146	158.459635	Ab4	96	80	0	0	102966	P1-54-14	0	-
953	158.222656	158.423177	Ab3	83	80	0	0	102966	P1-54-13	0	-
954	158.537760	158.878906	Eb3	97	80	0	0	103206	P1-54-27	0	-
955	158.545573	158.938802	Ab2	98	80	0	0	103206	P1-54-26	0	-
956	158.545573	158.750000	G#1	91	80	0	0	-1	*	3	-
957	158.554688	158.945312	Ab4	96	80	0	0	103206	P1-54-17	0	-
958	158.554688	158.936198	Ab3	99	80	0	0	103206	P1-54-15	0	-
959	158.763021	159.049479	Ab1	80	80	0	0	103446	P1-54-18	1	-
960	159.053385	159.339844	Ab4	98	80	0	0	103446	P1-54-19	0	-
961	159.054688	159.313802	Ab3	94	80	0	0	-1	*	3	-
962	159.057292	159.309896	Ab2	82	80	0	0	-1	*	3	-
963	159.061198	159.311198	Ab1	73	80	0	0	103566	P1-54-28	0	-
964	159.424479	159.703125	Ab3	102	80	0	0	103686	P1-55-1	0	-
965	159.424479	159.769531	Eb3	92	80	0	0	103686	P1-55-19	0	-
966	159.425781	159.704427	Ab4	97	80	0	0	103686	P1-55-3	0	-
967	159.425781	160.419271	Ab2	100	80	0	0	103686	P1-55-18	0	-
968	159.428385	161.049479	G#1	90	80	0	0	-1	*	3	-
969	159.805990	160.020833	Ab4	96	80	0	0	103926	P1-55-5	0	-
970	159.805990	160.013021	Ab3	92	80	0	0	103926	P1-55-4	0	-
971	160.141927	160.354167	Ab4	99	80	0	0	104166	P1-55-7	0	-
972	160.143229	160.345052	Ab3	80	80	0	0	104166	P1-55-6	0	-
973	160.463542	160.658854	Ab4	86	80	0	0	104406	P1-55-9	0	-
974	160.464844	160.653646	Ab3	75	80	0	0	104406	P1-55-8	0	-
975	160.772135	160.960938	Ab3	88	80	0	0	104646	P1-55-10	0	-
976	160.774740	160.967448	Ab4	89	80	0	0	104646	P1-55-11	0	-
977	161.084635	161.289062	Ab4	86	80	0	0	104886	P1-55-13	0	-
978	161.085938	161.274740	Ab3	74	80	0	0	104886	P1-55-12	0	-
979	161.395833	161.570312	Ab4	101	80	0	0	105126	P1-55-15	0	-
980	161.399740	161.589844	Ab3	86	80	0	0	105126	P1-55-14	0	-
981	161.683594	163.339844	Ab4	98	80	0	0	105366	P1-55-17	0	-
982	161.683594	162.000000	Ab3	90	80	0	0	105366	P1-55-16	0	-
983	161.684896	161.839844	Fb1	77	80	0	0	-1	*	3	-
984	162.071615	162.459635	Cb5	96	80	0	0	105606	P1-56-4	0	-
985	162.072917	162.367188	Cb4	95	80	0	0	105606	P1-56-1	0	-
986	162.072917	163.378906	Fb2	99	80	0	0	105606	P1-56-22	0	-
987	162.075521	163.259115	Fb1	99	80	0	0	105606	P1-56-21	0	-
988	162.076823	162.500000	Fb4	89	80	0	0	105606	P1-56-2	0	-
989	162.470052	162.684896	Cb5	92	80	0	0	105846	P1-56-6	0	-
990	162.471354	162.677083	Cb4	99	80	0	0	105846	P1-56-5	0	-
991	162.803385	163.011719	Cb5	90	80	0	0	106086	P1-56-8	0	-
992	162.803385	163.010417	Cb4	91	80	0	0	106086	P1-56-7	0	-
993	163.123698	163.342448	Cb4	84	80	0	0	106326	P1-56-9	0	-
994	163.125000	163.347656	Cb5	86	80	0	0	106326	P1-56-10	0	-
995	163.145833	163.158854	B2	50	80	0	0	-1	*	3	-
996	163.468750	163.710938	Cb5	90	80	0	0	106566	P1-56-14	0	-
997	163.470052	164.069010	Cb3	98	80	0	0	106566	P1-56-24	0	-
998	163.470052	163.695312	Cb4	95	80	0	0	106566	P1-56-11	0	-
999	163.472656	164.628906	Ab4	93	80	0	0	106566	P1-56-13	0	-
1000	163.472656	164.429688	E4	87	80	0	0	106566	P1-56-12	1	-
1001	163.473958	164.199219	Cb2	92	80	0	0	106566	P1-56-23	0	-
1002	163.807292	163.977865	Cb5	88	80	0	0	106806	P1-56-16	0	-
1003	163.807292	163.979167	Cb4	97	80	0	0	106806	P1-56-15	0	-
1004	164.111979	164.291667	Cb5	85	80	0	0	107046	P1-56-18	0	-
1005	164.113281	164.290365	Cb4	86	80	0	0	107046	P1-56-17	0	-
1006	164.402344	164.614583	Cb4	86	80	0	0	107286	P1-56-19	0	-
1007	164.402344	164.709635	Cb5	79	80	0	0	107286	P1-56-20	0	-
1008	164.721354	165.039062	Cb5	92	80	0	0	107526	P1-57-4	0	-
1009	164.721354	165.848958	Fb2	93	80	0	0	107526	P1-57-22	0	-
1010	164.725260	164.942708	Cb4	92	80	0	0	107526	P1-57-1	0	-
1011	164.725260	165.889323	Ab4	92	80	0	0	107526	P1-57-3	0	-
1012	164.726562	165.319010	Fb1	92	80	0	0	107526	P1-57-21	0	-
1013	165.044271	165.243490	Cb4	95	80	0	0	107766	P1-57-5	0	-
1014	165.045573	165.255208	Cb5	86	80	0	0	107766	P1-57-6	0	-
1015	165.373698	165.559896	Cb4	92	80	0	0	108006	P1-57-7	0	-
1016	165.373698	165.565104	Cb5	85	80	0	0	108006	P1-57-8	0	-
1017	165.683594	166.019531	Cb5	88	80	0	0	108246	P1-57-10	0	-
1018	165.684896	165.979167	Cb4	86	80	0	0	108246	P1-57-9	0	-
1019	166.027344	167.128906	Cb3	99	80	0	0	108486	P1-57-24	0	-
1020	166.029948	166.359375	Cb5	87	80	0	0	108486	P1-57-14	0	-
1021	166.033854	166.304688	Cb4	93	80	0	0	108486	P1-57-11	0	-
1022	166.035156	167.199219	Cb2	95	80	0	0	108486	P1-57-23	0	-
1023	166.035156	167.468750	Eb4	91	80	0	0	108486	P1-57-12	0	-
1024	166.036458	167.569010	Ab4	92	80	0	0	108486	P1-57-13	0	-
1025	166.423177	166.746094	Cb4	86	80	0	0	108726	P1-57-15	0	-
1026	166.423177	166.736979	Cb5	83	80	0	0	108726	P1-57-16	0	-
1027	166.859375	167.628906	Cb4	96	80	0	0	108966	P1-57-17	0	-
1028	166.859375	167.229167	Cb5	91	80	0	0	108966	P1-57-18	0	-
1029	167.285156	167.699219	Cb5	81	80	0	0	109206	P1-57-20	0	-
1030	167.285156	167.628906	Bb2	98	80	0	0	109206	P1-57-26	0	-
1031	167.286458	167.679688	Bb1	93	80	0	0	109206	P1-57-25	0	-
1032	167.708333	167.945312	Cb4	92	80	0	0	109446	P1-58-1	0	-
1033	167.710938	168.049479	Cb5	86	80	0	0	109446	P1-58-4	0	-
1034	167.713542	168.839844	Ab4	87	80	0	0	109446	P1-58-3	0	-
1035	167.713542	168.889323	Eb4	80	80	0	0	109446	P1-58-2	0	-
1036	167.714844	168.579427	Ab2	93	80	0	0	109446	P1-58-22	0	-
1037	167.718750	168.589844	Ab1	88	80	0	0	109446	P1-58-21	0	-
1038	168.057292	168.244792	Cb5	75	80	0	0	109686	P1-58-6	0	-
1039	168.058594	168.247396	Cb4	78	80	0	0	109686	P1-58-5	0	-
1040	168.364583	168.558594	Cb4	85	80	0	0	109926	P1-58-7	0	-
1041	168.365885	168.563802	Cb5	77	80	0	0	109926	P1-58-8	0	-
1042	168.368490	168.378906	B2	72	80	0	0	109926	*	3	-
1043	168.671875	168.868490	Cb4	85	80	0	0	110166	P1-58-9	0	-
1044	168.671875	168.968750	Cb5	82	80	0	0	110166	P1-58-10	0	-
1045	168.979167	169.203125	Cb4	92	80	0	0	110406	P1-58-11	0	-
1046	168.983073	169.289062	Cb5	85	80	0	0	110406	P1-58-14	0	-
1047	168.989583	169.000000	B2	92	80	0	0	-1	*	3	-
1048	168.990885	169.250000	Eb3	92	80	0	0	110406	P1-58-24	0	-
1049	168.994792	169.779948	Eb2	89	80	0	0	110406	P1-58-23	0	-
1050	168.996094	170.109375	Eb4	83	80	0	0	110406	P1-58-12	0	-
1051	169.302083	169.447917	Cb4	97	80	0	0	110646	P1-58-15	0	-
1052	169.303385	169.589844	Cb5	89	80	0	0	110646	P1-58-16	0	-
1053	169.595052	169.764323	Cb5	74	80	0	0	110886	P1-58-18	0	-
1054	169.595052	169.759115	Cb4	80	80	0	0	110886	P1-58-17	0	-
1055	169.863281	170.169271	Ab1	81	80	0	0	-1	*	3	-
1056	169.864583	169.869792	Ab2	82	80	0	0	-1	*	3	-
1057	169.881510	170.066406	Cb4	82	80	0	0	111126	P1-58-19	0	-
1058	169.882812	170.158854	Cb5	77	80	0	0	111126	P1-58-20	0	-
1059	170.165365	172.069010	Cb5	78	80	0	0	111366	P1-59-4	0	-
1060	170.173177	171.438802	Cb4	86	80	0	0	111366	P1-59-1	0	-
1061	170.175781	170.539062	Ab4	85	80	0	0	111366	P1-59-3	0	-
1062	170.180990	170.459635	Ab1	88	80	0	0	111366	P1-59-12	0	-
1063	170.182292	170.432292	Ab2	94	80	0	0	111366	P1-59-13	0	-
1064	170.182292	170.539062	Eb4	81	80	0	0	111366	P1-59-2	0	-
1065	170.183594	170.188802	G#3	87	80	0	0	-1	*	3	-
1066	170.546875	170.792969	Ab3	95	80	0	0	-1	*	3	-
1067	170.550781	170.899740	Ab4	87	80	0	0	111606	P1-59-5	0	-
1068	170.552083	170.796875	Ab2	93	80	0	0	-1	*	3	-
1069	170.553385	172.399740	Eb4	80	80	0	0	-1	*	3	-
1070	170.554688	170.795573	Ab1	81	80	0	0	-1	*	3	-
1071	170.911458	171.104167	Ab3	87	80	0	0	-1	*	3	-
1072	170.912760	172.419271	Ab4	81	80	0	0	111846	P1-59-6	0	-
1073	170.916667	171.109375	Ab2	84	80	0	0	-1	*	3	-
1074	170.921875	171.104167	Ab1	73	80	0	0	-1	*	3	-
1075	171.226562	171.416667	Ab3	82	80	0	0	112086	P1-59-7	1	-
1076	171.233073	171.424479	G#2	75	80	0	0	-1	*	3	-
1077	171.529948	171.739583	Ab3	92	80	0	0	112326	P1-59-8	1	-
1078	171.552083	171.742188	G#2	85	80	0	0	-1	*	3	-
1079	171.847656	172.046875	Ab3	92	80	0	0	112566	P1-59-9	1	-
1080	171.854167	172.052083	G#2	83	80	0	0	-1	*	3	-
1081	172.167969	172.361979	Ab3	96	80	0	0	112806	P1-59-10	1	-
1082	172.171875	172.367188	G#2	80	80	0	0	-1	*	3	-
1083	172.480469	172.699219	Ab3	92	80	0	0	113046	P1-59-11	1	-
1084	172.483073	172.759115	Ab2	85	80	0	0	-1	*	3	-
1085	172.497396	172.559896	G#1	60	80	0	0	-1	*	3	-
1086	172.634115	172.799479	Gb2	86	80	0	0	-1	*	3	-
1087	172.848958	173.929688	Gb3	82	80	0	0	113286	P1-60-15	0	-
1088	172.873698	173.299479	Gb2	85	80	0	0	113286	P1-60-13	0	-
1089	172.875000	173.968750	C4	94	80	0	0	113286	P1-60-1	0	-
1090	172.884115	174.059896	C5	95	80	0	0	113286	P1-60-3	0	-
1091	172.886719	173.188802	Ab2	89	80	0	0	113286	P1-60-14	0	-
1092	172.893229	173.259115	Ab4	94	80	0	0	113286	P1-60-2	0	-
1093	173.352865	173.609375	Ab4	95	80	0	0	113526	P1-60-4	0	-
1094	173.398438	173.619792	Ab2	70	80	0	0	-1	*	3	-
1095	173.729167	173.928385	Ab4	99	80	0	0	113766	P1-60-5	0	-
1096	173.735677	173.919271	G#3	87	80	0	0	-1	*	3	-
1097	173.736979	173.920573	Ab2	78	80	0	0	-1	*	3	-
1098	174.035156	174.201823	Ab4	95	80	0	0	114006	P1-60-6	0	-
1099	174.036458	174.218750	Ab2	81	80	0	0	-1	*	3	-
1100	174.317708	174.763021	Db4	100	80	0	0	114246	P1-60-7	0	-
1101	174.320312	174.679688	Fb3	94	80	0	0	114246	P1-60-18	0	-
1102	174.324219	174.859375	G#1	89	80	0	0	-1	*	3	-
1103	174.325521	174.628906	Ab4	84	80	0	0	114246	P1-60-8	0	-
1104	174.325521	174.789062	Ab2	89	80	0	0	114246	P1-60-17	0	-
1105	174.325521	174.718750	Fb2	91	80	0	0	114246	P1-60-16	0	-
1106	174.329427	174.899740	E4	89	80	0	0	-1	*	3	-
1107	174.635417	174.776042	Ab4	97	80	0	0	114486	P1-60-10	0	-
1108	174.907552	175.083333	Ab4	93	80	0	0	114726	P1-60-11	0	-
1109	174.910156	175.067708	Ab2	88	80	0	0	114726	P1-60-20	0	-
1110	174.912760	175.149740	Db2	90	80	0	0	114726	P1-60-19	0	-
1111	175.190104	175.304688	Ab4	94	80	0	0	114966	P1-60-12	0	-
1112	175.194010	175.319010	Ab2	86	80	0	0	-1	*	3	-
1113	175.196615	175.296875	Ab1	88	80	0	0	-1	*	3	-
1114	175.457031	176.658854	Ab2	87	80	0	0	115206	P1-61-16	0	-
1115	175.460938	176.688802	Ab1	75	80	0	0	115206	P1-61-15	0	-
1116	175.539062	177.729167	Eb5	100	80	0	0	115206	P1-61-4	0	-
1117	175.544271	176.938802	Eb4	94	80	0	0	115206	P1-61-1	0	-
1118	175.553385	177.750000	Db5	92	80	0	0	115206	P1-61-3	0	-
1119	175.558594	175.759115	Ab4	81	80	0	0	115206	P1-61-2	0	-
1120	175.855469	176.059896	Ab4	69	80	0	0	115446	P1-61-5	0	-
1121	176.165365	176.286458	Ab4	85	80	0	0	115686	P1-61-6	0	-
1122	176.430990	176.587240	Ab4	72	80	0	0	115926	P1-61-7	0	-
1123	176.731771	176.885417	Ab4	82	80	0	0	116166	P1-61-9	0	-
1124	176.734375	176.959635	Ab1	54	80	0	0	116166	P1-61-8	1	-
1125	177.000000	177.156250	Ab4	80	80	0	0	116406	P1-61-12	0	-
1126	177.007812	177.158854	Eb4	53	80	0	0	-1	*	3	-
1127	177.276042	177.468750	Ab3	97	80	0	0	116646	P1-61-18	0	-
1128	177.278646	177.549479	Ab2	98	80	0	0	116646	P1-61-17	0	-
1129	177.282552	177.559896	Ab1	89	80	0	0	-1	*	3	-
1130	177.283854	177.509115	Ab4	88	80	0	0	116646	P1-61-13	0	-
1131	177.283854	177.699219	Eb4	88	80	0	0	-1	*	3	-
1132	177.587240	177.723958	Ab4	87	80	0	0	116886	P1-61-14	0	-
1133	177.833333	178.079427	Ab3	89	80	0	0	117126	P1-62-22	0	-
1134	177.834635	178.348958	G#2	84	80	0	0	-1	*	3	-
1135	177.834635	178.309896	Fb4	95	80	0	0	117126	P1-62-1	0	-
1136	177.835938	178.309896	Db3	90	80	0	0	117126	P1-62-21	0	-
1137	177.835938	178.339844	Fb5	97	80	0	0	117126	P1-62-4	0	-
1138	177.841146	178.079427	Ab4	90	80	0	0	117126	P1-62-2	0	-
1139	177.843750	178.279948	C#5	86	80	0	0	117126	P1-62-3	1	-
1140	178.144531	178.304688	Ab4	73	80	0	0	117366	P1-62-5	0	-
1141	178.415365	178.878906	Fb5	98	80	0	0	117606	P1-62-9	0	-
1142	178.417969	178.859375	Fb4	92	80	0	0	117606	P1-62-6	0	-
1143	178.423177	178.649740	Ab4	92	80	0	0	117606	P1-62-7	0	-
1144	178.424479	178.889323	Db5	90	80	0	0	117606	P1-62-8	0	-
1145	178.432292	178.759115	G#3	80	80	0	0	-1	*	3	-
1146	178.713542	178.882812	Ab4	86	80	0	0	117846	P1-62-10	0	-
1147	178.984375	179.449219	Eb5	98	80	0	0	118086	P1-62-14	0	-
1148	178.988281	179.419271	Eb4	93	80	0	0	118086	P1-62-11	0	-
1149	178.988281	179.539062	Ab3	94	80	0	0	118086	P1-62-24	0	-
1150	178.992188	179.218750	Ab4	88	80	0	0	118086	P1-62-12	0	-
1151	178.992188	180.188802	Ab2	95	80	0	0	118086	P1-62-23	0	-
1152	178.993490	179.468750	Db5	94	80	0	0	118086	P1-62-13	0	-
1153	179.283854	179.467448	Ab4	87	80	0	0	118326	P1-62-15	0	-
1154	179.583333	179.989583	Eb5	95	80	0	0	118566	P1-62-19	0	-
1155	179.585938	179.782552	Eb4	92	80	0	0	118566	P1-62-16	0	-
1156	179.585938	179.949219	C5	85	80	0	0	118566	P1-62-18	0	-
1157	179.588542	179.791667	Ab4	90	80	0	0	118566	P1-62-17	0	-
1158	179.903646	180.128906	Ab4	93	80	0	0	118806	P1-62-20	0	-
1159	179.903646	180.109375	Eb4	83	80	0	0	118806	*	3	-
1160	180.302083	181.149740	Db5	96	80	0	0	119046	P1-63-3	0	-
1161	180.304688	182.639323	Db4	96	80	0	0	119046	P1-63-1	0	-
1162	180.309896	180.500000	Ab4	92	80	0	0	119046	P1-63-2	0	-
1163	180.315104	181.759115	A2	82	80	0	0	119046	P1-63-11	0	-
1164	180.317708	181.739583	A3	89	80	0	0	119046	P1-63-12	0	-
1165	180.665365	181.039062	Ab4	94	80	0	0	119286	P1-63-4	0	-
1166	181.180990	181.438802	Gb4	93	80	0	0	119526	P1-63-5	0	-
1167	181.524740	182.019531	Gb4	97	80	0	0	119766	P1-63-6	0	-
1168	181.832031	182.119792	Ab4	97	80	0	0	120006	P1-63-7	0	-
1169	181.841146	182.449219	Ab3	85	80	0	0	120006	P1-63-14	0	-
1170	181.841146	182.769531	Ab2	79	80	0	0	120006	P1-63-13	0	-
1171	182.132812	182.549479	Ab4	102	80	0	0	120246	P1-63-8	0	-
1172	182.394531	183.079427	Gb3	80	80	0	0	120486	P1-63-16	0	-
1173	182.394531	182.889323	Gb2	79	80	0	0	120486	P1-63-15	0	-
1174	182.419271	182.669271	A4	94	80	0	0	120486	P1-63-9	0	-
1175	182.683594	183.019531	A4	92	80	0	0	120726	P1-63-10	0	-
1176	182.692708	182.799479	Ab3	66	80	0	0	120966	*	3	-
1177	182.933594	183.984375	Ab2	65	80	0	0	120966	P1-64-18	0	-
1178	182.940104	182.949219	G#1	62	80	0	0	120966	*	3	-
1179	182.990885	184.119792	Ab4	89	80	0	0	120966	P1-64-3	0	-
1180	182.994792	184.119792	Eb4	71	80	0	0	120966	P1-64-2	0	-
1181	183.002604	184.069010	C4	70	80	0	0	120966	P1-64-1	0	-
1182	183.003906	183.319010	Ab3	81	80	0	0	120966	P1-64-10	0	-
1183	183.325521	183.619792	Ab3	55	80	0	0	121206	P1-64-11	0	-
1184	183.631510	183.799479	Ab3	55	80	0	0	121446	P1-64-12	0	-
1185	183.908854	184.032552	Ab3	56	80	0	0	121686	P1-64-13	0	-
1186	183.976562	185.359375	Db2	51	80	0	0	121926	P1-64-19	0	-
1187	184.118490	185.319010	Ab2	56	80	0	0	121926	P1-64-20	0	-
1188	184.251302	184.519531	Ab3	63	80	0	0	121926	P1-64-14	0	-
1189	184.252604	184.709635	Ab4	73	80	0	0	121926	P1-64-6	0	-
1190	184.255208	184.718750	Db4	53	80	0	0	121926	P1-64-4	0	-
1191	184.255208	185.158854	Fb4	58	80	0	0	121926	P1-64-5	0	-
1192	184.597656	184.779948	Ab3	56	80	0	0	122166	P1-64-15	0	-
1193	184.875000	185.359375	Ab4	73	80	0	0	122406	P1-64-9	0	-
1194	184.894531	185.419271	Db4	65	80	0	0	122406	P1-64-8	0	-
1195	184.898438	185.378906	Bb3	70	80	0	0	122406	P1-64-7	0	-
1196	184.911458	185.109375	Ab3	62	80	0	0	122406	P1-64-16	0	-
1197	185.170573	185.348958	Ab3	64	80	0	0	122646	P1-64-17	0	-
1198	185.453125	185.869792	Ab2	78	80	0	0	122886	P1-65-22	0	-
1199	185.454427	185.679688	Ab3	79	80	0	0	122886	P1-65-13	0	-
1200	185.455729	185.889323	Ab1	72	80	0	0	122886	P1-65-21	0	-
1201	185.455729	185.938802	Ab4	83	80	0	0	122886	P1-65-3	0	-
1202	185.460938	185.859375	C4	74	80	0	0	122886	P1-65-1	0	-
1203	185.467448	185.929688	Eb4	70	80	0	0	122886	P1-65-2	0	-
1204	185.742188	185.959635	Ab3	79	80	0	0	123126	P1-65-14	0	-
1205	185.895833	187.709635	Db2	73	80	0	0	123366	P1-65-23	0	-
1206	186.005208	187.628906	Ab2	65	80	0	0	123366	P1-65-24	0	-
1207	186.083333	186.559896	Fb4	78	80	0	0	123366	P1-65-5	0	-
1208	186.084635	186.509115	Ab4	73	80	0	0	123366	P1-65-6	0	-
1209	186.084635	186.549479	Db4	77	80	0	0	123366	P1-65-4	0	-
1210	186.084635	186.299479	Ab3	76	80	0	0	123366	P1-65-15	0	-
1211	186.393229	186.503906	Ab3	74	80	0	0	123606	P1-65-16	0	-
1212	186.652344	187.119792	Ab4	86	80	0	0	123846	P1-65-9	0	-
1213	186.662760	187.119792	Db4	75	80	0	0	123846	P1-65-8	0	-
1214	186.671875	187.059896	Bb3	80	80	0	0	123846	P1-65-7	0	-
1215	186.674479	187.109375	E4	65	80	0	0	-1	*	3	-
1216	186.945312	187.082031	Ab3	72	80	0	0	124086	P1-65-18	0	-
1217	187.217448	187.675781	Fb4	79	80	0	0	124326	P1-65-11	0	-
1218	187.221354	187.709635	Db4	78	80	0	0	124326	P1-65-10	0	-
1219	187.222656	187.699219	Ab4	83	80	0	0	124326	P1-65-12	0	-
1220	187.223958	187.393229	Ab3	74	80	0	0	124326	P1-65-19	0	-
1221	187.503906	187.653646	Ab3	88	80	0	0	124566	P1-65-20	0	-
1222	187.786458	188.309896	Fb4	75	80	0	0	124806	P1-66-2	0	-
1223	187.789062	188.339844	Db4	78	80	0	0	124806	P1-66-1	0	-
1224	187.791667	188.309896	Ab4	86	80	0	0	124806	P1-66-3	0	-
1225	187.791667	188.009115	Ab3	81	80	0	0	124806	P1-66-13	0	-
1226	187.800781	188.289062	Ab2	78	80	0	0	124806	P1-66-22	0	-
1227	187.815104	188.408854	Db2	69	80	0	0	124806	P1-66-21	0	-
1228	188.095052	188.319010	Ab3	69	80	0	0	125046	P1-66-14	0	-
1229	188.434896	188.769531	Ab4	91	80	0	0	125286	P1-66-6	0	-
1230	188.436198	188.678385	Ab3	80	80	0	0	125286	P1-66-15	0	-
1231	188.441406	189.098958	C4	76	80	0	0	125286	P1-66-4	0	-
1232	188.445312	189.079427	Eb4	77	80	0	0	125286	P1-66-5	0	-
1233	188.445312	189.039062	Ab2	78	80	0	0	125286	P1-66-24	0	-
1234	188.467448	189.729167	Ab1	71	80	0	0	125286	P1-66-23	0	-
1235	188.783854	189.139323	G#4	79	80	0	0	125526	*	3	-
1236	188.785156	189.059896	Ab3	82	80	0	0	125526	P1-66-16	0	-
1237	189.229167	189.718750	Ab4	93	80	0	0	125766	P1-66-9	0	-
1238	189.229167	189.819010	Gb4	94	80	0	0	125766	P1-66-8	0	-
1239	189.233073	189.729167	Eb4	79	80	0	0	125766	P1-66-7	0	-
1240	189.236979	189.468750	Ab3	82	80	0	0	125766	P1-66-17	0	-
1241	189.554688	189.684896	Ab3	77	80	0	0	126006	P1-66-18	0	-
1242	189.847656	190.022135	Ab3	82	80	0	0	126246	P1-66-19	0	-
1243	189.847656	190.299479	Fb4	73	80	0	0	126246	P1-66-11	0	-
1244	189.847656	190.408854	Db4	76	80	0	0	126246	P1-66-10	0	-
1245	189.847656	190.359375	Ab4	83	80	0	0	126246	P1-66-12	0	-
1246	189.855469	190.029948	Ab2	78	80	0	0	126246	P1-66-26	0	-
1247	189.873698	190.059896	Db2	76	80	0	0	126246	P1-66-25	0	-
1248	190.140625	190.348958	Ab3	80	80	0	0	126486	P1-66-20	0	-
1249	190.152344	190.289062	Ab2	73	80	0	0	126726	*	3	-
1250	190.165365	190.339844	Ab1	58	80	0	0	126726	*	3	-
1251	190.283854	190.378906	Eb2	73	80	0	0	126726	*	3	-
1252	190.420573	190.658854	Ab2	86	80	0	0	126726	*	3	-
1253	190.420573	191.049479	Ab1	83	80	0	0	126726	*	3	-
1254	190.424479	190.628906	Ab3	80	80	0	0	126726	*	3	-
1255	190.425781	191.059896	Ab4	81	80	0	0	126726	*	3	-
1256	190.430990	191.718750	C4	67	80	0	0	126726	P1-67-1	0	-
1257	190.434896	191.029948	Eb4	68	80	0	0	126726	P1-67-2	0	-
1258	190.753906	190.992188	Ab3	86	80	0	0	126726	*	3	-
1259	190.759115	191.000000	Ab2	76	80	0	0	126726	*	3	-
1260	191.144531	191.699219	Ab4	74	80	0	0	126726	P1-67-3	0	-
1261	191.147135	191.329427	Ab3	82	80	0	0	126726	P1-67-4	0	-
1262	191.152344	191.330729	Ab2	73	80	0	0	126726	P1-67-13	0	-
1263	191.154948	191.324219	Ab1	61	80	0	0	126726	P1-67-12	0	-
1264	191.454427	191.622396	Ab3	74	80	0	0	127206	P1-67-6	0	-
1265	191.485677	191.630208	Ab2	68	80	0	0	-1	*	3	-
1266	191.755208	191.928385	Ab3	75	80	0	0	127446	P1-67-7	0	-
1267	191.764323	191.928385	Ab2	74	80	0	0	-1	*	3	-
1268	191.772135	191.915365	Ab1	59	80	0	0	-1	*	3	-
1269	192.054688	192.235677	Ab3	70	80	0	0	127686	P1-67-8	0	-
1270	192.085938	192.242188	G#2	66	80	0	0	-1	*	3	-
1271	192.093750	192.240885	G#1	55	80	0	0	-1	*	3	-
1272	192.359375	192.472656	Ab3	81	80	0	0	127926	P1-67-9	0	-
1273	192.363281	192.484375	G#2	77	80	0	0	-1	*	3	-
1274	192.617188	192.799479	G#2	73	80	0	0	-1	*	3	-
1275	192.618490	192.799479	Ab3	86	80	0	0	128166	P1-67-10	0	-
1276	192.750000	192.809896	Gb3	76	80	0	0	128406	P1-67-11	1	-
1277	192.752604	192.979167	Gb2	86	80	0	0	-1	*	3	-
1278	193.023438	193.358073	Gb3	81	80	0	0	-1	*	3	-
1279	193.083333	194.029948	C4	98	80	0	0	128646	P1-68-1	0	-
1280	193.087240	193.419271	Ab4	91	80	0	0	128646	P1-68-3	0	-
1281	193.091146	193.769531	Eb4	91	80	0	0	128646	P1-68-2	0	-
1282	193.484375	193.725260	Ab4	91	80	0	0	128886	P1-68-5	0	-
1283	193.485677	193.718750	G#3	84	80	0	0	128646	P1-68-16	1	-
1284	193.492188	193.721354	Ab2	81	80	0	0	128646	P1-68-15	0	-
1285	193.834635	194.023438	Ab4	99	80	0	0	129126	P1-68-6	0	-
1286	193.843750	194.018229	Ab2	81	80	0	0	128886	P1-68-17	0	-
1287	193.845052	194.014323	G#3	86	80	0	0	-1	*	3	-
1288	194.126302	194.319010	Ab2	84	80	0	0	129126	P1-68-18	0	-
1289	194.130208	194.269531	G#3	92	80	0	0	-1	*	3	-
1290	194.130208	194.260417	Ab4	99	80	0	0	129366	P1-68-7	0	-
1291	194.131510	194.319010	G#1	78	80	0	0	-1	*	3	-
1292	194.423177	195.389323	Db5	98	80	0	0	129606	P1-68-10	0	-
1293	194.424479	194.938802	Db4	94	80	0	0	129606	P1-68-8	0	-
1294	194.428385	194.639323	Ab4	86	80	0	0	129606	P1-68-9	0	-
1295	194.434896	194.878906	Fb3	91	80	0	0	129606	P1-68-22	0	-
1296	194.437500	194.938802	Ab2	88	80	0	0	129606	P1-68-21	0	-
1297	194.437500	194.699219	Fb2	89	80	0	0	129606	P1-68-20	0	-
1298	194.735677	194.919271	Ab4	90	80	0	0	129846	P1-68-11	0	-
1299	195.001302	195.158854	Db3	88	80	0	0	130086	P1-68-25	0	-
1300	195.002604	195.162760	Ab4	96	80	0	0	130086	P1-68-12	0	-
1301	195.007812	195.598958	Db2	88	80	0	0	130086	P1-68-23	0	-
1302	195.279948	195.359375	Ab2	90	80	0	0	-1	*	3	-
1303	195.279948	195.589844	Ab4	96	80	0	0	130326	P1-68-13	0	-
1304	195.283854	195.598958	Ab1	90	80	0	0	-1	*	3	-
1305	195.610677	196.709635	Ab2	93	80	0	0	130566	P1-69-16	0	-
1306	195.611979	197.139323	Ab1	93	80	0	0	130566	P1-69-15	0	-
1307	195.613281	197.079427	Eb4	96	80	0	0	130566	P1-69-1	0	-
1308	195.615885	197.209635	Db5	91	80	0	0	130566	P1-69-3	0	-
1309	195.895833	196.046875	Ab4	76	80	0	0	130806	P1-69-5	0	-
1310	196.187500	196.352865	Ab4	92	80	0	0	131046	P1-69-6	0	-
1311	196.463542	196.613281	Ab4	83	80	0	0	131286	P1-69-7	0	-
1312	196.739583	196.891927	Ab4	82	80	0	0	131526	P1-69-8	0	-
1313	197.006510	197.157552	Ab4	90	80	0	0	131766	P1-69-9	0	-
1314	197.268229	197.468750	G#3	97	80	0	0	-1	*	3	-
1315	197.274740	197.609375	Ab2	98	80	0	0	132486	P1-70-22	0	-
1316	197.274740	197.919271	Eb5	92	80	0	0	132006	P1-69-13	0	-
1317	197.277344	197.589844	Ab4	89	80	0	0	132006	P1-69-11	0	-
1318	197.277344	197.750000	Eb4	93	80	0	0	132006	P1-69-10	0	-
1319	197.595052	197.753906	Ab4	78	80	0	0	132246	P1-69-14	0	-
1320	197.865885	198.419271	Fb5	98	80	0	0	132486	P1-70-4	0	-
1321	197.865885	198.399740	Fb4	94	80	0	0	132486	P1-70-1	0	-
1322	197.865885	198.139323	Ab4	93	80	0	0	132486	P1-70-2	0	-
1323	197.867188	198.250000	G#3	90	80	0	0	-1	*	3	-
1324	197.868490	198.859375	C#3	95	80	0	0	-1	*	3	-
1325	198.152344	198.429688	Ab4	83	80	0	0	132726	P1-70-5	0	-
1326	198.506510	199.039062	Fb5	98	80	0	0	132966	P1-70-9	0	-
1327	198.509115	199.000000	Fb4	95	80	0	0	132966	P1-70-6	0	-
1328	198.513021	198.979167	Db5	98	80	0	0	132966	P1-70-8	0	-
1329	198.515625	198.718750	Ab4	88	80	0	0	132966	P1-70-7	0	-
1330	198.519531	198.729167	G#3	80	80	0	0	132966	*	3	-
1331	198.794271	199.059896	Ab4	86	80	0	0	133206	P1-70-10	0	-
1332	199.139323	199.509115	Eb4	95	80	0	0	133446	P1-70-11	0	-
1333	199.141927	199.408854	Ab3	99	80	0	0	133446	P1-70-24	0	-
1334	199.144531	199.459635	Ab4	91	80	0	0	133446	P1-70-12	0	-
1335	199.144531	199.589844	Ab2	98	80	0	0	133446	P1-70-23	0	-
1336	199.145833	199.688802	Db5	92	80	0	0	133446	P1-70-13	0	-
1337	199.466146	199.779948	Ab4	68	80	0	0	133686	P1-70-15	0	-
1338	199.515625	199.718750	Eb4	35	80	0	0	-1	*	3	-
1339	199.888021	200.299479	Eb4	94	80	0	0	133926	P1-70-16	0	-
1340	199.889323	200.468750	Eb5	98	80	0	0	133926	P1-70-19	0	-
1341	199.894531	200.079427	G#3	82	80	0	0	-1	*	3	-
1342	199.894531	200.188802	Ab4	91	80	0	0	133926	P1-70-17	0	-
1343	199.901042	200.389323	C5	82	80	0	0	133926	P1-70-18	0	-
1344	200.233073	200.639323	Ab4	80	80	0	0	134166	P1-70-20	0	-
1345	200.285156	200.509115	F2	97	80	0	0	-1	*	3	-
1346	200.292969	200.509115	G#3	83	80	0	0	-1	*	3	-
1347	200.292969	200.539062	F1	94	80	0	0	-1	*	3	-
1348	200.294271	200.419271	Db4	77	80	0	0	-1	*	3	-
1349	200.294271	200.519531	C#2	97	80	0	0	-1	*	3	-
1350	200.855469	201.419271	Db4	93	80	0	0	134406	P1-71-1	0	-
1351	200.859375	202.369792	Db5	94	80	0	0	134406	P1-71-4	0	-
1352	200.863281	203.239583	C#3	97	80	0	0	-1	*	3	-
1353	200.863281	202.459635	F2	94	80	0	0	134406	P1-71-18	0	-
1354	200.864583	202.109375	F4	84	80	0	0	134406	P1-71-19	1	-
1355	200.869792	201.399740	C#2	96	80	0	0	-1	*	3	-
1356	200.873698	202.408854	F1	91	80	0	0	-1	*	3	-
1357	201.428385	201.713542	Db4	98	80	0	0	134646	P1-71-5	0	-
1358	201.841146	202.044271	Db4	95	80	0	0	134886	P1-71-6	0	-
1359	202.174479	202.382812	Db4	91	80	0	0	135126	P1-71-7	0	-
1360	202.536458	202.829427	Db4	88	80	0	0	135366	P1-71-8	0	-
1361	202.537760	203.039062	Gb3	83	80	0	0	135366	P1-71-21	0	-
1362	202.539062	203.128906	A4	87	80	0	0	135366	P1-71-10	0	-
1363	202.540365	203.119792	Db5	95	80	0	0	135366	P1-71-11	0	-
1364	202.541667	203.250000	Gb2	81	80	0	0	135366	P1-71-20	0	-
1365	202.542969	203.139323	F#4	87	80	0	0	135366	*	3	-
1366	202.548177	203.529948	F#1	76	80	0	0	135366	*	3	-
1367	202.915365	203.084635	Db4	79	80	0	0	135606	P1-71-12	0	-
1368	203.261719	203.539062	Db4	92	80	0	0	135846	P1-71-13	0	-
1369	203.263021	203.479167	F#2	73	80	0	0	135846	*	3	-
1370	203.263021	203.529948	Db5	97	80	0	0	135846	P1-71-16	0	-
1371	203.265625	203.579427	A4	84	80	0	0	135846	P1-71-15	0	-
1372	203.269531	203.899740	Gb4	84	80	0	0	135846	P1-71-14	0	-
1373	203.615885	204.029948	Db4	88	80	0	0	136086	P1-71-17	0	-
1374	203.636719	204.000000	C#1	72	80	0	0	136086	*	3	-
1375	204.136719	204.569010	Ab3	94	80	0	0	136326	P1-72-10	0	-
1376	204.136719	205.218750	Ab4	92	80	0	0	136326	P1-72-3	0	-
1377	204.147135	205.799479	Eb4	79	80	0	0	136326	P1-72-1	0	-
1378	204.148438	205.859375	Gb4	86	80	0	0	136326	P1-72-2	0	-
1379	204.149740	206.299479	G#2	93	80	0	0	136326	*	3	-
1380	204.151042	205.639323	C2	91	80	0	0	136326	P1-72-18	0	-
1381	204.152344	205.500000	C3	94	80	0	0	136326	P1-72-19	0	-
1382	204.580729	204.949219	Ab3	77	80	0	0	136566	P1-72-11	0	-
1383	204.963542	205.319010	Ab3	66	80	0	0	136806	P1-72-12	0	-
1384	205.326823	205.739583	Ab3	81	80	0	0	137046	P1-72-13	0	-
1385	205.734375	206.348958	Ab4	91	80	0	0	137286	P1-72-6	0	-
1386	205.742188	206.158854	Db4	81	80	0	0	137286	P1-72-4	0	-
1387	205.743490	206.029948	Db3	83	80	0	0	137286	P1-72-21	0	-
1388	205.744792	206.408854	C#1	75	80	0	0	137286	*	3	-
1389	205.744792	206.003906	Ab3	89	80	0	0	137286	P1-72-14	0	-
1390	205.748698	206.500000	Db2	76	80	0	0	137286	P1-72-20	0	-
1391	206.121094	206.329427	Ab3	64	80	0	0	137526	P1-72-15	0	-
1392	206.625000	206.929688	Ab3	80	80	0	0	137766	P1-72-16	0	-
1393	206.630208	207.250000	Bb4	87	80	0	0	137766	P1-72-9	0	-
1394	206.640625	207.319010	Fb4	68	80	0	0	137766	P1-72-8	0	-
1395	206.641927	207.339844	Bb3	80	80	0	0	137766	P1-72-7	1	-
1396	206.993490	207.329427	Ab3	57	80	0	0	-1	*	3	-
1397	207.144531	207.348958	Ab1	48	80	0	0	-1	*	3	-
1398	207.434896	208.519531	Bb4	85	80	0	0	-1	*	3	-
1399	207.437500	207.718750	Ab3	76	80	0	0	138006	P1-72-17	0	-
1400	207.442708	208.649740	Fb4	64	80	0	0	-1	*	3	-
1401	207.442708	207.658854	Ab2	73	80	0	0	-1	*	3	-
1402	207.445312	207.750000	Ab1	68	80	0	0	-1	*	3	-
1403	207.854167	208.069010	Ab3	48	80	0	0	-1	*	3	-
1404	207.855469	209.269531	Ab2	43	80	0	0	138246	P1-73-19	0	-
1405	207.861979	208.218750	Ab1	42	80	0	0	138246	P1-73-18	0	-
1406	208.225260	208.419271	Ab3	53	80	0	0	138246	P1-73-10	0	-
1407	208.227865	208.869792	Ab1	36	80	0	0	-1	*	3	-
1408	208.584635	208.729167	Ab3	44	80	0	0	138966	P1-73-13	0	-
1409	208.876302	209.378906	G#1	28	80	0	0	-1	*	3	-
1410	208.972656	209.628906	Ab4	62	80	0	0	139206	P1-73-6	0	-
1411	208.996094	209.539062	C4	49	80	0	0	139206	P1-73-4	0	-
1412	209.001302	209.259115	Ab3	46	80	0	0	139206	P1-73-14	0	-
1413	209.002604	209.459635	Eb4	41	80	0	0	139206	P1-73-5	0	-
1414	209.384115	209.539062	Ab3	42	80	0	0	139446	P1-73-15	0	-
1415	209.385417	209.889323	G#1	30	80	0	0	-1	*	3	-
1416	209.835938	210.529948	Bb4	76	80	0	0	139686	P1-73-9	0	-
1417	209.837240	210.179688	Ab3	70	80	0	0	139686	P1-73-16	0	-
1418	209.850260	210.539062	Fb4	58	80	0	0	139686	P1-73-8	0	-
1419	209.903646	210.199219	G#1	40	80	0	0	-1	*	3	-
1420	209.904948	209.919271	Db2	43	80	0	0	139686	P1-73-20	0	-
1421	210.300781	210.579427	Ab3	46	80	0	0	139926	P1-73-17	0	-
1422	210.308594	210.559896	Ab1	43	80	0	0	-1	*	3	-
1423	210.312500	210.329427	C#1	43	80	0	0	-1	*	3	-
1424	210.574219	210.718750	Ab1	34	80	0	0	-1	*	3	-
1425	210.794271	212.449219	Bb4	66	80	0	0	140166	P1-74-3	0	-
1426	210.803385	211.149740	Ab3	65	80	0	0	140166	P1-74-10	0	-
1427	210.822917	212.569010	Ab2	54	80	0	0	140166	P1-74-19	0	-
1428	210.822917	211.819010	Fb4	46	80	0	0	140166	P1-74-2	0	-
1429	210.848958	211.089844	Ab1	44	80	0	0	140166	P1-74-18	0	-
1430	211.102865	212.449219	Ab1	32	80	0	0	-1	*	3	-
1431	211.244792	211.500000	Ab3	50	80	0	0	140406	P1-74-11	0	-
1432	211.647135	211.848958	Ab3	49	80	0	0	140646	P1-74-12	0	-
1433	212.014323	212.209635	Ab3	39	80	0	0	140886	P1-74-13	0	-
1434	212.424479	213.209635	Ab4	51	80	0	0	141126	P1-74-6	0	-
1435	212.457031	213.709635	G#1	34	80	0	0	141126	P1-74-14	1	-
1436	212.460938	213.109375	C4	33	80	0	0	141126	P1-74-4	0	-
1437	212.462240	212.938802	Eb4	30	80	0	0	141126	P1-74-5	0	-
1438	212.841146	213.019531	Ab3	32	80	0	0	141366	P1-74-15	0	-
1439	213.291667	214.309896	Bb4	59	80	0	0	141606	P1-74-9	0	-
1440	213.300781	213.609375	Ab3	39	80	0	0	141606	P1-74-16	0	-
1441	213.308594	215.359375	Fb4	38	80	0	0	141606	P1-74-8	0	-
1442	213.351562	213.709635	Db2	31	80	0	0	-1	*	3	-
1443	213.752604	214.158854	Ab3	39	80	0	0	141846	P1-74-17	0	-
1444	213.889323	214.019531	Ab1	33	80	0	0	-1	*	3	-
1445	214.033854	214.128906	Ab1	25	80	0	0	-1	*	3	-
1446	214.135417	214.329427	Ab1	28	80	0	0	-1	*	3	-
1447	214.317708	215.348958	Bb4	44	80	0	0	142086	P1-75-5	0	-
1448	214.334635	214.468750	Ab1	30	80	0	0	142086	P1-75-17	0	-
1449	214.341146	214.598958	Ab3	32	80	0	0	142086	P1-75-2	0	-
1450	214.475260	214.869792	Ab2	31	80	0	0	142086	P1-75-18	0	-
1451	214.475260	214.688802	Ab1	31	80	0	0	-1	*	3	-
1452	214.700521	215.339844	Ab1	17	80	0	0	-1	*	3	-
1453	214.846354	215.098958	Ab3	34	80	0	0	-1	*	3	-
1454	215.335938	217.509115	Ab4	37	80	0	0	142566	P1-75-10	0	-
1455	215.345052	217.309896	C4	23	80	0	0	142566	P1-75-8	0	-
1456	215.345052	215.549479	G#1	27	80	0	0	142566	*	3	-
1457	215.346354	215.609375	Ab3	26	80	0	0	142566	P1-75-7	0	-
1458	215.354167	215.639323	Ab2	26	80	0	0	142566	P1-75-19	0	-
1459	215.822917	216.029948	Ab3	23	80	0	0	142806	P1-75-11	0	-
1460	216.269531	216.489583	Ab3	23	80	0	0	143046	P1-75-12	0	-
1461	216.683594	217.229167	F3	30	80	0	0	143286	P1-75-21	0	-
1462	216.703125	217.250000	Ab3	28	80	0	0	143286	P1-75-13	0	-
1463	217.225260	217.919271	Gb3	36	80	0	0	143526	P1-75-22	0	-
1464	217.261719	217.539062	Ab3	28	80	0	0	143526	P1-75-14	0	-
1465	217.761719	217.894531	Ab3	25	80	0	0	143766	P1-75-15	0	-
1466	217.829427	218.250000	Eb3	30	80	0	0	143766	P1-75-23	0	-
1467	218.407552	219.378906	Db3	27	80	0	0	144006	P1-76-5	0	-
1468	218.574219	220.000000	F5	42	80	0	0	144006	P1-76-1	0	-
1469	219.173177	219.598958	Ab3	21	80	0	0	144246	P1-76-6	0	-
1470	219.419271	220.759115	Db5	46	80	0	0	144366	P1-76-2	0	-
1471	219.704427	221.619792	F4	28	80	0	0	144486	P1-76-8	0	-
1472	219.742188	221.289062	Db4	19	80	0	0	144486	P1-76-7	0	-
1473	219.805990	219.908854	G#3	26	80	0	0	144486	*	3	-
1474	219.813802	221.389323	Ab4	38	80	0	0	144486	P1-76-3	0	-
1475	220.167969	220.273438	Ab3	28	80	0	0	144726	P1-76-9	0	-
1476	220.537760	220.625000	Ab3	36	80	0	0	144966	P1-76-10	0	-
1477	220.865885	221.009115	Ab3	32	80	0	0	145206	P1-76-11	0	-
1478	221.212240	221.989583	Bb4	53	80	0	0	145446	P1-76-4	0	-
1479	221.220052	221.389323	Ab3	31	80	0	0	145446	P1-76-12	0	-
1480	221.574219	222.000000	Ab3	24	80	0	0	145686	P1-76-13	0	-
1481	221.925781	224.259115	Gb4	34	80	0	0	145926	P1-77-4	0	-
1482	221.932292	224.119792	C5	48	80	0	0	145926	P1-77-1	0	-
1483	222.250000	222.334635	Ab3	36	80	0	0	146166	P1-77-5	0	-
1484	222.621094	222.697917	Ab3	33	80	0	0	146406	P1-77-6	0	-
1485	222.968750	223.319010	Ab3	30	80	0	0	146646	P1-77-7	0	-
1486	223.309896	223.889323	Bb3	29	80	0	0	146886	P1-77-8	0	-
1487	223.643229	224.059896	Ab3	25	80	0	0	147126	P1-77-9	0	-
1488	224.005208	224.819010	Db5	66	80	0	0	147366	P1-77-2	0	-
1489	224.046875	224.559896	Db4	27	80	0	0	147366	P1-77-10	0	-
1490	224.338542	224.889323	Ab3	38	80	0	0	147606	P1-77-12	0	-
1491	224.537760	224.878906	C4	41	80	0	0	147846	P1-78-9	0	-
1492	224.697917	225.199219	Gb4	39	80	0	0	147846	P1-78-1	0	-
1493	224.776042	225.589844	Eb5	58	80	0	0	147846	P1-78-2	0	-
1494	224.889323	225.718750	C4	29	80	0	0	147846	P1-78-9	0	-
1495	225.118490	226.045573	Ab3	31	80	0	0	148086	P1-78-10	0	-
1496	225.423177	226.019531	F5	64	80	0	0	148206	P1-78-4	0	-
1497	225.459635	226.179688	Ab4	33	80	0	0	148206	P1-78-3	0	-
1498	225.970052	227.119792	Bb4	43	80	0	0	148326	P1-78-5	0	-
1499	225.975260	227.378906	Gb5	55	80	0	0	148326	P1-78-6	0	-
1500	226.319010	226.397135	Ab3	35	80	0	0	148566	P1-78-11	0	-
1501	226.688802	226.755208	Ab3	28	80	0	0	148806	P1-78-12	0	-
1502	226.984375	227.359375	Ab3	29	80	0	0	149046	P1-78-13	0	-
1503	227.295573	227.878906	Ab4	34	80	0	0	149286	P1-78-7	0	-
1504	227.338542	227.809896	Db4	26	80	0	0	149286	P1-78-14	0	-
1505	227.339844	228.128906	F5	52	80	0	0	149286	P1-78-8	0	-
1506	227.625000	228.119792	Ab3	24	80	0	0	149526	P1-78-15	0	-
1507	227.828125	228.628906	C4	43	80	0	0	149766	P1-79-18	0	-
1508	228.014323	228.688802	Ab4	41	80	0	0	149766	P1-79-17	0	-
1509	228.136719	229.658854	F5	55	80	0	0	149766	P1-79-1	0	-
1510	228.424479	228.829427	Ab3	23	80	0	0	150006	P1-79-19	0	-
1511	228.781250	229.369792	Gb4	41	80	0	0	150246	P1-79-2	0	-
1512	228.842448	229.109375	Ab3	15	80	0	0	150486	*	3	-
1513	229.115885	229.299479	Ab3	27	80	0	0	150486	P1-79-21	0	-
1514	229.122396	229.718750	Eb5	48	80	0	0	150486	P1-79-4	0	-
1515	229.523438	230.158854	F4	23	80	0	0	150726	P1-79-23	0	-
1516	229.555990	230.209635	Db4	27	80	0	0	150726	P1-79-22	0	-
1517	229.614583	229.699219	G#3	25	80	0	0	150726	*	3	-
1518	229.617188	230.239583	Db5	52	80	0	0	150726	P1-79-5	0	-
1519	229.958333	230.779948	Ab3	34	80	0	0	150966	P1-79-24	0	-
1520	230.213542	230.427083	D5	49	80	0	0	151086	P1-79-6	0	-
1521	230.221354	231.139323	C4	33	80	0	0	151206	P1-79-25	0	-
1522	230.386719	231.399740	Gb4	30	80	0	0	151206	P1-79-26	0	-
1523	230.442708	230.565104	Eb5	48	80	0	0	151206	P1-79-7	0	-
1524	230.585938	230.704427	F5	45	80	0	0	151254	P1-79-8	0	-
1525	230.716146	230.800781	Eb5	58	80	0	0	151302	P1-79-9	0	-
1526	230.868490	230.928385	D5	50	80	0	0	151350	P1-79-10	0	-
1527	230.946615	231.011719	Eb5	50	80	0	0	151398	P1-79-11	0	-
1528	231.063802	231.949219	Ab3	34	80	0	0	151446	P1-79-27	0	-
1529	231.066406	231.134115	Fb5	47	80	0	0	151446	P1-79-12	0	-
1530	231.207031	231.264323	F5	53	80	0	0	151494	P1-79-13	0	-
1531	231.326823	231.442708	Ab5	56	80	0	0	151542	P1-79-14	0	-
1532	231.330729	231.389323	F5	50	80	0	0	151590	*	3	-
1533	231.484375	231.628906	G5	54	80	0	0	151590	P1-79-15	0	-
1534	231.630208	231.733073	Gb5	51	80	0	0	151638	P1-79-16	0	-
1535	231.785156	232.559896	F5	42	80	0	0	151686	P1-80-1	0	-
1536	231.794271	232.509115	Db3	31	80	0	0	151686	P1-80-5	0	-
1537	232.348958	233.000000	Ab3	26	80	0	0	151926	P1-80-6	0	-
1538	232.545573	233.049479	Db5	45	80	0	0	152046	P1-80-2	0	-
1539	232.825521	234.819010	F4	25	80	0	0	152166	P1-80-8	0	-
1540	232.855469	234.729167	Db4	16	80	0	0	152166	P1-80-7	0	-
1541	232.925781	234.598958	Ab4	45	80	0	0	152166	P1-80-3	0	-
1542	233.329427	233.424479	Ab3	22	80	0	0	152406	P1-80-9	0	-
1543	233.695312	233.790365	Ab3	26	80	0	0	152646	P1-80-10	0	-
1544	234.044271	234.135417	Ab3	34	80	0	0	152886	P1-80-11	0	-
1545	234.414062	234.502604	Ab3	31	80	0	0	153126	P1-80-12	0	-
1546	234.414062	235.239583	Bb4	41	80	0	0	153126	P1-80-4	0	-
1547	234.795573	235.369792	Ab3	28	80	0	0	153366	P1-80-13	0	-
1548	235.194010	239.039062	Gb4	31	80	0	0	153606	P1-81-4	0	-
1549	235.199219	240.938802	C5	41	80	0	0	153606	P1-81-1	0	-
1550	235.203125	237.489583	Eb4	26	80	0	0	153606	P1-81-3	0	-
1551	235.652344	235.739583	Ab3	36	80	0	0	153846	P1-81-5	0	-
1552	236.210938	236.303385	Ab3	32	80	0	0	154086	P1-81-6	0	-
1553	236.671875	236.959635	Ab3	33	80	0	0	154326	P1-81-7	0	-
1554	237.446615	238.979167	Bb3	34	80	0	0	154566	P1-81-8	0	-
1555	238.897135	241.348958	Ab3	16	80	0	0	154806	P1-81-9	0	-
1556	241.783854	243.968750	Bb5	81	80	0	0	155046	P1-81-2	0	-
1557	243.550781	244.509115	Ab5	84	80	0	0	156006	P1-82-2	0	-
1558	244.184896	244.919271	Gb5	75	80	0	0	156486	P1-82-3	0	-
1559	244.683594	245.309896	C5	68	80	0	0	156966	P1-82-4	0	-
1560	245.210938	246.059896	F5	58	80	0	0	157446	P1-83-1	0	-
1561	245.916667	246.541667	Eb5	47	80	0	0	157926	P1-83-2	0	-
1562	246.532552	247.279948	Db5	44	80	0	0	158406	P1-83-3	0	-
1563	247.123698	247.938802	Bb4	43	80	0	0	158886	P1-83-4	0	-
1564	247.678385	249.848958	Ab2	26	80	0	0	159366	P1-84-13	0	-
1565	247.863281	250.509115	Gb4	41	80	0	0	159366	P1-84-3	0	-
1566	247.884115	248.789062	Bb3	34	80	0	0	159366	P1-84-1	0	-
1567	247.894531	249.389323	Eb4	28	80	0	0	159366	P1-84-2	0	-
1568	248.287760	248.449219	Ab3	30	80	0	0	159606	P1-84-6	0	-
1569	248.673177	248.756510	Ab3	29	80	0	0	159846	P1-84-7	0	-
1570	249.006510	249.084635	Ab3	26	80	0	0	160086	P1-84-8	0	-
1571	249.317708	250.119792	C4	31	80	0	0	160326	P1-84-4	0	-
1572	249.354167	249.444010	Ab3	14	80	0	0	160326	P1-84-9	0	-
1573	249.671875	249.755208	Ab3	30	80	0	0	160566	P1-84-10	0	-
1574	250.015625	250.092448	Ab3	28	80	0	0	160806	P1-84-11	0	-
1575	250.346354	250.949219	Ab3	29	80	0	0	161046	P1-84-12	0	-
1576	250.583333	254.059896	Db3	24	80	0	0	161286	P1-85-16	0	-
1577	250.800781	252.938802	F4	36	80	0	0	161286	P1-85-2	0	-
1578	250.803385	251.329427	Db4	26	80	0	0	161286	P1-85-1	0	-
1579	251.188802	251.294271	Ab3	31	80	0	0	161526	P1-85-9	0	-
1580	251.580729	251.707031	Ab3	31	80	0	0	161766	P1-85-10	0	-
1581	251.904948	252.069010	Ab3	27	80	0	0	162006	P1-85-11	0	-
1582	252.252604	252.789062	Ab3	31	80	0	0	162246	P1-85-12	0	-
1583	252.554688	253.389323	Db4	61	80	0	0	162486	P1-85-5	0	-
1584	252.992188	253.279948	Ab3	25	80	0	0	162726	P1-85-14	0	-
1585	253.109375	253.658854	Eb4	54	80	0	0	162726	P1-85-6	0	-
1586	253.434896	254.269531	Ab3	29	80	0	0	162966	P1-85-15	0	-
1587	253.625000	253.829427	Db4	54	80	0	0	163086	P1-85-7	0	-
1588	253.842448	254.619792	Db4	39	80	0	0	163206	P1-86-1	0	-
1589	254.006510	256.319010	Eb4	42	80	0	0	163206	P1-86-2	0	-
1590	254.223958	256.399740	Gb4	45	80	0	0	163206	P1-86-15	1	-
1591	254.548177	255.098958	Ab3	21	80	0	0	163446	P1-86-8	0	-
1592	254.891927	255.919271	C4	42	80	0	0	163686	P1-86-4	0	-
1593	255.264323	255.408854	Ab3	23	80	0	0	163926	P1-86-10	0	-
1594	255.656250	255.968750	Ab3	16	80	0	0	164166	P1-86-11	0	-
1595	255.751302	257.339844	Bb4	40	80	0	0	164166	P1-86-5	0	-
1596	256.182292	256.519531	Ab3	16	80	0	0	164406	P1-86-12	0	-
1597	256.625000	256.759115	Ab3	26	80	0	0	164646	P1-86-13	0	-
1598	256.627604	258.319010	C4	34	80	0	0	164646	P1-86-6	0	-
1599	256.967448	257.509115	Ab3	24	80	0	0	164886	P1-86-14	0	-
1600	257.338542	259.878906	Gb4	37	80	0	0	165126	P1-87-3	0	-
1601	257.351562	259.079427	Eb4	28	80	0	0	165126	P1-87-2	0	-
1602	257.766927	257.873698	Ab3	30	80	0	0	165366	P1-87-5	0	-
1603	258.135417	258.210938	Ab3	20	80	0	0	165606	P1-87-6	0	-
1604	258.475260	258.565104	Ab3	26	80	0	0	165846	P1-87-7	0	-
1605	258.865885	258.960938	Ab3	27	80	0	0	166086	P1-87-8	0	-
1606	259.283854	259.468750	Ab3	21	80	0	0	166326	P1-87-9	0	-
1607	259.735677	259.825521	Ab3	27	80	0	0	166566	P1-87-10	0	-
1608	260.123698	260.389323	Ab3	28	80	0	0	166806	P1-87-11	0	-
1609	260.389323	262.500000	Db3	20	80	0	0	167046	P1-88-11	0	-
1610	260.584635	260.949219	Ab3	23	80	0	0	167046	P1-88-3	0	-
1611	260.615885	264.688802	F4	29	80	0	0	167046	P1-88-2	0	-
1612	260.634115	264.500000	Db4	28	80	0	0	167046	P1-88-1	0	-
1613	261.144531	261.419271	Ab3	31	80	0	0	167286	P1-88-4	0	-
1614	261.638021	261.744792	Ab3	23	80	0	0	167526	P1-88-5	0	-
1615	262.102865	262.859375	Ab3	27	80	0	0	167766	P1-88-6	0	-
1616	262.632812	264.259115	Ab2	32	80	0	0	168006	P1-88-12	0	-
1617	263.183594	263.438802	Ab3	26	80	0	0	168246	P1-88-8	0	-
1618	263.792969	264.179688	Ab3	28	80	0	0	168486	P1-88-9	0	-
1619	264.462240	266.779948	Ab3	20	80	0	0	168726	P1-88-10	0	-
1620	265.811198	270.139323	F4	23	80	0	0	168966	P1-89-3	0	-
1621	265.824219	271.289062	Db2	22	80	0	0	168966	P1-89-4	0	-
1622	265.877604	267.739583	Db4	18	80	0	0	168966	P1-89-2	0	-
//Missing 0	P1-1-1
//Missing 0	P1-1-5
//Missing 1440	P1-1-13
//Missing 3360	P1-2-11
//Missing 5763	P1-4-14
//Missing 6720	P1-4-5
//Missing 11043	P1-6-11
//Missing 16803	P1-9-13
//Missing 17283	P1-10-6
//Missing 28083	P1-15-18
//Missing 28323	P1-15-19
//Missing 28323	P1-15-21
//Missing 31203	P1-17-15
//Missing 31203	P1-17-16
//Missing 31683	P1-17-19
//Missing 32163	P1-17-22
//Missing 36963	P1-20-8
//Missing 37923	P1-20-12
//Missing 37923	P1-20-13
//Missing 39843	P1-21-11
//Missing 42246	P1-23-13
//Missing 42963	P1-23-4
//Missing 51846	P1-28-1
//Missing 51846	P1-28-10
//Missing 52086	P1-28-2
//Missing 65526	P1-35-3
//Missing 65766	P1-35-5
//Missing 67206	P1-36-1
//Missing 79686	P1-42-13
//Missing 96726	P1-51-7
//Missing 96966	P1-51-8
//Missing 97926	P1-52-20
//Missing 98406	P1-52-22
//Missing 103206	P1-54-16
//Missing 103686	P1-55-2
//Missing 105606	P1-56-3
//Missing 107526	P1-57-2
//Missing 109206	P1-57-19
//Missing 110406	P1-58-13
//Missing 114246	P1-60-9
//Missing 114726	P1-60-21
//Missing 116166	P1-61-10
//Missing 116166	P1-61-11
//Missing 123846	P1-65-17
//Missing 128646	P1-68-4
//Missing 130566	P1-69-4
//Missing 132006	P1-69-12
//Missing 132486	P1-70-3
//Missing 133446	P1-70-14
//Missing 134406	P1-71-2
//Missing 137286	P1-72-5
//Missing 138246	P1-73-1
//Missing 138486	P1-73-11
//Missing 139686	P1-73-7
//Missing 139686	P1-73-21
//Missing 140166	P1-74-1
//Missing 141606	P1-74-7
//Missing 141606	P1-74-21
//Missing 142086	P1-75-3
//Missing 142086	P1-75-4
//Missing 142566	P1-75-9
//Missing 145926	P1-77-3
//Missing 147366	P1-77-11
//Missing 161286	P1-85-8
//Missing 162486	P1-85-13
//Missing 163206	P1-86-7
//Missing 163686	P1-86-9
//Missing 165126	P1-87-1
//Missing 165126	P1-87-4
//Missing 165126	P1-87-12
//Missing 168006	P1-88-7
//Missing 168966	P1-89-1
//Missing 16803	P1-9-14
//Missing 36843	P1-20-2
//Missing 52326	P1-28-3
//Missing 72846	P1-38-28
//Missing 82566	P1-44-1
//Missing 126966	P1-67-5
//Missing 128646	P1-68-14
//Missing 129366	P1-68-19
//Missing 130566	P1-69-2
//Missing 132486	P1-70-21
//Missing 134406	P1-71-3
//Missing 138246	P1-73-3
//Missing 138246	P1-73-2
//Missing 138726	P1-73-12
//Missing 141606	P1-74-20
//Missing 142326	P1-75-6
//Missing 163206	P1-86-3
