//Version: ScorePerfmMatch_v170503
// Score: ./Chopin_-_Raindrop_Prelude_hmm.txt
// Perfm: ./10378_spr.txt
// fmt3x: ./Chopin_-_Raindrop_Prelude_fmt3x.txt
0	1.207031	2.889323	F5	64	80	0	0	0	*	3	0
1	1.213542	1.218750	C#2	43	80	0	0	0	*	3	-
2	1.274740	2.628906	Db3	32	80	0	0	0	*	3	-
3	1.276042	2.389323	C#5	37	80	0	0	0	*	3	-
4	2.134115	3.079427	Ab3	36	80	0	0	240	P1-1-6	0	-
5	2.399740	2.889323	Db5	65	80	0	0	360	P1-1-2	0	-
6	2.796875	4.619792	Ab4	62	80	0	0	480	P1-1-3	0	-
7	2.845052	5.149740	F4	43	80	0	0	480	P1-1-8	0	-
8	2.854167	4.309896	Db4	36	80	0	0	480	P1-1-7	0	-
9	3.332031	3.494792	Ab3	39	80	0	0	720	P1-1-9	0	-
10	3.723958	3.855469	Ab3	46	80	0	0	960	P1-1-10	0	-
11	4.132812	4.699219	Ab3	50	80	0	0	1200	P1-1-11	0	-
12	4.553385	5.509115	Bb4	70	80	0	0	1440	P1-1-4	0	-
13	4.565104	5.098958	Db4	48	80	0	0	1440	P1-1-12	0	-
14	4.919271	5.250000	Ab3	46	80	0	0	1680	P1-1-14	0	-
15	5.423177	7.869792	C5	63	80	0	0	1920	P1-2-1	0	-
16	5.454427	7.938802	Gb4	47	80	0	0	1920	P1-2-4	0	-
17	5.475260	7.819010	Eb4	50	80	0	0	1920	P1-2-3	0	-
18	5.510417	5.839844	G#2	33	80	0	0	2160	P1-2-5	1	-
19	5.834635	5.924479	Ab3	46	80	0	0	2400	P1-2-6	0	-
20	6.199219	6.311198	Ab3	50	80	0	0	2640	*	3	-
21	6.584635	7.089844	Ab3	57	80	0	0	2640	P1-2-7	0	-
22	7.027344	7.519531	Bb3	50	80	0	0	2880	P1-2-8	0	-
23	7.097656	7.269531	Ab3	36	80	0	0	3120	*	3	-
24	7.424479	7.919271	Ab3	57	80	0	0	3120	P1-2-9	0	-
25	7.822917	8.729167	Db5	68	80	0	0	3360	P1-2-2	0	-
26	7.822917	8.468750	F4	54	80	0	0	3360	P1-2-11	0	-
27	7.822917	8.319010	G#4	63	80	0	0	3360	*	3	-
28	7.825521	8.669271	Db4	57	80	0	0	3360	P1-2-10	0	-
29	8.165365	8.718750	Ab3	55	80	0	0	3600	P1-2-12	0	-
30	8.662760	9.429688	Eb5	72	80	0	0	3840	P1-3-2	0	-
31	8.670573	8.718750	Gb4	53	80	0	0	3840	P1-3-1	0	-
32	8.674479	11.209635	C4	51	80	0	0	3840	P1-3-9	0	-
33	8.723958	8.989583	G#3	47	80	0	0	3840	*	3	-
34	8.726562	9.639323	Gb4	48	80	0	0	3840	*	3	-
35	9.098958	9.839844	Ab3	46	80	0	0	4080	P1-3-10	0	-
36	9.332031	9.710938	F5	72	80	0	0	4200	P1-3-4	0	-
37	9.335938	9.829427	Ab4	49	80	0	0	4200	P1-3-3	0	-
38	9.683594	11.438802	Gb5	62	80	0	0	4320	P1-3-6	0	-
39	9.691406	11.139323	Bb4	50	80	0	0	4320	P1-3-5	0	-
40	10.113281	10.217448	Ab3	52	80	0	0	4560	P1-3-11	0	-
41	10.507812	10.729167	Ab3	45	80	0	0	4800	P1-3-12	0	-
42	10.890625	11.369792	Ab3	47	80	0	0	5040	P1-3-13	0	-
43	11.321615	11.908854	F5	71	80	0	0	5280	P1-3-8	0	-
44	11.337240	11.949219	Ab4	47	80	0	0	5280	P1-3-7	0	-
45	11.350260	11.938802	C#4	43	80	0	0	5280	*	3	-
46	11.375000	11.569010	Ab3	34	80	0	0	5520	*	3	-
47	11.700521	12.419271	Ab3	45	80	0	0	5520	P1-3-14	0	-
48	12.156250	13.579427	F5	66	80	0	0	5760	P1-4-2	0	-
49	12.165365	13.149740	Ab4	45	80	0	0	5760	P1-4-1	0	-
50	12.186198	13.598958	C4	42	80	0	0	5763	P1-4-14	0	-
51	12.539062	13.059896	Ab3	44	80	0	0	6003	P1-4-15	0	-
52	12.916667	13.500000	Gb4	40	80	0	0	6240	P1-4-3	0	-
53	13.312500	13.861979	Eb5	65	80	0	0	6480	P1-4-4	0	-
54	13.342448	14.098958	Ab3	46	80	0	0	6483	P1-4-17	0	-
55	13.802083	14.679688	F4	48	80	0	0	6723	P1-4-19	0	-
56	13.803385	14.739583	C#5	61	80	0	0	6723	*	3	-
57	13.804688	13.809896	C#2	39	80	0	0	6723	*	3	-
58	13.833333	14.739583	Db4	45	80	0	0	6723	P1-4-18	0	-
59	14.283854	14.989583	Ab3	37	80	0	0	6963	P1-4-20	0	-
60	14.571615	14.829427	Eb5	64	80	0	0	7080	P1-4-6	0	-
61	14.992188	15.265625	Eb5	61	80	0	0	7200	P1-4-7	0	-
62	15.001302	16.009115	Gb4	42	80	0	0	7203	P1-4-22	0	-
63	15.003906	15.569010	G#3	35	80	0	0	7203	*	3	-
64	15.007812	16.139323	C4	34	80	0	0	7203	P1-4-21	0	-
65	15.252604	15.428385	F5	55	80	0	0	7269	P1-4-8	0	-
66	15.446615	15.579427	Eb5	59	80	0	0	7337	P1-4-9	0	-
67	15.614583	15.744792	D5	54	80	0	0	7406	P1-4-10	0	-
68	15.657552	16.989583	Ab3	36	80	0	0	7443	P1-4-23	0	-
69	15.753906	15.924479	Eb5	62	80	0	0	7474	P1-4-11	0	-
70	15.919271	16.115885	F5	60	80	0	0	7543	P1-4-12	0	-
71	16.096354	16.359375	Gb5	61	80	0	0	7611	P1-4-13	0	-
72	16.498698	19.209635	Db3	43	80	0	0	7683	P1-5-5	0	-
73	16.526042	17.799479	F5	57	80	0	0	7683	P1-5-1	0	-
74	16.540365	16.938802	C#5	48	80	0	0	7683	*	3	-
75	17.243490	18.039062	Ab3	38	80	0	0	7923	P1-5-6	0	-
76	17.252604	17.500000	F4	28	80	0	0	7923	*	3	-
77	17.483073	17.878906	Db5	55	80	0	0	8043	P1-5-2	0	-
78	17.796875	19.589844	Ab4	53	80	0	0	8163	P1-5-3	0	-
79	17.833333	19.878906	Db4	40	80	0	0	8163	P1-5-7	0	-
80	17.833333	19.779948	F4	47	80	0	0	8163	P1-5-8	0	-
81	18.221354	18.326823	Ab3	43	80	0	0	8403	P1-5-9	0	-
82	18.593750	18.716146	Ab3	42	80	0	0	8643	P1-5-10	0	-
83	18.953125	19.169271	Ab3	50	80	0	0	8883	P1-5-11	0	-
84	19.324219	19.579427	Ab3	51	80	0	0	9123	P1-5-12	0	-
85	19.354167	20.229167	Bb4	71	80	0	0	9123	P1-5-4	0	-
86	19.712240	20.468750	Ab3	52	80	0	0	9363	P1-5-13	0	-
87	20.184896	22.619792	C5	62	80	0	0	9603	P1-6-1	0	-
88	20.195312	22.579427	Eb4	56	80	0	0	9603	P1-6-3	0	-
89	20.195312	22.878906	Gb4	57	80	0	0	9603	P1-6-4	0	-
90	20.540365	20.750000	Ab3	51	80	0	0	9843	P1-6-5	0	-
91	20.888021	20.997396	Ab3	49	80	0	0	10083	P1-6-6	0	-
92	21.264323	21.979167	Ab3	52	80	0	0	10323	P1-6-7	0	-
93	21.748698	22.359375	Bb3	49	80	0	0	10563	P1-6-8	0	-
94	22.165365	22.750000	Ab3	52	80	0	0	10803	P1-6-9	0	-
95	22.580729	23.279948	Db5	67	80	0	0	11043	P1-6-2	0	-
96	22.583333	23.229167	F4	53	80	0	0	11043	P1-6-11	0	-
97	22.584635	23.359375	Db4	62	80	0	0	11043	P1-6-10	0	-
98	22.593750	23.098958	G#4	54	80	0	0	11043	*	3	-
99	22.932292	23.679688	Ab3	56	80	0	0	11283	P1-6-12	0	-
100	23.354167	24.044271	Eb5	73	80	0	0	11523	P1-7-2	0	-
101	23.373698	23.628906	G#4	53	80	0	0	11523	*	3	-
102	23.375000	25.729167	Gb4	49	80	0	0	11523	P1-7-1	0	-
103	23.381510	25.938802	C4	50	80	0	0	11523	P1-7-9	0	-
104	23.773438	24.658854	Ab3	46	80	0	0	11763	P1-7-10	0	-
105	24.002604	24.419271	F5	71	80	0	0	11883	P1-7-4	0	-
106	24.006510	24.509115	Ab4	56	80	0	0	11883	P1-7-3	0	-
107	24.014323	24.029948	C#5	52	80	0	0	11883	*	3	-
108	24.351562	26.069010	Gb5	65	80	0	0	12003	P1-7-6	0	-
109	24.364583	25.718750	Bb4	50	80	0	0	12003	P1-7-5	0	-
110	24.757812	24.890625	Ab3	42	80	0	0	12243	P1-7-11	0	-
111	25.114583	25.238281	Ab3	50	80	0	0	12483	P1-7-12	0	-
112	25.490885	26.188802	Ab3	44	80	0	0	12723	P1-7-13	0	-
113	25.941406	26.279948	F5	65	80	0	0	12963	P1-7-8	0	-
114	25.975260	26.609375	Db4	40	80	0	0	12963	P1-7-14	0	-
115	25.980469	26.598958	Ab4	37	80	0	0	12963	P1-7-7	0	-
116	26.294271	26.579427	F5	50	80	0	0	12963	*	3	-
117	26.341146	27.119792	Ab3	43	80	0	0	13203	P1-7-15	0	-
118	26.826823	28.299479	F5	61	80	0	0	13443	P1-8-2	0	-
119	26.841146	27.500000	Ab4	40	80	0	0	13443	P1-8-1	0	-
120	26.855469	27.699219	C4	35	80	0	0	13443	P1-8-8	0	-
121	27.234375	28.079427	Ab3	38	80	0	0	13683	P1-8-9	0	-
122	27.638021	28.658854	Gb4	39	80	0	0	13923	P1-8-3	0	-
123	27.639323	28.149740	G#4	42	80	0	0	13923	*	3	-
124	27.713542	28.679688	C4	15	80	0	0	13923	*	3	-
125	28.093750	28.968750	Ab3	39	80	0	0	14163	P1-8-11	0	-
126	28.093750	28.779948	Eb5	61	80	0	0	14163	P1-8-4	0	-
127	28.656250	29.378906	Db4	41	80	0	0	14403	P1-8-12	0	-
128	28.657552	28.669271	C#2	32	80	0	0	14403	*	3	-
129	28.660156	30.489583	F4	35	80	0	0	14403	P1-8-13	0	-
130	28.682292	29.809896	Db5	46	80	0	0	14403	P1-8-5	0	-
131	29.156250	29.979167	Ab3	32	80	0	0	14643	P1-8-14	0	-
132	29.664062	30.389323	C5	56	80	0	0	14883	P1-8-6	0	-
133	29.703125	30.419271	Db4	55	80	0	0	14883	P1-8-15	0	-
134	30.184896	30.729167	Ab3	53	80	0	0	15123	P1-8-17	0	-
135	30.186198	31.128906	Db5	64	80	0	0	15123	P1-8-7	0	-
136	30.933594	31.819010	Eb5	74	80	0	0	15363	P1-9-1	0	-
137	30.985677	31.378906	Ab2	52	80	0	0	15363	P1-9-5	0	-
138	31.535156	32.119792	Ab3	51	80	0	0	15603	P1-9-6	0	-
139	31.946615	32.729167	Eb4	58	80	0	0	15843	P1-9-8	0	-
140	31.954427	32.619792	C4	45	80	0	0	15843	P1-9-7	0	-
141	31.958333	33.829427	Eb5	74	80	0	0	15843	P1-9-2	0	-
142	32.367188	32.819010	Ab3	50	80	0	0	16083	P1-9-9	0	-
143	32.736979	33.239583	Cb4	74	80	0	0	16323	P1-9-10	0	-
144	32.739583	33.369792	Eb4	62	80	0	0	16323	P1-9-11	0	-
145	33.101562	33.809896	Ab3	77	80	0	0	16563	P1-9-12	0	-
146	33.138021	33.339844	G#4	62	80	0	0	-1	*	3	-
147	33.524740	34.598958	F5	85	80	0	0	16803	P1-9-4	0	-
148	33.541667	34.089844	Cb4	62	80	0	0	16803	P1-9-14	0	-
149	33.546875	34.029948	C#3	58	80	0	0	16803	P1-9-13	1	-
150	33.552083	34.000000	G#4	67	80	0	0	-1	*	3	-
151	33.554688	34.089844	F4	67	80	0	0	16803	P1-9-15	0	-
152	33.920573	34.188802	Db4	71	80	0	0	17043	P1-9-16	0	-
153	34.475260	34.936198	Gb5	78	80	0	0	17283	P1-10-1	0	-
154	34.488281	34.729167	C#4	57	80	0	0	17283	*	3	-
155	34.492188	34.859375	F#4	58	80	0	0	17283	*	3	-
156	34.496094	35.259115	Gb3	51	80	0	0	17283	P1-10-6	0	-
157	34.497396	34.799479	Bb3	56	80	0	0	17283	P1-10-7	0	-
158	34.884115	35.459635	F5	81	80	0	0	17523	P1-10-2	0	-
159	34.912760	35.069010	Bb3	50	80	0	0	17523	*	3	-
160	34.912760	35.158854	Db4	57	80	0	0	17523	P1-10-8	0	-
161	35.234375	35.938802	Bb3	52	80	0	0	17763	P1-10-9	0	-
162	35.250000	35.653646	Eb5	77	80	0	0	17763	P1-10-3	0	-
163	35.265625	35.609375	F#3	49	80	0	0	17763	*	3	-
164	35.272135	35.639323	Gb4	49	80	0	0	17763	P1-10-10	0	-
165	35.613281	36.158854	Db5	80	80	0	0	18003	P1-10-4	0	-
166	35.613281	35.869792	Db4	66	80	0	0	18003	P1-10-11	0	-
167	35.619792	35.989583	F#3	48	80	0	0	18003	*	3	-
168	36.065104	37.750000	F5	67	80	0	0	18243	P1-10-5	0	-
169	36.084635	37.089844	Db3	43	80	0	0	18243	P1-10-12	0	-
170	36.415365	36.859375	Ab3	56	80	0	0	18483	P1-10-13	0	-
171	36.804688	37.669271	F4	46	80	0	0	18723	P1-10-15	0	-
172	36.804688	37.239583	Db4	53	80	0	0	18723	P1-10-14	0	-
173	37.147135	37.299479	Ab3	52	80	0	0	18963	P1-10-16	0	-
174	37.625000	38.279948	Eb3	41	80	0	0	19203	P1-11-11	0	-
175	37.627604	37.878906	G#3	37	80	0	0	19203	*	3	-
176	37.660156	38.399740	Eb5	60	80	0	0	19203	P1-11-1	0	-
177	38.076823	38.869792	Cb5	67	80	0	0	19443	P1-11-2	0	-
178	38.109375	38.549479	Ab3	45	80	0	0	19443	P1-11-12	0	-
179	38.447917	39.718750	Cb4	46	80	0	0	19683	P1-11-13	0	-
180	38.451823	38.899740	Eb3	44	80	0	0	19683	*	3	-
181	38.454427	38.854167	Eb4	47	80	0	0	19683	P1-11-14	0	-
182	38.497396	38.859375	Bb4	48	80	0	0	19683	P1-11-3	0	-
183	38.808594	39.769531	Ab3	51	80	0	0	19923	P1-11-15	0	-
184	38.813802	39.319010	Ab4	61	80	0	0	19923	P1-11-4	0	-
185	39.248698	39.792969	Bb4	72	80	0	0	20163	P1-11-5	0	-
186	39.283854	41.269531	Eb3	46	80	0	0	20163	P1-11-16	0	-
187	39.691406	40.309896	G3	46	80	0	0	20403	P1-11-17	0	-
188	39.763021	39.901042	Cb5	59	80	0	0	20523	P1-11-6	0	-
189	39.923177	40.035156	Bb4	56	80	0	0	20563	P1-11-7	0	-
190	40.039062	40.170573	Ab4	55	80	0	0	20603	P1-11-8	0	-
191	40.182292	40.809896	Db4	51	80	0	0	20643	P1-11-18	0	-
192	40.184896	40.829427	Eb4	48	80	0	0	20643	P1-11-19	0	-
193	40.677083	41.169271	G3	41	80	0	0	20883	P1-11-20	0	-
194	40.881510	41.187500	Cb5	62	80	0	0	21003	P1-11-10	0	-
195	41.213542	41.609375	Ab4	54	80	0	0	21123	P1-12-1	0	-
196	41.226562	41.609375	Ab2	41	80	0	0	21123	P1-12-5	0	-
197	41.710938	42.188802	Ab3	48	80	0	0	21363	P1-12-6	0	-
198	42.093750	42.878906	Eb4	60	80	0	0	21603	P1-12-8	0	-
199	42.093750	43.188802	Eb5	71	80	0	0	21603	P1-12-2	0	-
200	42.097656	42.649740	Cb4	46	80	0	0	21603	P1-12-7	0	-
201	42.453125	42.869792	Ab3	51	80	0	0	21843	P1-12-9	0	-
202	42.848958	43.339844	Db4	67	80	0	0	22083	P1-12-11	0	-
203	42.850260	43.509115	Db5	70	80	0	0	22083	P1-12-3	0	-
204	42.861979	43.399740	Bb3	61	80	0	0	22083	P1-12-10	0	-
205	42.863281	43.369792	G#4	66	80	0	0	22083	*	3	-
206	42.884115	43.054688	G#3	52	80	0	0	22083	*	3	-
207	43.235677	43.799479	Ab3	52	80	0	0	22323	P1-12-12	0	-
208	43.588542	44.688802	Fb5	87	80	0	0	22563	P1-12-4	0	-
209	43.589844	44.049479	Db4	69	80	0	0	22563	P1-12-13	0	-
210	43.593750	44.179688	Fb4	70	80	0	0	22563	P1-12-14	0	-
211	43.942708	44.250000	Ab3	58	80	0	0	22803	P1-12-15	0	-
212	44.438802	45.049479	Eb5	79	80	0	0	23043	P1-13-1	0	-
213	44.477865	44.614583	Ab2	46	80	0	0	23043	P1-13-4	0	-
214	44.816406	45.389323	Ab3	55	80	0	0	23283	P1-13-5	0	-
215	44.826823	44.889323	G#2	48	80	0	0	23283	*	3	-
216	45.222656	47.259115	Eb5	81	80	0	0	23523	P1-13-2	0	-
217	45.222656	46.718750	Eb4	62	80	0	0	23523	P1-13-7	0	-
218	45.222656	46.429688	Cb4	53	80	0	0	23523	P1-13-6	0	-
219	45.561198	45.769531	Ab3	49	80	0	0	23763	P1-13-8	0	-
220	45.941406	46.179688	Ab3	57	80	0	0	24003	P1-13-9	0	-
221	46.326823	46.932292	Ab3	64	80	0	0	24243	P1-13-10	0	-
222	46.713542	47.839844	F5	83	80	0	0	24483	P1-13-3	0	-
223	46.735677	47.359375	Cb4	68	80	0	0	24483	P1-13-11	0	-
224	46.738281	46.750000	B4	67	80	0	0	24483	*	3	-
225	46.740885	47.239583	F4	65	80	0	0	24483	P1-13-12	0	-
226	47.083333	48.039062	Ab3	59	80	0	0	24723	P1-13-13	0	-
227	47.641927	49.029948	Eb3	44	80	0	0	24963	P1-14-6	0	-
228	47.653646	48.190104	Gb5	71	80	0	0	24963	P1-14-1	0	-
229	48.128906	48.566406	F5	80	80	0	0	25203	P1-14-2	0	-
230	48.131510	48.324219	Gb3	54	80	0	0	25203	P1-14-7	0	-
231	48.532552	49.649740	Eb5	75	80	0	0	25443	P1-14-3	0	-
232	48.536458	48.959635	Bb3	50	80	0	0	25443	P1-14-8	0	-
233	48.570312	49.279948	Gb4	43	80	0	0	25443	P1-14-9	0	-
234	48.574219	48.859375	Bb4	49	80	0	0	25443	*	3	-
235	48.589844	48.802083	F#3	45	80	0	0	25443	*	3	-
236	48.963542	49.239583	Gb3	46	80	0	0	25683	P1-14-10	0	-
237	48.972656	49.179688	Bb3	48	80	0	0	25683	*	3	-
238	48.975260	49.609375	Db5	72	80	0	0	25683	P1-14-4	0	-
239	48.977865	49.339844	Bb4	55	80	0	0	25683	*	3	-
240	49.605469	49.869792	Bb2	43	80	0	0	25923	P1-14-11	0	-
241	49.614583	52.500000	F5	61	80	0	0	25923	P1-14-5	0	-
242	49.623698	50.979167	C#5	49	80	0	0	25923	*	3	-
243	50.106771	50.609375	F3	45	80	0	0	26163	P1-14-12	0	-
244	50.493490	50.859375	Bb3	45	80	0	0	26403	P1-14-13	0	-
245	50.503906	50.829427	Db4	44	80	0	0	26403	P1-14-14	0	-
246	50.503906	51.128906	F4	39	80	0	0	26403	P1-14-15	0	-
247	50.876302	51.039062	F3	50	80	0	0	26643	P1-14-16	0	-
248	51.324219	51.889323	F2	48	80	0	0	26883	P1-15-11	0	-
249	51.753906	52.128906	F3	44	80	0	0	27123	P1-15-12	0	-
250	51.761719	51.769531	Bb4	46	80	0	0	27123	*	3	-
251	51.761719	52.308594	Db5	58	80	0	0	27123	P1-15-2	0	-
252	52.105469	52.598958	C5	52	80	0	0	27363	P1-15-3	0	-
253	52.113281	52.429688	F4	48	80	0	0	27363	P1-15-15	0	-
254	52.123698	52.302083	Db4	44	80	0	0	27363	P1-15-14	0	-
255	52.138021	52.319010	F3	32	80	0	0	27363	*	3	-
256	52.147135	52.295573	Bb3	28	80	0	0	27363	P1-15-13	0	-
257	52.440104	52.549479	F2	47	80	0	0	27603	*	3	-
258	52.450521	52.619792	F3	51	80	0	0	27603	P1-15-16	0	-
259	52.455729	53.089844	Bb4	63	80	0	0	27603	P1-15-4	0	-
260	52.522135	52.899740	F4	46	80	0	0	27603	*	3	-
261	52.925781	53.169271	C5	51	80	0	0	27843	P1-15-5	0	-
262	52.929688	53.179688	F2	44	80	0	0	27843	P1-15-17	0	-
263	52.933594	52.938802	C#5	52	80	0	0	27843	*	3	-
264	52.936198	53.019531	F1	42	80	0	0	27843	*	3	-
265	53.410156	53.789062	F3	49	80	0	0	28083	P1-15-18	0	-
266	53.412760	53.709635	Db5	62	80	0	0	28203	P1-15-6	0	-
267	53.583333	53.750000	C5	52	80	0	0	28243	P1-15-7	0	-
268	53.700521	53.889323	Bb4	64	80	0	0	28283	P1-15-8	0	-
269	53.865885	54.718750	Eb4	52	80	0	0	28323	P1-15-20	0	-
270	53.888021	54.449219	C5	50	80	0	0	28323	P1-15-9	0	-
271	53.891927	54.218750	F4	48	80	0	0	28323	P1-15-21	0	-
272	53.897135	54.289062	F3	40	80	0	0	28323	P1-15-19	1	-
273	54.384115	55.218750	F3	57	80	0	0	28563	P1-15-22	0	-
274	54.385417	54.968750	Db5	63	80	0	0	28563	P1-15-10	0	-
275	54.455729	54.789062	F4	33	80	0	0	-1	*	3	-
276	54.975260	55.759115	Bb4	53	80	0	0	28803	P1-16-1	0	-
277	54.975260	55.419271	C#5	53	80	0	0	-1	*	3	-
278	55.002604	55.609375	Bb2	39	80	0	0	28803	P1-16-5	0	-
279	55.007812	55.529948	F4	36	80	0	0	-1	*	3	-
280	55.524740	56.183594	F3	51	80	0	0	29043	P1-16-6	0	-
281	55.971354	56.669271	F4	47	80	0	0	29283	P1-16-8	0	-
282	55.975260	56.759115	F5	62	80	0	0	29283	P1-16-2	0	-
283	55.979167	56.468750	Db4	49	80	0	0	29283	P1-16-7	0	-
284	55.983073	56.569010	C#5	50	80	0	0	29283	*	3	-
285	56.345052	56.938802	F3	53	80	0	0	29523	P1-16-9	0	-
286	56.727865	57.199219	Eb4	74	80	0	0	29763	P1-16-11	0	-
287	56.746094	57.339844	Eb5	77	80	0	0	29763	P1-16-3	0	-
288	56.756510	57.139323	C4	52	80	0	0	29763	P1-16-10	0	-
289	57.074219	57.539062	F3	52	80	0	0	30003	P1-16-12	0	-
290	57.453125	58.039062	Gb4	71	80	0	0	30243	P1-16-14	0	-
291	57.484375	58.229167	Gb5	81	80	0	0	30243	P1-16-4	0	-
292	57.485677	57.938802	Eb4	52	80	0	0	30243	P1-16-13	0	-
293	57.779948	58.139323	F3	59	80	0	0	30483	P1-16-15	0	-
294	57.855469	57.869792	F4	56	80	0	0	-1	*	3	-
295	58.145833	58.408854	F3	56	80	0	0	-1	*	3	-
296	58.153646	58.589844	F4	62	80	0	0	30723	P1-17-12	0	-
297	58.153646	58.539062	Db4	60	80	0	0	30723	P1-17-11	0	-
298	58.173177	59.128906	F5	79	80	0	0	30723	P1-17-1	0	-
299	58.493490	58.500000	F2	51	80	0	0	-1	*	3	-
300	58.498698	59.089844	F3	56	80	0	0	30963	P1-17-13	0	-
301	58.522135	58.938802	Db5	76	80	0	0	30963	P1-17-2	0	-
302	58.595052	58.859375	F4	46	80	0	0	-1	*	3	-
303	58.864583	59.529948	F4	57	80	0	0	31203	P1-17-16	0	-
304	58.871094	59.247396	C5	64	80	0	0	31203	P1-17-3	0	-
305	58.881510	58.989583	C#3	53	80	0	0	-1	*	3	-
306	58.901042	59.309896	Bb3	51	80	0	0	31203	P1-17-14	0	-
307	58.914062	59.098958	Bb4	55	80	0	0	-1	*	3	-
308	59.186198	59.588542	F3	58	80	0	0	31443	P1-17-17	0	-
309	59.216146	59.669271	Bb4	76	80	0	0	31443	P1-17-4	0	-
310	59.614583	60.109375	A3	49	80	0	0	31683	P1-17-18	0	-
311	59.615885	60.009115	C5	57	80	0	0	31683	P1-17-5	0	-
312	59.617188	60.229167	Eb4	58	80	0	0	31683	P1-17-19	0	-
313	60.006510	60.096354	Db5	69	80	0	0	32043	P1-17-6	0	-
314	60.011719	60.679688	F3	57	80	0	0	31923	P1-17-20	0	-
315	60.125000	60.210938	C5	64	80	0	0	32083	P1-17-7	0	-
316	60.220052	60.378906	Bb4	63	80	0	0	32123	P1-17-8	0	-
317	60.358073	60.679688	C5	67	80	0	0	32163	P1-17-9	0	-
318	60.360677	61.059896	Eb4	53	80	0	0	32163	P1-17-21	0	-
319	60.692708	61.009115	C5	49	80	0	0	-1	*	3	-
320	60.733073	61.199219	F3	59	80	0	0	32403	P1-17-23	0	-
321	60.734375	61.139323	F4	52	80	0	0	-1	*	3	-
322	60.928385	61.179688	Db5	67	80	0	0	32523	P1-17-10	0	-
323	61.191406	61.699219	Db5	66	80	0	0	-1	*	3	-
324	61.194010	61.759115	Bb4	63	80	0	0	32643	P1-18-1	0	-
325	61.203125	61.449219	Bb2	55	80	0	0	32643	P1-18-5	0	-
326	61.582031	62.169271	F3	54	80	0	0	32883	P1-18-6	0	-
327	61.944010	62.679688	Eb4	69	80	0	0	33123	P1-18-8	0	-
328	61.951823	62.709635	Eb5	69	80	0	0	33123	P1-18-2	0	-
329	61.951823	62.649740	C4	48	80	0	0	33123	P1-18-7	0	-
330	62.274740	62.848958	F3	48	80	0	0	33363	P1-18-9	0	-
331	62.645833	63.250000	Db4	49	80	0	0	33603	P1-18-10	0	-
332	62.649740	63.649740	F5	69	80	0	0	33603	P1-18-3	0	-
333	62.654948	63.339844	F4	54	80	0	0	33603	P1-18-11	0	-
334	63.000000	63.598958	F3	45	80	0	0	33843	P1-18-12	0	-
335	63.402344	64.119792	Eb4	59	80	0	0	34083	P1-18-14	0	-
336	63.411458	64.399740	Eb5	63	80	0	0	34083	P1-18-4	0	-
337	63.414062	63.938802	C4	38	80	0	0	34083	P1-18-13	0	-
338	63.414062	63.569010	C3	37	80	0	0	34083	*	3	-
339	63.778646	63.839844	F3	47	80	0	0	34323	*	3	-
340	63.851562	64.579427	F3	43	80	0	0	34323	P1-18-15	0	-
341	64.325521	64.339844	C#3	43	80	0	0	34563	*	3	-
342	64.328125	67.239583	F5	58	80	0	0	34563	P1-19-1	0	-
343	64.330729	65.739583	Db4	49	80	0	0	34563	P1-19-3	0	-
344	64.338542	65.829427	F4	48	80	0	0	34563	P1-19-4	0	-
345	64.783854	64.979167	F3	39	80	0	0	34803	P1-19-5	0	-
346	65.165365	65.438802	F3	44	80	0	0	35043	P1-19-6	0	-
347	65.580729	65.699219	F3	33	80	0	0	35283	*	3	-
348	65.704427	66.609375	F3	33	80	0	0	35283	P1-19-7	0	-
349	66.063802	66.829427	F4	33	80	0	0	35523	P1-19-9	0	-
350	66.089844	66.929688	Db4	41	80	0	0	35523	P1-19-8	0	-
351	66.552083	66.639323	Gb3	43	80	0	0	35763	*	3	-
352	66.645833	67.128906	Gb3	32	80	0	0	35763	P1-19-10	0	-
353	67.123698	68.039062	Eb4	41	80	0	0	36003	P1-19-12	0	-
354	67.135417	68.829427	Eb5	58	80	0	0	36003	P1-19-2	0	-
355	67.143229	68.000000	F#3	29	80	0	0	36003	*	3	-
356	67.164062	68.049479	C4	23	80	0	0	36003	P1-19-11	0	-
357	67.746094	68.098958	Ab3	32	80	0	0	36243	P1-19-13	0	-
358	68.733073	70.250000	F5	54	80	0	0	36483	P1-20-1	0	-
359	68.753906	69.589844	Db3	37	80	0	0	36483	P1-20-5	0	-
360	68.761719	69.209635	C#2	31	80	0	0	36483	*	3	-
361	68.766927	69.959635	G#4	30	80	0	0	36483	*	3	-
362	69.541667	70.438802	Ab3	34	80	0	0	36723	P1-20-6	0	-
363	69.837240	70.259115	Db5	52	80	0	0	36843	P1-20-2	0	-
364	70.203125	71.750000	Ab4	43	80	0	0	36963	P1-20-3	0	-
365	70.225260	71.718750	Db4	37	80	0	0	36963	P1-20-7	0	-
366	70.233073	71.709635	F4	39	80	0	0	36963	P1-20-8	0	-
367	70.714844	70.847656	Ab3	36	80	0	0	37203	P1-20-9	0	-
368	71.114583	71.279948	Ab3	46	80	0	0	37443	P1-20-10	0	-
369	71.496094	71.968750	Ab3	43	80	0	0	37683	P1-20-11	0	-
370	71.902344	72.769531	Bb4	58	80	0	0	37923	P1-20-4	0	-
371	71.944010	72.408854	Db4	45	80	0	0	37923	P1-20-12	0	-
372	71.951823	72.429688	F4	48	80	0	0	37923	P1-20-13	0	-
373	71.980469	72.158854	Ab3	34	80	0	0	38163	*	3	-
374	72.286458	73.059896	Ab3	45	80	0	0	38163	P1-20-14	0	-
375	72.720052	75.259115	C5	61	80	0	0	38403	P1-21-1	0	-
376	72.726562	75.329427	Gb4	56	80	0	0	38403	P1-21-4	0	-
377	72.734375	75.218750	Eb4	61	80	0	0	38403	P1-21-3	0	-
378	73.074219	73.438802	Ab3	44	80	0	0	38643	P1-21-5	0	-
379	73.453125	73.658854	Ab3	44	80	0	0	38883	P1-21-6	0	-
380	73.834635	74.569010	Ab3	51	80	0	0	39123	P1-21-7	0	-
381	74.292969	74.929688	Bb3	55	80	0	0	39363	P1-21-8	0	-
382	74.782552	75.339844	Ab3	57	80	0	0	39603	P1-21-9	0	-
383	75.197917	76.128906	Db5	77	80	0	0	39843	P1-21-2	0	-
384	75.204427	75.968750	F4	58	80	0	0	39843	P1-21-11	0	-
385	75.205729	76.059896	Db4	60	80	0	0	39843	P1-21-10	0	-
386	75.210938	75.779948	G#4	66	80	0	0	39843	*	3	-
387	75.554688	76.339844	Ab3	50	80	0	0	40083	P1-21-12	0	-
388	76.033854	76.759115	Eb5	77	80	0	0	40323	P1-22-2	0	-
389	76.069010	76.109375	Gb4	47	80	0	0	40323	P1-22-1	0	-
390	76.070312	78.339844	C4	43	80	0	0	40323	P1-22-9	0	-
391	76.114583	76.779948	Gb4	42	80	0	0	40323	*	3	-
392	76.455729	77.199219	Ab3	53	80	0	0	40563	P1-22-10	0	-
393	76.664062	77.066406	F5	75	80	0	0	40683	P1-22-4	0	-
394	76.674479	77.158854	Ab4	60	80	0	0	40683	P1-22-3	0	-
395	76.976562	78.250000	Bb4	54	80	0	0	40803	P1-22-5	0	-
396	76.977865	78.639323	Gb5	67	80	0	0	40803	P1-22-6	0	-
397	77.342448	77.475260	Ab3	52	80	0	0	41043	P1-22-11	0	-
398	77.704427	77.848958	Ab3	61	80	0	0	41283	P1-22-12	0	-
399	78.075521	78.539062	Ab3	64	80	0	0	41523	P1-22-13	0	-
400	78.497396	79.039062	F5	78	80	0	0	41763	P1-22-8	0	-
401	78.520833	79.109375	Ab4	48	80	0	0	41763	P1-22-7	0	-
402	78.533854	79.089844	Db4	49	80	0	0	41763	P1-22-14	0	-
403	78.553385	78.716146	Ab3	43	80	0	0	42003	*	3	-
404	78.861979	79.619792	Ab3	45	80	0	0	42003	P1-22-15	0	-
405	79.352865	80.819010	Ab4	49	80	0	0	42243	P1-23-1	0	-
406	79.354167	80.769531	F5	65	80	0	0	42243	P1-23-2	0	-
407	79.393229	80.158854	C4	40	80	0	0	42246	P1-23-13	0	-
408	79.736979	80.119792	Ab3	48	80	0	0	42486	P1-23-14	0	-
409	80.098958	80.169271	Gb4	44	80	0	0	42723	*	3	-
410	80.128906	80.378906	G#3	37	80	0	0	42723	*	3	-
411	80.164062	81.039062	C4	33	80	0	0	42723	*	3	-
412	80.174479	80.789062	Gb4	44	80	0	0	42723	P1-23-3	0	-
413	80.535156	81.109375	Eb5	64	80	0	0	42963	P1-23-4	0	-
414	80.535156	81.239583	Ab3	51	80	0	0	42966	P1-23-16	0	-
415	81.015625	82.089844	Db5	58	80	0	0	43203	P1-23-5	0	-
416	81.033854	81.619792	F4	45	80	0	0	43206	P1-23-18	0	-
417	81.052083	81.569010	G#4	37	80	0	0	43206	*	3	-
418	81.067708	81.769531	Db4	40	80	0	0	43206	P1-23-17	0	-
419	81.463542	82.869792	Ab3	37	80	0	0	43446	P1-23-19	0	-
420	82.023438	82.369792	D5	56	80	0	0	43683	P1-23-6	0	-
421	82.063802	82.199219	C5	46	80	0	0	43686	*	3	-
422	82.065104	83.239583	Gb4	39	80	0	0	43686	P1-23-21	0	-
423	82.072917	83.389323	C4	39	80	0	0	43686	P1-23-20	0	-
424	82.299479	82.514323	Eb5	62	80	0	0	43752	P1-23-7	0	-
425	82.519531	82.680990	Fb5	63	80	0	0	43820	P1-23-8	0	-
426	82.694010	83.049479	F5	59	80	0	0	43889	P1-23-9	0	-
427	82.875000	83.299479	Ab3	32	80	0	0	43926	P1-23-22	0	-
428	82.975260	83.269531	Ab5	50	80	0	0	43957	P1-23-10	0	-
429	83.220052	83.496094	G5	65	80	0	0	44026	P1-23-11	0	-
430	83.464844	84.009115	Gb5	58	80	0	0	44094	P1-23-12	0	-
431	83.903646	85.139323	F5	58	80	0	0	44166	P1-24-1	0	-
432	83.910156	83.919271	C#2	36	80	0	0	44166	*	3	-
433	83.915365	84.878906	Db3	39	80	0	0	44166	P1-24-5	0	-
434	84.588542	85.369792	Ab3	39	80	0	0	44406	P1-24-6	0	-
435	84.837240	85.218750	Db5	53	80	0	0	44526	P1-24-2	0	-
436	85.162760	87.149740	Ab4	44	80	0	0	44646	P1-24-3	0	-
437	85.205729	87.359375	F4	34	80	0	0	44646	P1-24-8	0	-
438	85.218750	87.419271	Db4	38	80	0	0	44646	P1-24-7	0	-
439	85.625000	85.744792	Ab3	37	80	0	0	44886	P1-24-9	0	-
440	86.015625	86.144531	Ab3	37	80	0	0	45126	P1-24-10	0	-
441	86.410156	86.598958	Ab3	41	80	0	0	45366	P1-24-11	0	-
442	86.854167	87.848958	Bb4	55	80	0	0	45606	P1-24-4	0	-
443	86.855469	86.993490	Ab3	44	80	0	0	45606	P1-24-12	0	-
444	87.286458	87.468750	Ab3	41	80	0	0	45846	P1-24-13	0	-
445	87.811198	90.399740	C5	54	80	0	0	46086	P1-25-1	0	-
446	87.813802	90.399740	Gb4	50	80	0	0	46086	P1-25-4	0	-
447	87.822917	88.279948	G#2	41	80	0	0	46086	*	3	-
448	87.841146	90.348958	Eb4	51	80	0	0	46086	P1-25-3	0	-
449	88.214844	88.313802	Ab3	36	80	0	0	46326	P1-25-5	0	-
450	88.605469	88.710938	Ab3	35	80	0	0	46566	P1-25-6	0	-
451	89.003906	89.529948	Ab3	41	80	0	0	46806	P1-25-7	0	-
452	89.455729	90.109375	Bb3	42	80	0	0	47046	P1-25-8	0	-
453	89.536458	89.699219	Ab3	21	80	0	0	47286	*	3	-
454	89.914062	90.339844	Ab3	35	80	0	0	47286	P1-25-9	0	-
455	90.334635	91.119792	Db4	46	80	0	0	47526	P1-25-10	0	-
456	90.335938	91.069010	F4	46	80	0	0	47526	P1-25-11	0	-
457	90.337240	91.279948	Db5	52	80	0	0	47526	P1-25-2	0	-
458	90.339844	91.059896	G#4	45	80	0	0	47526	*	3	-
459	90.354167	90.598958	Ab3	38	80	0	0	47766	*	3	-
460	90.723958	91.319010	Ab3	45	80	0	0	47766	P1-25-12	0	-
461	91.243490	92.098958	Eb5	62	80	0	0	48006	P1-26-2	0	-
462	91.255208	92.079427	Gb4	47	80	0	0	48006	P1-26-1	0	-
463	91.265625	93.899740	C4	40	80	0	0	48006	P1-26-9	0	-
464	91.333333	91.506510	Ab3	33	80	0	0	48246	*	3	-
465	91.794271	92.019531	Ab3	35	80	0	0	48246	P1-26-10	0	-
466	92.001302	92.468750	F5	60	80	0	0	48366	P1-26-4	0	-
467	92.028646	92.369792	Ab4	38	80	0	0	48366	P1-26-3	0	-
468	92.033854	92.459635	G#3	39	80	0	0	48366	*	3	-
469	92.419271	93.750000	Bb4	46	80	0	0	48486	P1-26-5	0	-
470	92.421875	95.279948	Gb5	51	80	0	0	48486	P1-26-6	0	-
471	92.467448	92.829427	Ab3	33	80	0	0	48726	P1-26-11	0	-
472	92.834635	92.975260	Ab3	37	80	0	0	48966	P1-26-12	0	-
473	93.204427	93.429688	Ab3	37	80	0	0	49206	*	3	-
474	93.626302	94.059896	Ab3	36	80	0	0	49206	P1-26-13	0	-
475	94.110677	95.289062	C5	34	80	0	0	49446	P1-26-8	0	-
476	94.111979	94.819010	Eb4	34	80	0	0	49446	P1-26-7	0	-
477	94.122396	94.628906	G#4	28	80	0	0	49446	*	3	-
478	94.147135	94.302083	Ab3	25	80	0	0	49686	*	3	-
479	94.542969	94.779948	Ab3	37	80	0	0	49686	P1-26-14	0	-
480	95.084635	96.658854	Eb5	55	80	0	0	49926	P1-27-2	0	-
481	95.091146	95.149740	Gb4	40	80	0	0	49926	P1-27-1	0	-
482	95.154948	98.259115	Gb4	35	80	0	0	49926	*	3	-
483	95.187500	95.264323	Ab3	34	80	0	0	50166	P1-27-5	0	-
484	95.473958	95.688802	Ab3	40	80	0	0	50406	P1-27-6	0	-
485	95.904948	96.009115	Ab3	41	80	0	0	50646	P1-27-7	0	-
486	96.313802	96.424479	Ab3	37	80	0	0	50886	P1-27-8	0	-
487	96.743490	96.854167	Ab3	42	80	0	0	51126	P1-27-9	0	-
488	97.161458	97.369792	Ab3	43	80	0	0	51366	P1-27-10	0	-
489	97.587240	97.690104	Ab3	36	80	0	0	51606	*	3	-
490	98.027344	98.339844	Ab3	40	80	0	0	51606	P1-27-11	0	-
491	98.591146	98.878906	Ab3	43	80	0	0	51846	P1-28-1	0	-
492	98.614583	99.598958	Db2	49	80	0	0	51846	P1-28-9	0	-
493	98.634115	98.639323	C#3	44	80	0	0	51846	P1-28-10	1	-
494	99.013021	99.309896	Ab3	47	80	0	0	52086	P1-28-2	0	-
495	99.419271	100.119792	Eb3	53	80	0	0	52326	*	3	-
496	99.423177	100.419271	Eb2	55	80	0	0	52326	P1-28-11	0	-
497	99.425781	99.699219	Ab3	48	80	0	0	52326	P1-28-3	0	-
498	99.432292	100.348958	Ab2	53	80	0	0	52326	P1-28-12	0	-
499	99.811198	100.059896	Ab3	44	80	0	0	52566	P1-28-4	0	-
500	100.248698	100.559896	Ab3	54	80	0	0	52806	P1-28-5	0	-
501	100.251302	101.119792	Db3	65	80	0	0	52806	P1-28-14	0	-
502	100.268229	101.098958	Fb2	49	80	0	0	52806	P1-28-13	0	-
503	100.615885	100.699219	C#2	43	80	0	0	52806	*	3	-
504	100.625000	100.829427	Ab3	48	80	0	0	53046	P1-28-6	0	-
505	101.032552	101.299479	Ab3	58	80	0	0	53286	P1-28-7	0	-
506	101.032552	102.089844	C3	59	80	0	0	53286	P1-28-16	0	-
507	101.063802	101.389323	Eb3	45	80	0	0	53286	*	3	-
508	101.074219	101.569010	Eb2	50	80	0	0	53286	P1-28-15	0	-
509	101.399740	101.699219	Ab3	53	80	0	0	53526	P1-28-8	0	-
510	101.785156	102.688802	Eb3	61	80	0	0	53766	P1-29-10	1	-
511	101.785156	102.619792	Eb2	63	80	0	0	53766	P1-29-9	0	-
512	101.792969	101.994792	Ab3	57	80	0	0	53766	P1-29-1	0	-
513	102.157552	102.438802	Ab3	52	80	0	0	54006	P1-29-2	0	-
514	102.565104	103.649740	Fb2	59	80	0	0	54246	P1-29-11	0	-
515	102.569010	102.669271	Ab3	51	80	0	0	54246	P1-29-12	1	-
516	102.678385	102.764323	Ab3	51	80	0	0	54246	P1-29-3	0	-
517	102.936198	103.218750	Ab3	59	80	0	0	54486	P1-29-4	0	-
518	103.343750	104.089844	Eb3	63	80	0	0	54726	P1-29-14	0	-
519	103.372396	103.709635	Ab3	59	80	0	0	54726	P1-29-5	0	-
520	103.373698	104.199219	Gb2	57	80	0	0	54726	P1-29-13	0	-
521	103.723958	103.959635	Ab3	58	80	0	0	54966	P1-29-6	0	-
522	104.114583	104.679688	Db3	65	80	0	0	55206	P1-29-16	0	-
523	104.119792	104.378906	Ab3	70	80	0	0	55206	P1-29-7	0	-
524	104.152344	104.859375	Fb2	53	80	0	0	55206	P1-29-15	0	-
525	104.473958	104.718750	Ab3	69	80	0	0	55446	P1-29-8	0	-
526	104.882812	105.848958	Db3	73	80	0	0	55686	P1-30-10	0	-
527	104.882812	105.188802	Ab3	77	80	0	0	55686	P1-30-1	0	-
528	104.916667	105.729167	Fb2	51	80	0	0	55686	P1-30-9	0	-
529	105.273438	105.509115	Ab3	65	80	0	0	55926	P1-30-2	0	-
530	105.662760	106.389323	Eb3	70	80	0	0	56166	P1-30-12	0	-
531	105.664062	105.910156	Ab3	66	80	0	0	56166	P1-30-3	0	-
532	105.665365	105.679688	G#1	62	80	0	0	-1	*	3	-
533	105.670573	106.019531	Ab2	63	80	0	0	56166	P1-30-11	0	-
534	106.028646	106.259115	Ab3	56	80	0	0	56406	P1-30-4	0	-
535	106.032552	106.628906	Ab2	50	80	0	0	-1	*	3	-
536	106.404948	106.619792	G#4	72	80	0	0	-1	*	3	-
537	106.412760	106.679688	Ab3	66	80	0	0	56646	P1-30-5	0	-
538	106.432292	107.199219	Fb3	68	80	0	0	56646	P1-30-14	0	-
539	106.437500	107.209635	Db3	54	80	0	0	56646	P1-30-13	0	-
540	106.445312	106.459635	C#2	52	80	0	0	-1	*	3	-
541	106.764323	107.000000	Ab3	61	80	0	0	56886	P1-30-6	0	-
542	107.148438	107.829427	Eb3	64	80	0	0	57126	P1-30-16	0	-
543	107.153646	107.355469	Ab3	59	80	0	0	57126	*	3	-
544	107.184896	107.351562	Ab2	52	80	0	0	57126	*	3	-
545	107.500000	107.709635	Ab3	55	80	0	0	57126	P1-30-7	0	-
546	107.502604	107.729167	Ab2	45	80	0	0	57126	P1-30-15	0	-
547	107.903646	108.100260	Ab3	59	80	0	0	57366	P1-30-8	0	-
548	107.904948	108.218750	Eb4	57	80	0	0	-1	*	3	-
549	107.906250	110.669271	Eb3	63	80	0	0	-1	*	3	-
550	107.933594	108.218750	Ab2	53	80	0	0	-1	*	3	-
551	108.229167	108.324219	Ab3	53	80	0	0	57606	P1-31-1	0	-
552	108.234375	108.459635	Ab2	43	80	0	0	57606	P1-31-10	1	-
553	108.595052	110.408854	Ab2	42	80	0	0	57606	P1-31-9	0	-
554	108.595052	108.809896	Ab3	55	80	0	0	-1	*	3	-
555	108.973958	109.169271	Ab3	45	80	0	0	57846	P1-31-2	0	-
556	109.335938	109.539062	Ab3	50	80	0	0	58086	P1-31-3	0	-
557	109.697917	109.824219	Ab3	49	80	0	0	58326	P1-31-4	0	-
558	110.042969	110.250000	Ab3	52	80	0	0	58566	P1-31-5	0	-
559	110.415365	110.553385	Ab3	49	80	0	0	58806	P1-31-6	0	-
560	110.421875	111.878906	G#2	41	80	0	0	59046	P1-31-7	1	-
561	110.791667	111.500000	Eb3	37	80	0	0	59286	P1-31-8	1	-
562	110.792969	111.029948	Ab3	40	80	0	0	59526	P1-32-1	0	-
563	111.156250	111.378906	Ab3	47	80	0	0	59766	P1-32-2	0	-
564	111.545573	111.899740	Fb3	54	80	0	0	60006	P1-32-12	0	-
565	111.553385	111.809896	Ab3	49	80	0	0	60006	P1-32-3	0	-
566	111.591146	112.259115	Db3	44	80	0	0	60006	P1-32-11	0	-
567	111.910156	112.098958	Ab3	49	80	0	0	60246	P1-32-4	0	-
568	111.912760	112.359375	E3	42	80	0	0	60246	*	3	-
569	112.276042	112.938802	Eb3	61	80	0	0	60486	P1-32-14	0	-
570	112.302083	112.569010	Ab3	47	80	0	0	60486	P1-32-5	0	-
571	112.313802	113.049479	Ab2	44	80	0	0	60486	P1-32-13	0	-
572	112.315104	112.329427	G#1	43	80	0	0	60486	*	3	-
573	112.641927	112.839844	Ab3	48	80	0	0	60726	P1-32-6	0	-
574	112.993490	113.859375	Db3	69	80	0	0	60966	P1-32-16	0	-
575	113.006510	113.269531	Ab3	60	80	0	0	60966	P1-32-7	0	-
576	113.022135	113.759115	Fb2	53	80	0	0	60966	P1-32-15	0	-
577	113.355469	113.476562	Ab3	53	80	0	0	61206	P1-32-8	0	-
578	113.713542	114.408854	Eb3	65	80	0	0	61446	P1-33-10	0	-
579	113.718750	113.989583	Ab3	58	80	0	0	61446	P1-33-1	0	-
580	113.735677	114.359375	Ab2	56	80	0	0	61446	P1-33-9	0	-
581	113.739583	113.750000	G#1	56	80	0	0	61446	*	3	-
582	114.071615	114.250000	Ab3	56	80	0	0	61686	P1-33-2	0	-
583	114.417969	115.009115	Db3	66	80	0	0	61926	P1-33-12	0	-
584	114.424479	115.109375	Fb2	61	80	0	0	61926	P1-33-11	0	-
585	114.424479	114.628906	Ab3	59	80	0	0	61926	P1-33-3	0	-
586	114.764323	114.968750	Ab3	53	80	0	0	62166	P1-33-4	0	-
587	115.126302	115.688802	C3	62	80	0	0	62406	P1-33-14	0	-
588	115.148438	115.799479	Eb2	51	80	0	0	62406	P1-33-13	0	-
589	115.149740	115.669271	Ab3	49	80	0	0	62646	P1-33-6	0	-
590	115.805990	116.399740	Db3	67	80	0	0	62886	P1-33-16	0	-
591	115.813802	116.539062	Fb2	61	80	0	0	62886	P1-33-15	0	-
592	115.822917	116.039062	Ab3	56	80	0	0	62886	P1-33-7	0	-
593	116.153646	116.389323	Ab3	59	80	0	0	63126	P1-33-8	0	-
594	116.532552	117.000000	C3	66	80	0	0	63366	P1-34-10	0	-
595	116.540365	116.869792	Ab3	66	80	0	0	63366	P1-34-1	0	-
596	116.546875	117.079427	Eb3	60	80	0	0	63366	*	3	-
597	116.552083	117.239583	Eb2	59	80	0	0	63366	P1-34-9	0	-
598	116.882812	117.128906	Ab3	47	80	0	0	63606	P1-34-2	0	-
599	117.243490	118.019531	Fb2	66	80	0	0	63846	P1-34-11	0	-
600	117.244792	117.783854	Db3	73	80	0	0	63846	P1-34-12	0	-
601	117.261719	117.579427	Ab3	61	80	0	0	63846	P1-34-3	0	-
602	117.592448	117.889323	Ab3	63	80	0	0	64086	P1-34-4	0	-
603	117.973958	118.658854	Eb3	79	80	0	0	64326	P1-34-14	0	-
604	117.976562	118.688802	Eb2	68	80	0	0	64326	P1-34-13	0	-
605	117.981771	118.339844	Ab3	72	80	0	0	64326	P1-34-5	0	-
606	118.345052	118.699219	Ab3	64	80	0	0	64566	P1-34-6	0	-
607	118.699219	119.239583	Fb3	71	80	0	0	64806	P1-34-16	0	-
608	118.707031	119.569010	Db2	64	80	0	0	64806	P1-34-15	0	-
609	118.712240	118.989583	C#3	65	80	0	0	64806	*	3	-
610	118.713542	118.897135	Ab3	59	80	0	0	64806	P1-34-7	0	-
611	119.065104	119.359375	Ab3	65	80	0	0	65046	P1-34-8	0	-
612	119.505208	122.500000	Eb3	71	80	0	0	65286	P1-35-17	0	-
613	119.514323	119.773438	Ab3	65	80	0	0	65286	P1-35-1	0	-
614	119.528646	120.609375	Ab2	56	80	0	0	65286	P1-35-16	0	-
615	119.925781	120.114583	Ab4	70	80	0	0	65526	P1-35-3	0	-
616	119.928385	120.114583	Ab3	56	80	0	0	65526	P1-35-2	0	-
617	120.261719	120.484375	Ab4	76	80	0	0	66246	P1-35-9	0	-
618	120.322917	120.467448	Ab3	49	80	0	0	65766	P1-35-4	0	-
619	120.619792	120.855469	Ab4	64	80	0	0	66006	P1-35-7	0	-
620	120.662760	120.852865	Ab3	51	80	0	0	66006	P1-35-6	0	-
621	120.673177	121.959635	G#2	45	80	0	0	-1	*	3	-
622	120.984375	121.222656	Ab4	72	80	0	0	66486	P1-35-11	0	-
623	121.024740	121.214844	Ab3	46	80	0	0	66486	P1-35-10	0	-
624	121.348958	121.585938	Ab4	75	80	0	0	66726	P1-35-13	0	-
625	121.376302	121.549479	Ab3	51	80	0	0	66726	P1-35-12	0	-
626	121.722656	121.930990	Ab4	63	80	0	0	66966	P1-35-15	0	-
627	121.742188	121.916667	Ab3	47	80	0	0	66966	P1-35-14	0	-
628	122.096354	122.489583	Ab4	60	80	0	0	67206	P1-36-2	0	-
629	122.123698	122.500000	Ab3	38	80	0	0	67206	P1-36-1	0	-
630	122.125000	122.500000	Ab2	34	80	0	0	67206	P1-36-20	0	-
631	122.554688	123.449219	Db2	59	80	0	0	67206	P1-36-19	0	-
632	122.611979	122.869792	Ab4	55	80	0	0	67206	*	3	-
633	122.972656	123.209635	Ab4	60	80	0	0	67446	P1-36-4	0	-
634	123.007812	123.139323	Ab3	39	80	0	0	67446	P1-36-3	0	-
635	123.315104	123.679688	Eb2	61	80	0	0	67686	P1-36-21	0	-
636	123.325521	123.688802	Ab4	67	80	0	0	67686	P1-36-6	0	-
637	123.343750	124.188802	Ab2	63	80	0	0	67686	P1-36-22	0	-
638	123.347656	123.979167	Ab3	62	80	0	0	67686	P1-36-5	0	-
639	123.694010	124.128906	Eb2	40	80	0	0	67686	*	3	-
640	123.694010	124.059896	Ab4	59	80	0	0	67926	P1-36-8	0	-
641	124.144531	124.739583	Db4	74	80	0	0	68166	P1-36-10	0	-
642	124.144531	124.459635	Ab4	76	80	0	0	68166	P1-36-11	0	-
643	124.166667	124.729167	Db3	58	80	0	0	68166	P1-36-24	0	-
644	124.207031	124.419271	Ab3	49	80	0	0	68166	P1-36-9	0	-
645	124.217448	124.959635	Fb2	49	80	0	0	68166	P1-36-23	0	-
646	124.541667	124.779948	Ab4	62	80	0	0	68406	P1-36-13	0	-
647	124.554688	124.729167	Ab3	52	80	0	0	68406	P1-36-12	0	-
648	124.891927	126.239583	C4	72	80	0	0	68646	P1-36-15	0	-
649	124.891927	125.229167	Ab4	81	80	0	0	68646	P1-36-16	0	-
650	124.911458	125.158854	Eb2	60	80	0	0	68646	P1-36-25	0	-
651	124.911458	125.239583	Ab3	63	80	0	0	68646	P1-36-14	0	-
652	124.919271	125.519531	C3	60	80	0	0	68646	P1-36-26	0	-
653	124.924479	125.229167	Eb3	62	80	0	0	-1	*	3	-
654	125.169271	125.609375	Eb2	48	80	0	0	-1	*	3	-
655	125.240885	125.476562	Ab4	73	80	0	0	68886	P1-36-18	0	-
656	125.248698	125.500000	Ab3	56	80	0	0	68886	P1-36-17	0	-
657	125.614583	125.826823	Ab4	89	80	0	0	69126	P1-37-2	0	-
658	125.619792	126.609375	Eb2	70	80	0	0	69126	P1-37-19	0	-
659	125.630208	125.908854	Ab3	71	80	0	0	69126	P1-37-1	0	-
660	125.953125	126.250000	Ab4	81	80	0	0	69366	P1-37-4	0	-
661	126.000000	126.188802	Ab3	44	80	0	0	69366	P1-37-3	0	-
662	126.319010	126.544271	Ab4	71	80	0	0	69606	P1-37-6	0	-
663	126.322917	127.500000	Fb2	70	80	0	0	69606	P1-37-21	0	-
664	126.337240	126.552083	Ab3	62	80	0	0	69606	P1-37-5	0	-
665	126.345052	126.979167	Ab2	62	80	0	0	69606	P1-37-22	0	-
666	126.680990	126.968750	Ab4	78	80	0	0	69846	P1-37-8	0	-
667	126.700521	126.938802	Ab3	66	80	0	0	69846	P1-37-7	0	-
668	127.065104	128.149740	Eb4	85	80	0	0	70086	P1-37-10	0	-
669	127.066406	127.408854	Ab4	89	80	0	0	70086	P1-37-11	0	-
670	127.092448	127.729167	Eb3	75	80	0	0	70086	P1-37-24	0	-
671	127.095052	127.739583	Ab3	71	80	0	0	70086	P1-37-9	0	-
672	127.102865	127.739583	Gb2	69	80	0	0	70086	P1-37-23	0	-
673	127.416667	127.789062	Ab4	78	80	0	0	70326	P1-37-13	0	-
674	127.796875	128.098958	Ab4	79	80	0	0	70566	P1-37-16	0	-
675	127.807292	128.158854	Db3	67	80	0	0	70566	P1-37-26	0	-
676	127.808594	129.049479	Db4	76	80	0	0	70566	P1-37-15	0	-
677	127.816406	128.459635	Fb2	62	80	0	0	70566	P1-37-25	0	-
678	127.875000	128.158854	Ab3	35	80	0	0	70566	P1-37-14	0	-
679	128.141927	128.509115	Ab4	75	80	0	0	70806	P1-37-18	0	-
680	128.167969	128.359375	Ab3	55	80	0	0	70806	P1-37-17	0	-
681	128.173177	128.309896	Db3	54	80	0	0	-1	*	3	-
682	128.516927	129.069010	Db3	82	80	0	0	71046	P1-38-21	0	-
683	128.519531	128.829427	Ab4	73	80	0	0	71046	P1-38-2	0	-
684	128.535156	129.239583	Fb2	66	80	0	0	71046	P1-38-20	0	-
685	128.535156	128.789062	Ab3	61	80	0	0	71046	P1-38-1	0	-
686	128.888021	129.139323	Ab4	76	80	0	0	71286	P1-38-4	0	-
687	128.902344	129.098958	Ab3	66	80	0	0	71286	P1-38-3	0	-
688	129.225260	129.559896	Ab4	73	80	0	0	71526	P1-38-7	0	-
689	129.226562	129.929688	Eb4	80	80	0	0	71526	P1-38-6	0	-
690	129.238281	129.569010	Ab2	67	80	0	0	71526	P1-38-22	0	-
691	129.243490	129.859375	Eb3	78	80	0	0	71526	P1-38-23	0	-
692	129.244792	129.489583	Ab3	67	80	0	0	71526	P1-38-5	0	-
693	129.571615	129.869792	Ab4	75	80	0	0	71766	P1-38-9	0	-
694	129.574219	129.799479	Ab3	53	80	0	0	71766	P1-38-8	0	-
695	129.579427	130.209635	G#2	47	80	0	0	71766	*	3	-
696	129.934896	130.319010	Ab4	89	80	0	0	72006	P1-38-12	0	-
697	129.936198	130.869792	Fb4	79	80	0	0	72006	P1-38-11	0	-
698	129.945312	130.509115	Db3	78	80	0	0	72006	P1-38-24	0	-
699	129.945312	130.204427	Ab3	75	80	0	0	72006	P1-38-10	0	-
700	129.953125	130.699219	Fb3	74	80	0	0	72006	P1-38-25	0	-
701	129.953125	129.959635	C#2	72	80	0	0	72006	*	3	-
702	130.334635	130.739583	Ab4	80	80	0	0	72246	P1-38-14	0	-
703	130.364583	130.639323	Ab3	58	80	0	0	72246	P1-38-13	0	-
704	130.743490	131.250000	Eb3	84	80	0	0	72486	P1-38-27	0	-
705	130.752604	131.128906	Ab4	74	80	0	0	72486	P1-38-17	0	-
706	130.753906	131.579427	Eb4	79	80	0	0	72486	P1-38-16	0	-
707	130.764323	130.988281	Ab2	73	80	0	0	72486	P1-38-26	0	-
708	130.766927	131.039062	Ab3	75	80	0	0	72486	P1-38-15	0	-
709	131.135417	131.598958	Ab4	75	80	0	0	72726	P1-38-19	0	-
710	131.153646	131.549479	Ab3	60	80	0	0	72726	P1-38-18	0	-
711	131.303385	131.559896	Ab1	88	80	0	0	72846	P1-38-28	0	-
712	131.308594	131.479167	G#2	86	80	0	0	72846	*	3	-
713	131.690104	132.109375	Ab4	91	80	0	0	72966	P1-39-3	0	-
714	131.694010	134.489583	Eb4	80	80	0	0	72966	P1-39-2	0	-
715	131.704427	132.109375	Ab3	82	80	0	0	72966	P1-39-1	0	-
716	131.704427	133.869792	Ab2	82	80	0	0	72966	P1-39-18	0	-
717	131.713542	131.718750	Eb3	83	80	0	0	72966	P1-39-19	0	-
718	131.720052	132.839844	G#1	76	80	0	0	72966	*	3	-
719	132.121094	132.449219	Ab4	81	80	0	0	73206	P1-39-5	0	-
720	132.123698	132.468750	Ab3	63	80	0	0	73206	P1-39-4	0	-
721	132.460938	132.739583	Ab4	83	80	0	0	73446	P1-39-7	0	-
722	132.475260	132.635417	Ab3	67	80	0	0	73446	P1-39-6	0	-
723	132.807292	133.054688	Ab4	80	80	0	0	73686	P1-39-9	0	-
724	132.828125	133.045573	Ab3	63	80	0	0	73686	P1-39-8	0	-
725	132.854167	133.250000	G#1	52	80	0	0	-1	*	3	-
726	133.173177	133.425781	Ab4	73	80	0	0	73926	P1-39-11	0	-
727	133.207031	133.429688	Ab3	59	80	0	0	73926	P1-39-10	0	-
728	133.257812	133.829427	G#1	44	80	0	0	74406	P1-39-15	1	-
729	133.542969	133.839844	Ab4	82	80	0	0	74166	P1-39-13	0	-
730	133.571615	133.809896	Ab3	60	80	0	0	74406	P1-39-14	0	-
731	133.933594	134.250000	Ab4	71	80	0	0	74646	P1-39-17	0	-
732	133.946615	134.209635	Ab3	55	80	0	0	74646	P1-39-16	0	-
733	134.011719	134.218750	G#1	54	80	0	0	-1	*	3	-
734	134.346354	134.519531	Ab3	67	80	0	0	-1	*	3	-
735	134.346354	134.639323	Ab4	73	80	0	0	-1	*	3	-
736	134.776042	135.319010	Cb5	88	80	0	0	74886	P1-40-4	0	-
737	134.778646	135.718750	Fb2	85	80	0	0	74886	P1-40-22	0	-
738	134.783854	135.549479	Fb1	81	80	0	0	74886	P1-40-21	0	-
739	134.783854	135.329427	Ab4	90	80	0	0	74886	P1-40-3	0	-
740	134.783854	135.809896	Fb4	85	80	0	0	74886	P1-40-2	0	-
741	134.783854	135.259115	Cb4	83	80	0	0	74886	P1-40-1	0	-
742	135.332031	135.729167	Cb5	85	80	0	0	75126	P1-40-6	0	-
743	135.335938	135.649740	Ab4	72	80	0	0	-1	*	3	-
744	135.341146	135.619792	Cb4	71	80	0	0	75126	P1-40-5	0	-
745	135.734375	135.979167	Fb2	58	80	0	0	-1	*	3	-
746	135.734375	136.000000	Ab4	59	80	0	0	-1	*	3	-
747	135.734375	135.989583	Cb5	67	80	0	0	75366	P1-40-8	0	-
748	135.740885	135.959635	Cb4	59	80	0	0	75366	P1-40-7	0	-
749	136.093750	136.309896	Cb5	65	80	0	0	75606	P1-40-10	0	-
750	136.096354	136.299479	Cb4	55	80	0	0	75606	P1-40-9	0	-
751	136.097656	136.269531	G#4	64	80	0	0	-1	*	3	-
752	136.425781	136.819010	Cb5	91	80	0	0	75846	P1-40-14	0	-
753	136.425781	137.639323	Eb4	93	80	0	0	75846	P1-40-12	0	-
754	136.425781	137.799479	Ab4	90	80	0	0	75846	P1-40-13	0	-
755	136.432292	136.959635	Cb3	85	80	0	0	75846	P1-40-24	0	-
756	136.433594	136.759115	Cb4	86	80	0	0	75846	P1-40-11	0	-
757	136.434896	136.968750	Cb2	82	80	0	0	75846	P1-40-23	0	-
758	136.826823	137.158854	Cb5	79	80	0	0	76086	P1-40-16	0	-
759	136.834635	137.109375	Cb4	68	80	0	0	76086	P1-40-15	0	-
760	137.200521	137.449219	Cb4	64	80	0	0	76326	P1-40-17	0	-
761	137.203125	137.398438	Cb5	71	80	0	0	76326	P1-40-18	0	-
762	137.540365	137.799479	Cb5	72	80	0	0	76566	P1-40-20	0	-
763	137.542969	137.799479	Cb4	66	80	0	0	76566	P1-40-19	0	-
764	137.888021	138.269531	Cb5	90	80	0	0	76806	P1-41-4	0	-
765	137.888021	138.269531	Ab4	95	80	0	0	76806	P1-41-3	0	-
766	137.890625	139.098958	Fb4	87	80	0	0	76806	P1-41-2	0	-
767	137.893229	138.479167	Fb2	85	80	0	0	76806	P1-41-22	0	-
768	137.903646	138.359375	Fb1	84	80	0	0	76806	P1-41-21	0	-
769	137.903646	138.279948	Cb4	80	80	0	0	76806	P1-41-1	0	-
770	138.274740	138.490885	Cb5	81	80	0	0	77046	P1-41-6	0	-
771	138.283854	138.502604	G#4	80	80	0	0	77046	*	3	-
772	138.286458	138.529948	Cb4	67	80	0	0	77046	P1-41-5	0	-
773	138.632812	138.855469	Cb5	81	80	0	0	77286	P1-41-8	0	-
774	138.632812	138.899740	G#4	71	80	0	0	77286	*	3	-
775	138.643229	138.878906	Cb4	67	80	0	0	77286	P1-41-7	0	-
776	138.985677	139.213542	Cb5	75	80	0	0	77526	P1-41-10	0	-
777	138.985677	139.229167	G#4	66	80	0	0	77526	*	3	-
778	138.993490	139.229167	Cb4	80	80	0	0	77526	P1-41-9	0	-
779	139.326823	139.889323	Cb3	86	80	0	0	77766	P1-41-24	0	-
780	139.326823	139.718750	Cb4	86	80	0	0	77766	P1-41-11	0	-
781	139.329427	140.819010	Ab4	93	80	0	0	77766	P1-41-13	0	-
782	139.332031	139.709635	Cb5	88	80	0	0	77766	P1-41-14	0	-
783	139.334635	140.658854	Eb4	93	80	0	0	77766	P1-41-12	0	-
784	139.335938	140.299479	Cb2	84	80	0	0	77766	P1-41-23	0	-
785	139.722656	140.019531	Cb5	84	80	0	0	78006	P1-41-16	0	-
786	139.733073	139.968750	Cb4	72	80	0	0	78006	P1-41-15	0	-
787	140.102865	140.489583	Cb5	81	80	0	0	78246	P1-41-18	0	-
788	140.108073	140.389323	Cb4	80	80	0	0	78246	P1-41-17	0	-
789	140.492188	140.848958	Bb2	81	80	0	0	78486	P1-41-26	0	-
790	140.494792	140.869792	Cb4	80	80	0	0	78486	P1-41-19	0	-
791	140.494792	140.919271	Cb5	83	80	0	0	78486	P1-41-20	0	-
792	140.500000	140.899740	Bb1	80	80	0	0	78486	P1-41-25	0	-
793	140.927083	141.359375	Ab4	96	80	0	0	78726	*	3	-
794	140.932292	141.949219	Eb4	91	80	0	0	78726	P1-42-2	0	-
795	140.933594	141.359375	Cb4	87	80	0	0	78726	*	3	-
796	140.933594	141.348958	Cb5	88	80	0	0	78726	*	3	-
797	140.934896	141.769531	Ab2	87	80	0	0	78726	P1-42-22	0	-
798	140.938802	141.688802	Ab1	84	80	0	0	78726	P1-42-21	0	-
799	141.355469	141.709635	Cb5	80	80	0	0	78726	P1-42-4	0	-
800	141.371094	142.059896	Ab4	73	80	0	0	78726	P1-42-3	0	-
801	141.372396	141.658854	Cb4	72	80	0	0	78726	P1-42-1	0	-
802	141.723958	142.000000	Cb5	63	80	0	0	79206	P1-42-8	0	-
803	141.725260	141.968750	Cb4	61	80	0	0	79206	P1-42-7	0	-
804	141.776042	142.019531	Ab2	59	80	0	0	79686	P1-42-24	1	-
805	141.776042	141.889323	Ab1	52	80	0	0	79686	P1-42-23	1	-
806	142.084635	142.339844	Cb5	78	80	0	0	79446	P1-42-10	0	-
807	142.093750	142.329427	Cb4	75	80	0	0	79446	P1-42-9	0	-
808	142.111979	142.319010	G#4	63	80	0	0	-1	*	3	-
809	142.436198	142.742188	Cb5	84	80	0	0	79686	P1-42-14	0	-
810	142.444010	143.899740	G4	79	80	0	0	79686	P1-42-13	0	-
811	142.445312	143.329427	Eb3	83	80	0	0	-1	*	3	-
812	142.453125	143.938802	Eb4	79	80	0	0	79686	P1-42-12	0	-
813	142.453125	143.739583	Eb2	73	80	0	0	-1	*	3	-
814	142.472656	142.799479	Cb4	71	80	0	0	79686	P1-42-11	0	-
815	142.863281	143.218750	Cb5	83	80	0	0	79926	P1-42-16	0	-
816	142.872396	143.139323	Cb4	67	80	0	0	79926	P1-42-15	0	-
817	143.225260	143.529948	Cb5	78	80	0	0	80166	P1-42-18	0	-
818	143.235677	143.475260	Cb4	69	80	0	0	80166	P1-42-17	0	-
819	143.618490	144.139323	Cb5	76	80	0	0	80406	P1-42-20	0	-
820	143.632812	143.889323	Cb4	60	80	0	0	80406	P1-42-19	0	-
821	144.145833	144.419271	Cb5	64	80	0	0	80646	P1-43-4	0	-
822	144.153646	144.372396	Ab4	65	80	0	0	80646	P1-43-3	0	-
823	144.162760	144.378906	Cb4	52	80	0	0	80646	P1-43-1	0	-
824	144.162760	144.408854	Eb4	50	80	0	0	80646	P1-43-2	0	-
825	144.183594	144.342448	G#3	53	80	0	0	80646	*	3	-
826	144.184896	147.089844	Ab1	47	80	0	0	80646	P1-43-12	0	-
827	144.187500	144.326823	Ab2	49	80	0	0	80646	P1-43-13	0	-
828	144.554688	144.751302	Ab3	59	80	0	0	80886	P1-43-5	0	-
829	144.555990	145.158854	B3	52	80	0	0	80886	*	3	-
830	144.930990	145.082031	Ab3	61	80	0	0	81126	P1-43-6	0	-
831	145.295573	145.471354	Ab3	46	80	0	0	81366	P1-43-7	0	-
832	145.302083	145.509115	G#2	40	80	0	0	81366	*	3	-
833	145.671875	145.835938	Ab3	46	80	0	0	81606	P1-43-8	0	-
834	145.673177	146.949219	G#2	43	80	0	0	81606	*	3	-
835	146.058594	146.279948	Ab3	44	80	0	0	81846	P1-43-9	0	-
836	146.459635	146.699219	Ab3	39	80	0	0	82086	P1-43-10	0	-
837	146.885417	147.119792	Ab3	37	80	0	0	82326	P1-43-11	0	-
838	147.384115	147.679688	Ab3	42	80	0	0	82566	P1-44-1	0	-
839	147.386719	148.309896	Db2	43	80	0	0	82566	P1-44-9	0	-
840	147.402344	147.899740	C#3	41	80	0	0	82566	*	3	-
841	147.427083	147.919271	Ab2	36	80	0	0	82566	P1-44-10	0	-
842	147.807292	147.979167	Ab3	42	80	0	0	82806	P1-44-2	0	-
843	148.178385	148.419271	Ab3	45	80	0	0	83046	P1-44-3	0	-
844	148.182292	148.949219	Eb2	49	80	0	0	83046	P1-44-11	0	-
845	148.186198	148.908854	Ab2	48	80	0	0	83046	P1-44-12	0	-
846	148.546875	148.729167	Ab3	50	80	0	0	83286	P1-44-4	0	-
847	148.973958	149.729167	Db3	59	80	0	0	83526	P1-44-14	0	-
848	148.973958	149.229167	Ab3	51	80	0	0	83526	P1-44-5	0	-
849	148.993490	149.750000	Fb2	49	80	0	0	83526	P1-44-13	0	-
850	149.343750	149.539062	Ab3	50	80	0	0	83766	P1-44-6	0	-
851	149.726562	150.389323	C3	50	80	0	0	84006	P1-44-16	0	-
852	149.726562	150.218750	Eb2	50	80	0	0	84006	P1-44-15	0	-
853	149.731771	150.149740	Eb3	48	80	0	0	84006	*	3	-
854	149.733073	149.934896	Ab3	51	80	0	0	84006	P1-44-7	0	-
855	150.083333	150.309896	Ab3	53	80	0	0	84246	P1-44-8	0	-
856	150.446615	151.218750	Eb3	56	80	0	0	84486	*	3	-
857	150.451823	150.729167	Ab3	55	80	0	0	84486	P1-45-1	0	-
858	150.454427	151.299479	Eb2	55	80	0	0	84486	P1-45-9	0	-
859	150.457031	151.199219	Ab2	56	80	0	0	84486	P1-45-10	0	-
860	150.462240	150.649740	G#1	58	80	0	0	84486	*	3	-
861	150.805990	151.119792	Ab3	46	80	0	0	84726	P1-45-2	0	-
862	151.173177	152.109375	Fb2	61	80	0	0	84966	P1-45-11	0	-
863	151.180990	151.438802	Ab3	54	80	0	0	84966	P1-45-3	0	-
864	151.212240	151.799479	Ab2	54	80	0	0	84966	P1-45-12	0	-
865	151.542969	151.729167	Ab3	63	80	0	0	85206	P1-45-4	0	-
866	151.904948	152.609375	Eb3	65	80	0	0	85446	P1-45-14	0	-
867	151.932292	152.679688	Gb2	59	80	0	0	85446	P1-45-13	0	-
868	151.937500	152.279948	Ab3	60	80	0	0	85446	P1-45-5	0	-
869	152.291667	152.529948	Ab3	53	80	0	0	85686	P1-45-6	0	-
870	152.652344	153.000000	Db3	66	80	0	0	85926	P1-45-16	0	-
871	152.675781	152.863281	Ab3	60	80	0	0	85926	P1-45-7	0	-
872	152.703125	153.250000	Fb2	53	80	0	0	85926	P1-45-15	0	-
873	153.005208	153.233073	Db3	51	80	0	0	85926	*	3	-
874	153.005208	153.239583	Ab3	61	80	0	0	86166	P1-45-8	0	-
875	153.385417	154.229167	Db3	70	80	0	0	86406	P1-46-10	0	-
876	153.401042	153.589844	Ab3	67	80	0	0	86406	P1-46-1	0	-
877	153.423177	154.149740	Fb2	56	80	0	0	86406	P1-46-9	0	-
878	153.744792	153.875000	Ab3	70	80	0	0	86646	P1-46-2	0	-
879	154.104167	154.919271	Eb3	65	80	0	0	86886	P1-46-12	0	-
880	154.115885	154.378906	Ab3	62	80	0	0	86886	P1-46-3	0	-
881	154.115885	154.128906	G#1	62	80	0	0	86886	*	3	-
882	154.122396	154.500000	Ab2	61	80	0	0	86886	P1-46-11	0	-
883	154.455729	154.658854	Ab3	50	80	0	0	87126	P1-46-4	0	-
884	154.514323	155.029948	G#2	44	80	0	0	87126	*	3	-
885	154.813802	155.589844	Fb3	60	80	0	0	87366	P1-46-14	0	-
886	154.837240	155.649740	Db3	49	80	0	0	87366	P1-46-13	0	-
887	154.842448	155.109375	Ab3	56	80	0	0	87366	P1-46-5	0	-
888	154.845052	154.859375	C#2	49	80	0	0	87366	*	3	-
889	155.177083	155.408854	Ab3	53	80	0	0	87606	P1-46-6	0	-
890	155.522135	156.139323	Eb4	55	80	0	0	87846	*	3	-
891	155.527344	156.209635	Eb3	61	80	0	0	87846	P1-46-16	0	-
892	155.532552	155.759115	Ab3	51	80	0	0	87846	P1-46-7	0	-
893	155.544271	155.809896	Ab2	50	80	0	0	87846	P1-46-15	0	-
894	155.903646	156.149740	Ab3	48	80	0	0	88086	P1-46-8	0	-
895	155.903646	156.139323	Ab2	42	80	0	0	88326	*	3	-
896	156.292969	158.059896	Eb3	56	80	0	0	88326	P1-47-10	0	-
897	156.305990	156.628906	Ab3	45	80	0	0	88326	P1-47-1	0	-
898	156.311198	156.569010	Ab2	46	80	0	0	88326	P1-47-9	0	-
899	156.640625	158.679688	Ab2	41	80	0	0	88326	*	3	-
900	156.641927	156.899740	Ab3	44	80	0	0	88326	*	3	-
901	156.992188	157.209635	Ab3	50	80	0	0	88566	P1-47-2	0	-
902	157.345052	157.609375	Ab3	59	80	0	0	88806	P1-47-3	0	-
903	157.713542	157.833333	Ab3	41	80	0	0	89046	P1-47-4	0	-
904	158.053385	158.250000	Ab3	46	80	0	0	89286	P1-47-5	0	-
905	158.065104	159.718750	Eb3	28	80	0	0	89526	P1-47-6	1	-
906	158.404948	158.505208	Ab3	47	80	0	0	89766	P1-47-7	0	-
907	158.748698	158.873698	Ab3	41	80	0	0	90006	P1-47-8	0	-
908	158.757812	159.329427	G#2	29	80	0	0	90006	*	3	-
909	159.115885	159.339844	Ab3	47	80	0	0	90246	P1-48-1	0	-
910	159.483073	159.799479	Ab3	40	80	0	0	90486	P1-48-2	0	-
911	159.485677	160.188802	G#2	34	80	0	0	90486	*	3	-
912	159.889323	160.489583	Fb3	45	80	0	0	90726	P1-48-12	0	-
913	159.916667	160.408854	Db3	38	80	0	0	90726	P1-48-11	0	-
914	159.924479	160.139323	Ab3	38	80	0	0	90726	P1-48-3	0	-
915	160.255208	160.365885	Ab3	46	80	0	0	90966	P1-48-4	0	-
916	160.602865	161.169271	Eb3	53	80	0	0	91206	P1-48-14	0	-
917	160.605469	160.839844	Ab3	49	80	0	0	91206	P1-48-5	0	-
918	160.613281	160.949219	Ab2	52	80	0	0	91206	P1-48-13	0	-
919	160.954427	161.119792	Ab3	45	80	0	0	91446	P1-48-6	0	-
920	160.957031	161.348958	G#2	36	80	0	0	91446	*	3	-
921	161.291667	162.019531	Db3	48	80	0	0	91686	P1-48-16	0	-
922	161.298177	161.539062	Ab3	50	80	0	0	91686	P1-48-7	0	-
923	161.313802	162.009115	Fb2	47	80	0	0	91686	P1-48-15	0	-
924	161.643229	161.819010	Ab3	48	80	0	0	91926	P1-48-8	0	-
925	161.992188	162.639323	Eb3	56	80	0	0	92166	P1-49-10	0	-
926	162.003906	162.289062	Ab3	52	80	0	0	92166	P1-49-1	0	-
927	162.009115	162.019531	G#1	53	80	0	0	92166	*	3	-
928	162.009115	162.688802	Ab2	54	80	0	0	92166	P1-49-9	0	-
929	162.363281	162.500000	Ab3	44	80	0	0	92406	P1-49-2	0	-
930	162.644531	163.158854	Db3	58	80	0	0	92646	P1-49-12	0	-
931	162.664062	163.309896	Fb2	57	80	0	0	92646	P1-49-11	0	-
932	162.665365	162.989583	Ab3	56	80	0	0	92646	P1-49-3	0	-
933	163.003906	163.158854	Ab3	46	80	0	0	92886	P1-49-4	0	-
934	163.345052	163.699219	Ab3	57	80	0	0	93126	P1-49-5	0	-
935	163.348958	163.769531	C3	54	80	0	0	93126	P1-49-14	0	-
936	163.354167	164.009115	Eb2	57	80	0	0	93126	P1-49-13	0	-
937	163.354167	164.000000	Eb3	56	80	0	0	93126	*	3	-
938	163.709635	163.824219	Ab3	53	80	0	0	93366	P1-49-6	0	-
939	164.023438	164.649740	Db3	62	80	0	0	93606	P1-49-16	0	-
940	164.026042	164.299479	Ab3	61	80	0	0	93606	P1-49-7	0	-
941	164.035156	164.709635	Fb2	56	80	0	0	93606	P1-49-15	0	-
942	164.375000	164.619792	Ab3	57	80	0	0	93846	P1-49-8	0	-
943	164.743490	165.269531	C3	67	80	0	0	94086	P1-50-10	0	-
944	164.743490	165.449219	Eb2	62	80	0	0	94086	P1-50-9	0	-
945	164.751302	165.039062	Ab3	68	80	0	0	94086	P1-50-1	0	-
946	165.092448	165.329427	Ab3	64	80	0	0	94326	P1-50-2	0	-
947	165.433594	166.059896	Db3	66	80	0	0	94566	P1-50-12	0	-
948	165.434896	166.699219	Fb2	67	80	0	0	94566	P1-50-11	0	-
949	165.434896	165.699219	Ab3	62	80	0	0	94566	P1-50-3	0	-
950	165.776042	166.039062	Ab3	69	80	0	0	94806	P1-50-4	0	-
951	166.160156	166.395833	Ab3	60	80	0	0	95046	P1-50-5	0	-
952	166.161458	166.739583	Eb3	74	80	0	0	95046	P1-50-14	0	-
953	166.165365	166.859375	Eb2	58	80	0	0	95046	P1-50-13	0	-
954	166.532552	166.899740	Ab3	63	80	0	0	95286	P1-50-6	0	-
955	166.863281	167.759115	Db2	58	80	0	0	95526	P1-50-15	0	-
956	166.864583	167.419271	Fb3	66	80	0	0	95526	P1-50-16	0	-
957	166.914062	167.072917	Ab3	50	80	0	0	95526	P1-50-7	0	-
958	167.231771	167.539062	Ab3	63	80	0	0	95766	P1-50-8	0	-
959	167.634115	170.519531	Eb3	69	80	0	0	96006	P1-51-17	0	-
960	167.639323	168.419271	Ab2	60	80	0	0	96006	P1-51-16	0	-
961	167.683594	168.109375	Ab3	54	80	0	0	96006	P1-51-1	0	-
962	168.117188	168.296875	Ab4	71	80	0	0	96246	P1-51-3	0	-
963	168.122396	168.276042	Ab3	53	80	0	0	96246	P1-51-2	0	-
964	168.432292	170.579427	G#2	42	80	0	0	96486	*	3	-
965	168.433594	168.643229	Ab4	66	80	0	0	96486	P1-51-5	0	-
966	168.445312	168.627604	Ab3	51	80	0	0	96486	P1-51-4	0	-
967	168.774740	168.971354	Ab4	74	80	0	0	96726	P1-51-7	0	-
968	168.805990	168.958333	Ab3	55	80	0	0	96726	P1-51-6	0	-
969	169.132812	169.343750	Ab4	59	80	0	0	96966	P1-51-9	0	-
970	169.157552	169.322917	Ab3	49	80	0	0	96966	P1-51-8	0	-
971	169.476562	169.712240	Ab4	66	80	0	0	97206	P1-51-11	0	-
972	169.493490	169.703125	Ab3	60	80	0	0	97206	P1-51-10	0	-
973	169.847656	170.065104	Ab4	64	80	0	0	97446	P1-51-13	0	-
974	169.858073	170.109375	Ab3	53	80	0	0	97446	P1-51-12	0	-
975	170.195312	170.519531	Ab4	58	80	0	0	97686	P1-51-15	0	-
976	170.223958	170.479167	Ab3	41	80	0	0	97686	P1-51-14	0	-
977	170.614583	171.739583	Db2	65	80	0	0	97926	P1-52-19	0	-
978	170.644531	170.852865	Ab4	69	80	0	0	97926	P1-52-2	0	-
979	170.665365	170.989583	Ab3	54	80	0	0	97926	P1-52-1	0	-
980	170.679688	171.199219	Ab2	50	80	0	0	97926	P1-52-20	0	-
981	170.986979	171.229167	Ab4	68	80	0	0	98166	P1-52-4	0	-
982	170.997396	171.209635	Ab3	57	80	0	0	98166	P1-52-3	0	-
983	171.329427	171.544271	Ab4	81	80	0	0	98406	P1-52-6	0	-
984	171.333333	171.699219	Eb2	66	80	0	0	98406	P1-52-21	0	-
985	171.337240	171.908854	Eb3	67	80	0	0	-1	*	3	-
986	171.348958	172.169271	Ab2	70	80	0	0	98406	P1-52-22	0	-
987	171.355469	171.619792	Ab3	71	80	0	0	98406	P1-52-5	0	-
988	171.673177	172.009115	Ab4	73	80	0	0	98646	P1-52-8	0	-
989	171.704427	172.098958	Eb2	48	80	0	0	-1	*	3	-
990	171.705729	172.009115	Ab3	61	80	0	0	98646	P1-52-7	0	-
991	172.113281	172.718750	Db3	82	80	0	0	98886	P1-52-24	0	-
992	172.115885	172.799479	Db4	74	80	0	0	98886	P1-52-10	0	-
993	172.123698	172.399740	Ab4	68	80	0	0	98886	P1-52-11	0	-
994	172.134115	172.419271	Ab3	67	80	0	0	98886	P1-52-9	0	-
995	172.143229	172.779948	Fb2	68	80	0	0	98886	P1-52-23	0	-
996	172.143229	172.149740	E4	60	80	0	0	-1	*	3	-
997	172.484375	172.658854	Ab4	57	80	0	0	99126	P1-52-13	0	-
998	172.501302	172.658854	Ab3	54	80	0	0	99126	P1-52-12	0	-
999	172.808594	173.069010	Ab4	73	80	0	0	99366	P1-52-16	0	-
1000	172.815104	173.348958	C3	72	80	0	0	99366	P1-52-26	0	-
1001	172.817708	173.089844	Ab3	64	80	0	0	99366	P1-52-14	0	-
1002	172.825521	173.348958	Eb2	66	80	0	0	99366	P1-52-25	0	-
1003	173.143229	173.389323	Ab4	72	80	0	0	99606	P1-52-18	0	-
1004	173.153646	173.389323	Ab3	66	80	0	0	99606	P1-52-17	0	-
1005	173.496094	173.839844	Ab4	85	80	0	0	99846	P1-53-2	0	-
1006	173.502604	174.209635	Eb2	72	80	0	0	99846	P1-53-19	0	-
1007	173.503906	174.128906	Eb3	78	80	0	0	99846	*	3	-
1008	173.515625	174.009115	Ab2	76	80	0	0	99846	P1-53-20	0	-
1009	173.520833	173.859375	Ab3	77	80	0	0	99846	P1-53-1	0	-
1010	173.846354	174.089844	Ab4	74	80	0	0	100086	P1-53-4	0	-
1011	173.873698	174.059896	Ab3	55	80	0	0	100086	P1-53-3	0	-
1012	174.170573	174.179688	E3	68	80	0	0	100326	*	3	-
1013	174.173177	174.739583	Fb2	68	80	0	0	100326	P1-53-21	0	-
1014	174.174479	174.509115	Ab4	81	80	0	0	100326	P1-53-6	0	-
1015	174.178385	174.739583	Ab2	66	80	0	0	100326	P1-53-22	0	-
1016	174.182292	174.438802	Ab3	71	80	0	0	100326	P1-53-5	0	-
1017	174.515625	174.829427	Ab4	77	80	0	0	100566	P1-53-8	0	-
1018	174.520833	174.829427	Ab3	64	80	0	0	100566	P1-53-7	0	-
1019	174.932292	175.269531	Ab4	78	80	0	0	100806	P1-53-11	0	-
1020	174.933594	175.769531	Eb4	74	80	0	0	100806	P1-53-10	0	-
1021	174.936198	175.408854	Eb3	75	80	0	0	100806	P1-53-24	0	-
1022	174.942708	175.589844	Gb2	66	80	0	0	100806	P1-53-23	0	-
1023	174.945312	175.299479	Ab3	66	80	0	0	100806	P1-53-9	0	-
1024	174.951823	175.309896	G#2	60	80	0	0	100806	*	3	-
1025	175.281250	175.549479	Ab4	72	80	0	0	101046	P1-53-13	0	-
1026	175.312500	175.519531	Ab3	55	80	0	0	101046	P1-53-12	0	-
1027	175.636719	176.799479	Db4	81	80	0	0	101286	P1-53-15	0	-
1028	175.636719	175.968750	Ab4	85	80	0	0	101286	P1-53-16	0	-
1029	175.654948	176.059896	Db3	78	80	0	0	101286	P1-53-26	0	-
1030	175.657552	176.139323	Ab3	75	80	0	0	101286	P1-53-14	0	-
1031	175.664062	176.128906	Fb2	69	80	0	0	101286	P1-53-25	0	-
1032	175.977865	176.229167	Ab4	80	80	0	0	101526	P1-53-18	0	-
1033	176.333333	176.639323	Ab4	86	80	0	0	101766	P1-54-2	0	-
1034	176.339844	176.859375	Db3	75	80	0	0	101766	P1-54-21	0	-
1035	176.343750	176.609375	Ab3	76	80	0	0	101766	P1-54-1	0	-
1036	176.346354	176.899740	Fb2	72	80	0	0	101766	P1-54-20	0	-
1037	176.691406	176.908854	Ab4	90	80	0	0	102006	P1-54-4	0	-
1038	176.695312	176.908854	Ab3	78	80	0	0	102006	P1-54-3	0	-
1039	177.024740	177.359375	Ab4	86	80	0	0	102246	P1-54-7	0	-
1040	177.024740	177.809896	Eb4	79	80	0	0	102246	P1-54-6	0	-
1041	177.045573	177.369792	Ab3	67	80	0	0	102246	P1-54-5	0	-
1042	177.053385	178.059896	Ab2	65	80	0	0	102246	P1-54-22	0	-
1043	177.054688	177.688802	Eb3	74	80	0	0	102246	P1-54-23	0	-
1044	177.367188	177.639323	Ab4	79	80	0	0	102486	P1-54-9	0	-
1045	177.382812	177.628906	Ab3	54	80	0	0	102486	P1-54-8	0	-
1046	177.704427	178.468750	Fb4	87	80	0	0	102726	P1-54-11	0	-
1047	177.713542	178.039062	Ab4	84	80	0	0	102726	P1-54-12	0	-
1048	177.726562	178.169271	Db3	73	80	0	0	102726	P1-54-24	0	-
1049	177.727865	178.269531	Fb3	73	80	0	0	102726	P1-54-25	0	-
1050	177.743490	178.059896	Ab3	69	80	0	0	102726	P1-54-10	0	-
1051	178.115885	178.419271	Ab4	79	80	0	0	102966	P1-54-14	0	-
1052	178.139323	178.378906	Ab3	61	80	0	0	102966	P1-54-13	0	-
1053	178.472656	178.819010	Eb3	80	80	0	0	103206	P1-54-27	0	-
1054	178.505208	178.759115	G#1	74	80	0	0	103206	*	3	-
1055	178.507812	178.809896	Ab4	92	80	0	0	103206	P1-54-17	0	-
1056	178.513021	178.679688	Ab2	78	80	0	0	103206	P1-54-26	0	-
1057	178.514323	179.158854	Eb4	83	80	0	0	103206	P1-54-16	0	-
1058	178.523438	178.769531	Ab3	81	80	0	0	103206	P1-54-15	0	-
1059	178.851562	179.239583	Ab4	84	80	0	0	103446	P1-54-19	0	-
1060	178.875000	178.919271	Ab3	61	80	0	0	103446	P1-54-18	0	-
1061	178.927083	179.218750	Ab3	60	80	0	0	103446	*	3	-
1062	178.994792	179.239583	Ab1	85	80	0	0	103566	P1-54-28	0	-
1063	178.994792	179.149740	G#2	83	80	0	0	103566	*	3	-
1064	179.334635	182.009115	Eb4	81	80	0	0	103686	P1-55-2	0	-
1065	179.337240	179.699219	Ab4	97	80	0	0	103686	P1-55-3	0	-
1066	179.343750	179.739583	Ab3	88	80	0	0	103686	P1-55-1	0	-
1067	179.354167	181.000000	Ab2	80	80	0	0	103686	P1-55-18	0	-
1068	179.358073	179.649740	Eb3	76	80	0	0	103686	P1-55-19	0	-
1069	179.365885	180.619792	G#1	69	80	0	0	103686	*	3	-
1070	179.707031	180.049479	Ab4	81	80	0	0	103926	P1-55-5	0	-
1071	179.744792	180.079427	Ab3	71	80	0	0	103926	P1-55-4	0	-
1072	180.055990	180.227865	Ab4	82	80	0	0	104166	P1-55-7	0	-
1073	180.084635	180.269531	Ab3	59	80	0	0	104166	P1-55-6	0	-
1074	180.382812	180.584635	Ab4	82	80	0	0	104406	P1-55-9	0	-
1075	180.389323	180.562500	Ab3	68	80	0	0	104406	P1-55-8	0	-
1076	180.727865	180.914062	Ab4	84	80	0	0	104646	P1-55-11	0	-
1077	180.730469	180.938802	Ab3	62	80	0	0	104646	P1-55-10	0	-
1078	181.074219	181.339844	Ab4	82	80	0	0	104886	P1-55-13	0	-
1079	181.075521	181.239583	Ab3	63	80	0	0	104886	P1-55-12	0	-
1080	181.253906	181.359375	Ab3	47	80	0	0	104886	*	3	-
1081	181.441406	181.789062	Ab4	87	80	0	0	105126	P1-55-15	0	-
1082	181.476562	181.739583	Ab3	64	80	0	0	105126	P1-55-14	0	-
1083	181.885417	182.158854	Ab4	87	80	0	0	105366	P1-55-17	0	-
1084	181.886719	182.109375	Ab3	70	80	0	0	105366	P1-55-16	0	-
1085	182.342448	182.878906	Cb5	89	80	0	0	105606	*	3	-
1086	182.342448	182.878906	Ab4	95	80	0	0	105606	*	3	-
1087	182.343750	182.579427	Fb2	89	80	0	0	105606	*	3	-
1088	182.343750	182.878906	Cb4	88	80	0	0	105606	*	3	-
1089	182.343750	183.378906	Fb4	88	80	0	0	105606	P1-56-2	0	-
1090	182.351562	183.468750	Fb1	87	80	0	0	105606	P1-56-21	0	-
1091	182.587240	183.329427	Fb2	53	80	0	0	105606	P1-56-22	0	-
1092	182.890625	183.149740	Cb5	83	80	0	0	105606	P1-56-4	0	-
1093	182.891927	183.279948	Ab4	72	80	0	0	105606	P1-56-3	0	-
1094	182.893229	183.229167	Cb4	70	80	0	0	105606	P1-56-1	0	-
1095	183.282552	183.619792	Cb5	82	80	0	0	106086	P1-56-8	0	-
1096	183.289062	183.819010	Ab4	67	80	0	0	-1	*	3	-
1097	183.289062	183.579427	Cb4	62	80	0	0	106086	P1-56-7	0	-
1098	183.342448	183.968750	Fb2	44	80	0	0	-1	*	3	-
1099	183.664062	183.899740	Cb5	73	80	0	0	106326	P1-56-10	0	-
1100	183.664062	183.919271	Cb4	77	80	0	0	106326	P1-56-9	0	-
1101	184.003906	184.408854	Cb5	90	80	0	0	106566	P1-56-14	0	-
1102	184.003906	184.359375	Cb4	90	80	0	0	106566	P1-56-11	0	-
1103	184.005208	185.319010	Eb4	93	80	0	0	106566	P1-56-12	0	-
1104	184.005208	184.408854	Ab4	96	80	0	0	106566	P1-56-13	0	-
1105	184.009115	184.688802	Cb3	92	80	0	0	106566	P1-56-24	0	-
1106	184.014323	185.079427	Cb2	91	80	0	0	106566	P1-56-23	0	-
1107	184.415365	184.779948	G#4	69	80	0	0	-1	*	3	-
1108	184.420573	184.729167	Cb5	84	80	0	0	106806	P1-56-16	0	-
1109	184.425781	184.688802	Cb4	71	80	0	0	106806	P1-56-15	0	-
1110	184.789062	185.098958	Cb5	82	80	0	0	107046	P1-56-18	0	-
1111	184.794271	185.119792	G#4	65	80	0	0	-1	*	3	-
1112	184.795573	185.059896	Cb4	76	80	0	0	107046	P1-56-17	0	-
1113	185.156250	185.419271	Cb5	74	80	0	0	107286	P1-56-20	0	-
1114	185.156250	185.408854	G#4	67	80	0	0	-1	*	3	-
1115	185.162760	185.369792	Cb4	62	80	0	0	107286	P1-56-19	0	-
1116	185.516927	185.878906	Cb5	88	80	0	0	107526	P1-57-4	0	-
1117	185.518229	186.269531	Ab4	93	80	0	0	107526	P1-57-3	0	-
1118	185.523438	185.889323	Cb4	83	80	0	0	107526	P1-57-1	0	-
1119	185.523438	186.829427	Fb4	86	80	0	0	107526	P1-57-2	0	-
1120	185.523438	186.968750	Fb2	88	80	0	0	107526	P1-57-22	0	-
1121	185.531250	186.779948	Fb1	87	80	0	0	107526	P1-57-21	0	-
1122	185.893229	186.269531	Cb5	81	80	0	0	107766	P1-57-6	0	-
1123	185.895833	186.218750	Cb4	72	80	0	0	107766	P1-57-5	0	-
1124	186.276042	186.598958	Cb5	86	80	0	0	108006	P1-57-8	0	-
1125	186.276042	186.649740	G#4	72	80	0	0	108006	*	3	-
1126	186.281250	186.529948	Cb4	72	80	0	0	108006	P1-57-7	0	-
1127	186.647135	186.929688	Cb5	78	80	0	0	108246	P1-57-10	0	-
1128	186.656250	186.929688	Cb4	77	80	0	0	108246	P1-57-9	0	-
1129	186.656250	186.908854	G#4	68	80	0	0	108246	*	3	-
1130	187.005208	188.589844	Ab4	93	80	0	0	108486	P1-57-13	0	-
1131	187.006510	187.539062	Cb3	87	80	0	0	108486	P1-57-24	0	-
1132	187.006510	187.369792	Cb5	90	80	0	0	108486	P1-57-14	0	-
1133	187.011719	188.459635	Eb4	92	80	0	0	108486	P1-57-12	0	-
1134	187.013021	188.128906	Cb2	84	80	0	0	108486	P1-57-23	0	-
1135	187.015625	187.369792	Cb4	81	80	0	0	108486	P1-57-11	0	-
1136	187.376302	187.750000	Cb5	76	80	0	0	108726	P1-57-16	0	-
1137	187.382812	187.619792	Cb4	59	80	0	0	108726	P1-57-15	0	-
1138	187.761719	188.199219	Cb5	83	80	0	0	108966	P1-57-18	0	-
1139	187.764323	188.128906	Cb4	82	80	0	0	108966	P1-57-17	0	-
1140	188.197917	188.569010	Bb2	96	80	0	0	109206	P1-57-26	0	-
1141	188.203125	188.619792	Bb1	91	80	0	0	109206	P1-57-25	0	-
1142	188.205729	188.649740	Cb5	80	80	0	0	109206	P1-57-20	0	-
1143	188.207031	188.649740	Cb4	85	80	0	0	109206	P1-57-19	0	-
1144	188.656250	189.869792	Ab2	95	80	0	0	109446	P1-58-22	0	-
1145	188.656250	190.019531	Eb4	91	80	0	0	109446	P1-58-2	0	-
1146	188.657552	189.079427	Ab4	97	80	0	0	109446	P1-58-3	0	-
1147	188.658854	189.069010	Cb4	90	80	0	0	109446	P1-58-1	0	-
1148	188.660156	189.069010	Cb5	85	80	0	0	109446	P1-58-4	0	-
1149	188.662760	189.649740	Ab1	89	80	0	0	109446	P1-58-21	0	-
1150	189.082031	189.429688	Cb5	79	80	0	0	109686	P1-58-6	0	-
1151	189.083333	189.438802	Cb4	72	80	0	0	109686	P1-58-5	0	-
1152	189.084635	190.069010	G#4	73	80	0	0	109686	*	3	-
1153	189.444010	189.750000	Cb5	80	80	0	0	109926	P1-58-8	0	-
1154	189.446615	189.739583	Cb4	77	80	0	0	109926	P1-58-7	0	-
1155	189.826823	190.109375	Cb5	82	80	0	0	110166	P1-58-10	0	-
1156	189.830729	190.098958	Cb4	80	80	0	0	110166	P1-58-9	0	-
1157	190.191406	191.809896	G4	91	80	0	0	110406	P1-58-13	0	-
1158	190.195312	190.579427	Cb5	86	80	0	0	110406	P1-58-14	0	-
1159	190.200521	190.908854	Cb4	83	80	0	0	110406	P1-58-11	0	-
1160	190.205729	191.739583	Eb4	86	80	0	0	110406	P1-58-12	0	-
1161	190.208333	191.309896	Eb2	69	80	0	0	110406	P1-58-23	0	-
1162	190.213542	191.188802	Eb3	80	80	0	0	110406	P1-58-24	0	-
1163	190.591146	190.830729	Cb5	76	80	0	0	110646	P1-58-16	0	-
1164	190.979167	191.309896	Cb5	79	80	0	0	110886	P1-58-18	0	-
1165	190.980469	191.329427	Cb4	74	80	0	0	110886	P1-58-17	0	-
1166	191.407552	191.859375	Cb5	84	80	0	0	111126	P1-58-20	0	-
1167	191.411458	191.750000	Cb4	69	80	0	0	111126	P1-58-19	0	-
1168	191.865885	194.039062	Cb5	82	80	0	0	111366	P1-59-4	0	-
1169	191.872396	192.299479	Eb4	80	80	0	0	111366	P1-59-2	0	-
1170	191.872396	193.529948	Cb4	74	80	0	0	111366	P1-59-1	0	-
1171	191.872396	192.319010	Ab4	85	80	0	0	111366	P1-59-3	0	-
1172	191.877604	194.459635	Ab1	69	80	0	0	111366	P1-59-12	0	-
1173	191.884115	194.250000	Ab2	76	80	0	0	111366	P1-59-13	0	-
1174	192.410156	192.789062	Ab4	76	80	0	0	111606	P1-59-5	0	-
1175	192.795573	192.996094	Ab4	79	80	0	0	111846	P1-59-6	0	-
1176	193.156250	193.377604	Ab4	66	80	0	0	112086	P1-59-7	0	-
1177	193.531250	193.751302	Ab4	61	80	0	0	112326	P1-59-8	0	-
1178	193.903646	194.153646	Ab4	63	80	0	0	112566	P1-59-9	0	-
1179	194.321615	194.511719	Ab4	59	80	0	0	112806	P1-59-10	0	-
1180	194.743490	194.959635	Ab4	61	80	0	0	113046	P1-59-11	0	-
1181	195.234375	196.809896	C5	71	80	0	0	113286	P1-60-3	0	-
1182	195.234375	195.709635	Ab4	57	80	0	0	113286	P1-60-2	0	-
1183	195.269531	196.669271	C4	51	80	0	0	113286	P1-60-1	0	-
1184	195.282552	196.669271	Gb3	43	80	0	0	113286	P1-60-15	0	-
1185	195.294271	196.598958	Gb2	46	80	0	0	113286	P1-60-13	0	-
1186	195.330729	196.718750	Ab2	46	80	0	0	113286	P1-60-14	0	-
1187	195.714844	196.079427	Ab4	58	80	0	0	113526	P1-60-4	0	-
1188	196.092448	196.459635	Ab4	51	80	0	0	113766	P1-60-5	0	-
1189	196.467448	196.739583	Ab4	65	80	0	0	114006	P1-60-6	0	-
1190	196.835938	198.429688	Db5	72	80	0	0	114246	P1-60-9	0	-
1191	196.856771	197.218750	Fb2	52	80	0	0	114246	P1-60-16	0	-
1192	196.868490	197.119792	Ab4	55	80	0	0	114246	P1-60-8	0	-
1193	196.868490	197.559896	Db4	55	80	0	0	114246	P1-60-7	0	-
1194	196.877604	197.199219	Ab2	48	80	0	0	114246	P1-60-17	0	-
1195	197.212240	197.559896	Ab4	61	80	0	0	114486	P1-60-10	0	-
1196	197.213542	197.848958	Ab2	42	80	0	0	114726	P1-60-20	0	-
1197	197.565104	197.859375	Ab4	62	80	0	0	114726	P1-60-11	0	-
1198	197.572917	198.000000	C#4	49	80	0	0	114726	P1-60-21	1	-
1199	197.574219	198.419271	Db2	60	80	0	0	114726	P1-60-19	0	-
1200	197.914062	198.269531	Ab4	70	80	0	0	114966	P1-60-12	0	-
1201	198.376302	200.549479	Eb5	82	80	0	0	115206	P1-61-4	0	-
1202	198.403646	200.479167	Eb4	69	80	0	0	115206	P1-61-1	0	-
1203	198.412760	200.500000	Ab1	48	80	0	0	115206	P1-61-15	0	-
1204	198.423177	200.369792	Ab2	45	80	0	0	115206	P1-61-16	0	-
1205	198.432292	198.617188	Ab4	54	80	0	0	115206	P1-61-2	0	-
1206	198.444010	200.628906	Db5	53	80	0	0	115206	P1-61-3	0	-
1207	198.755208	198.942708	Ab4	59	80	0	0	115446	P1-61-5	0	-
1208	199.115885	199.313802	Ab4	60	80	0	0	115686	P1-61-6	0	-
1209	199.467448	199.678385	Ab4	62	80	0	0	115446	*	3	-
1210	199.819010	200.119792	Ab4	73	80	0	0	115686	*	3	-
1211	200.201823	200.415365	Ab4	65	80	0	0	115926	P1-61-7	0	-
1212	200.561198	201.348958	Eb5	88	80	0	0	116166	P1-61-11	0	-
1213	200.579427	200.959635	Ab4	77	80	0	0	116166	P1-61-9	0	-
1214	200.583333	201.509115	C5	70	80	0	0	116166	P1-61-10	0	-
1215	200.583333	201.348958	Eb4	70	80	0	0	116166	P1-61-8	0	-
1216	200.615885	201.500000	Ab2	58	80	0	0	116646	P1-61-17	0	-
1217	200.615885	200.979167	Ab3	62	80	0	0	116646	P1-61-18	0	-
1218	200.972656	201.348958	Ab4	69	80	0	0	116886	P1-61-14	0	-
1219	201.454427	202.098958	Fb5	87	80	0	0	117126	P1-62-4	0	-
1220	201.476562	201.899740	Ab4	79	80	0	0	117126	P1-62-2	0	-
1221	201.477865	202.079427	Eb5	88	80	0	0	117126	P1-62-3	0	-
1222	201.505208	202.128906	Fb4	62	80	0	0	117126	P1-62-1	0	-
1223	201.506510	202.109375	G#2	49	80	0	0	117126	*	3	-
1224	201.507812	202.139323	Ab3	52	80	0	0	117126	P1-62-22	0	-
1225	201.542969	202.119792	Db3	48	80	0	0	117126	P1-62-21	0	-
1226	201.911458	202.063802	Ab4	71	80	0	0	117366	P1-62-5	0	-
1227	202.242188	202.959635	Fb5	80	80	0	0	117606	P1-62-9	0	-
1228	202.252604	202.569010	Ab4	68	80	0	0	117606	P1-62-7	0	-
1229	202.256510	202.899740	Db5	67	80	0	0	117606	P1-62-8	0	-
1230	202.268229	202.878906	Fb4	67	80	0	0	117606	P1-62-6	0	-
1231	202.575521	202.839844	Ab4	65	80	0	0	117846	P1-62-10	0	-
1232	202.964844	203.559896	Eb5	75	80	0	0	118086	P1-62-14	0	-
1233	202.976562	203.628906	Eb4	67	80	0	0	118086	P1-62-11	0	-
1234	202.977865	203.329427	Ab4	67	80	0	0	118086	P1-62-12	0	-
1235	202.988281	204.158854	Ab3	64	80	0	0	118086	P1-62-24	0	-
1236	202.993490	204.569010	Ab2	60	80	0	0	118086	P1-62-23	0	-
1237	203.026042	203.619792	Db5	50	80	0	0	118086	P1-62-13	0	-
1238	203.341146	203.529948	Ab4	69	80	0	0	118326	P1-62-15	0	-
1239	203.707031	204.359375	Eb5	76	80	0	0	118566	P1-62-19	0	-
1240	203.734375	204.019531	Ab4	74	80	0	0	118566	P1-62-17	0	-
1241	203.735677	204.848958	C5	59	80	0	0	118566	P1-62-18	0	-
1242	203.736979	204.519531	Eb4	62	80	0	0	118566	P1-62-16	0	-
1243	204.092448	204.408854	Ab4	70	80	0	0	118806	P1-62-20	0	-
1244	204.704427	205.188802	Ab4	68	80	0	0	119046	P1-63-2	0	-
1245	204.723958	207.989583	Db4	58	80	0	0	119046	P1-63-1	0	-
1246	204.734375	205.750000	A2	44	80	0	0	119046	P1-63-11	0	-
1247	204.761719	204.769531	A3	41	80	0	0	119046	P1-63-12	0	-
1248	205.200521	205.569010	Ab4	66	80	0	0	119286	P1-63-4	0	-
1249	205.578125	205.785156	Gb4	60	80	0	0	119526	P1-63-5	0	-
1250	205.582031	206.000000	G#4	57	80	0	0	119526	*	3	-
1251	205.934896	206.479167	Gb4	72	80	0	0	119766	P1-63-6	0	-
1252	206.317708	207.369792	Ab2	44	80	0	0	120006	P1-63-13	0	-
1253	206.319010	206.679688	Ab4	62	80	0	0	120006	P1-63-7	0	-
1254	206.684896	207.299479	Ab4	58	80	0	0	120246	P1-63-8	0	-
1255	207.065104	207.294271	A4	58	80	0	0	120486	P1-63-9	0	-
1256	207.074219	207.139323	Gb2	43	80	0	0	120486	P1-63-15	0	-
1257	207.075521	207.089844	F#1	42	80	0	0	120486	*	3	-
1258	207.080729	208.049479	Gb3	44	80	0	0	120486	P1-63-16	0	-
1259	207.145833	208.239583	Gb2	44	80	0	0	120486	*	3	-
1260	207.444010	207.829427	A4	69	80	0	0	120726	P1-63-10	0	-
1261	208.024740	209.609375	Eb4	58	80	0	0	120966	P1-64-2	0	-
1262	208.026042	209.459635	Ab4	60	80	0	0	120966	P1-64-3	0	-
1263	208.055990	208.459635	Ab3	49	80	0	0	120966	P1-64-10	0	-
1264	208.058594	209.539062	C4	48	80	0	0	120966	P1-64-1	0	-
1265	208.072917	209.399740	Ab2	42	80	0	0	120966	P1-64-18	0	-
1266	208.540365	208.661458	Ab3	48	80	0	0	121206	P1-64-11	0	-
1267	208.891927	209.139323	Ab3	55	80	0	0	121446	P1-64-12	0	-
1268	209.261719	209.509115	Ab3	60	80	0	0	121686	P1-64-13	0	-
1269	209.611979	210.709635	Fb4	63	80	0	0	121926	P1-64-5	0	-
1270	209.614583	210.199219	Ab4	63	80	0	0	121926	P1-64-6	0	-
1271	209.625000	210.158854	Db4	59	80	0	0	121926	P1-64-4	0	-
1272	209.632812	209.949219	Ab3	53	80	0	0	121926	P1-64-14	0	-
1273	209.643229	210.718750	Ab2	46	80	0	0	121926	P1-64-20	0	-
1274	209.671875	210.319010	Db2	47	80	0	0	121926	P1-64-19	0	-
1275	209.954427	210.084635	Ab3	49	80	0	0	122166	P1-64-15	0	-
1276	210.313802	210.769531	Bb3	70	80	0	0	122406	P1-64-7	0	-
1277	210.316406	210.839844	Db4	67	80	0	0	122406	P1-64-8	0	-
1278	210.317708	210.919271	Ab4	77	80	0	0	122406	P1-64-9	0	-
1279	210.332031	210.989583	C#2	53	80	0	0	122406	*	3	-
1280	210.360677	210.589844	Ab3	60	80	0	0	122406	P1-64-16	0	-
1281	210.696615	210.799479	Ab3	56	80	0	0	122646	P1-64-17	0	-
1282	211.011719	211.658854	Ab4	85	80	0	0	122886	P1-65-3	0	-
1283	211.024740	211.589844	Eb4	76	80	0	0	122886	P1-65-2	0	-
1284	211.032552	211.539062	C4	65	80	0	0	122886	P1-65-1	0	-
1285	211.035156	211.679688	Ab1	65	80	0	0	122886	P1-65-21	0	-
1286	211.036458	211.549479	Ab2	66	80	0	0	122886	P1-65-22	0	-
1287	211.042969	211.559896	Ab3	70	80	0	0	123126	P1-65-14	0	-
1288	211.781250	212.128906	Ab4	84	80	0	0	123366	*	3	-
1289	211.789062	212.419271	Fb4	68	80	0	0	123366	P1-65-5	0	-
1290	211.794271	212.319010	Db4	68	80	0	0	123366	P1-65-4	0	-
1291	211.796875	212.139323	Ab3	70	80	0	0	123366	*	3	-
1292	211.803385	212.459635	Ab2	65	80	0	0	123366	P1-65-24	0	-
1293	211.804688	212.139323	Db2	71	80	0	0	123366	*	3	-
1294	212.139323	212.399740	Ab4	60	80	0	0	123366	P1-65-6	0	-
1295	212.144531	212.348958	Ab3	55	80	0	0	123366	P1-65-15	0	-
1296	212.144531	212.479167	Db2	48	80	0	0	123366	P1-65-23	0	-
1297	212.480469	212.979167	Ab4	74	80	0	0	123366	*	3	-
1298	212.484375	212.829427	Bb3	67	80	0	0	123366	*	3	-
1299	212.485677	212.938802	Db4	68	80	0	0	123366	*	3	-
1300	212.488281	212.789062	Fb4	55	80	0	0	123366	*	3	-
1301	212.492188	213.799479	Db2	57	80	0	0	123366	*	3	-
1302	212.501302	213.489583	Ab2	54	80	0	0	123366	*	3	-
1303	212.835938	213.029948	Ab3	69	80	0	0	123606	P1-65-16	0	-
1304	213.143229	213.710938	Fb4	74	80	0	0	124326	P1-65-11	0	-
1305	213.148438	213.739583	Ab4	82	80	0	0	124326	P1-65-12	0	-
1306	213.173177	213.729167	Db4	63	80	0	0	124326	P1-65-10	0	-
1307	213.207031	213.709635	Ab3	57	80	0	0	124566	P1-65-20	0	-
1308	213.494792	213.809896	G#2	50	80	0	0	123846	P1-65-17	1	-
1309	213.855469	214.209635	Ab4	81	80	0	0	124806	P1-66-3	0	-
1310	213.858073	214.369792	Fb4	64	80	0	0	124806	P1-66-2	0	-
1311	213.864583	214.408854	Db4	65	80	0	0	124806	P1-66-1	0	-
1312	213.876302	214.639323	Db2	64	80	0	0	124806	P1-66-21	0	-
1313	213.881510	214.169271	Ab3	63	80	0	0	124806	P1-66-13	0	-
1314	213.899740	214.359375	Ab2	60	80	0	0	124806	P1-66-22	0	-
1315	214.222656	214.459635	G#4	61	80	0	0	125046	*	3	-
1316	214.222656	214.359375	Ab3	59	80	0	0	125046	P1-66-14	0	-
1317	214.579427	215.229167	Ab4	85	80	0	0	125286	P1-66-6	0	-
1318	214.592448	215.289062	Eb4	75	80	0	0	125286	P1-66-5	0	-
1319	214.595052	215.679688	C4	68	80	0	0	125286	P1-66-4	0	-
1320	214.615885	215.188802	Ab3	62	80	0	0	125286	P1-66-15	0	-
1321	214.625000	215.259115	Ab2	60	80	0	0	125286	P1-66-24	0	-
1322	214.628906	215.369792	Ab1	60	80	0	0	125286	P1-66-23	0	-
1323	215.350260	215.908854	Ab4	75	80	0	0	125766	P1-66-9	0	-
1324	215.352865	215.899740	Gb4	68	80	0	0	125766	P1-66-8	0	-
1325	215.371094	215.859375	Eb4	57	80	0	0	-1	*	3	-
1326	215.378906	215.949219	Ab2	51	80	0	0	-1	*	3	-
1327	215.384115	216.029948	Ab1	51	80	0	0	-1	*	3	-
1328	215.386719	215.718750	Ab3	56	80	0	0	125526	P1-66-16	0	-
1329	215.734375	215.959635	Ab3	48	80	0	0	126006	P1-66-18	0	-
1330	216.083333	216.598958	Fb4	62	80	0	0	126246	P1-66-11	0	-
1331	216.083333	216.750000	Ab4	78	80	0	0	126246	P1-66-12	0	-
1332	216.096354	216.609375	Db4	63	80	0	0	126246	P1-66-10	0	-
1333	216.106771	216.559896	Ab3	52	80	0	0	126246	P1-66-19	0	-
1334	216.125000	216.649740	Ab2	48	80	0	0	126246	P1-66-26	0	-
1335	216.135417	216.750000	Db2	50	80	0	0	126246	P1-66-25	0	-
1336	216.860677	219.669271	Ab4	58	80	0	0	126726	P1-67-3	0	-
1337	216.864583	219.688802	Eb4	56	80	0	0	126726	P1-67-2	0	-
1338	216.884115	219.598958	C4	50	80	0	0	126726	P1-67-1	0	-
1339	216.901042	219.709635	Ab2	44	80	0	0	126726	P1-67-13	0	-
1340	216.902344	217.239583	Ab3	42	80	0	0	126726	P1-67-4	0	-
1341	216.904948	218.169271	Ab1	44	80	0	0	126726	P1-67-12	0	-
1342	217.246094	217.500000	Ab3	41	80	0	0	126966	P1-67-5	0	-
1343	217.585938	217.692708	Ab3	45	80	0	0	127206	P1-67-6	0	-
1344	217.950521	218.128906	Ab3	48	80	0	0	127446	P1-67-7	0	-
1345	218.312500	218.428385	Ab3	47	80	0	0	127686	P1-67-8	0	-
1346	218.665365	218.776042	Ab3	50	80	0	0	127926	P1-67-9	0	-
1347	219.035156	219.144531	Ab3	47	80	0	0	128166	P1-67-10	0	-
1348	219.424479	219.628906	Ab3	55	80	0	0	128406	P1-67-11	0	-
1349	219.998698	221.779948	C5	58	80	0	0	128646	P1-68-4	0	-
1350	220.010417	221.500000	C4	46	80	0	0	128646	P1-68-1	0	-
1351	220.044271	221.459635	Gb3	44	80	0	0	128646	P1-68-16	0	-
1352	220.044271	221.309896	Gb2	45	80	0	0	128646	P1-68-14	0	-
1353	220.052083	221.479167	Eb4	47	80	0	0	128646	P1-68-2	0	-
1354	220.052083	220.598958	Ab4	45	80	0	0	128646	P1-68-3	0	-
1355	220.082031	220.444010	Ab2	42	80	0	0	128646	P1-68-15	0	-
1356	220.611979	220.848958	G#3	54	80	0	0	-1	*	3	-
1357	220.613281	220.794271	Ab2	49	80	0	0	128886	P1-68-17	0	-
1358	220.613281	220.919271	Ab4	49	80	0	0	128886	P1-68-5	0	-
1359	220.981771	221.339844	Ab2	51	80	0	0	129126	P1-68-18	0	-
1360	220.985677	221.339844	Ab4	51	80	0	0	129126	P1-68-6	0	-
1361	220.986979	221.229167	G#3	53	80	0	0	-1	*	3	-
1362	221.345052	222.309896	Ab2	47	80	0	0	129366	P1-68-19	0	-
1363	221.348958	221.750000	Ab4	65	80	0	0	129366	P1-68-7	0	-
1364	221.364583	221.559896	G#3	52	80	0	0	-1	*	3	-
1365	221.744792	223.289062	Db5	80	80	0	0	129606	P1-68-10	0	-
1366	221.753906	222.359375	Db4	68	80	0	0	129606	P1-68-8	0	-
1367	221.761719	222.059896	Ab4	59	80	0	0	129606	P1-68-9	0	-
1368	221.765625	222.149740	G#3	52	80	0	0	-1	*	3	-
1369	221.773438	222.239583	Fb2	58	80	0	0	129606	P1-68-20	0	-
1370	222.113281	222.438802	Ab4	61	80	0	0	129846	P1-68-11	0	-
1371	222.476562	223.069010	Db3	65	80	0	0	130086	P1-68-25	0	-
1372	222.483073	223.378906	Db2	61	80	0	0	130086	P1-68-23	0	-
1373	222.494792	222.789062	Ab4	67	80	0	0	130086	P1-68-12	0	-
1374	222.851562	223.239583	Ab4	74	80	0	0	130326	P1-68-13	0	-
1375	223.326823	225.429688	Eb5	75	80	0	0	130566	P1-69-4	0	-
1376	223.342448	225.459635	Eb4	69	80	0	0	130566	P1-69-1	0	-
1377	223.345052	226.408854	Ab2	60	80	0	0	130566	P1-69-16	0	-
1378	223.351562	223.709635	Ab4	67	80	0	0	130566	P1-69-2	0	-
1379	223.352865	226.419271	Ab1	61	80	0	0	130566	P1-69-15	0	-
1380	223.354167	225.449219	Db5	65	80	0	0	130566	P1-69-3	0	-
1381	223.717448	223.865885	Ab4	47	80	0	0	130806	P1-69-5	0	-
1382	224.066406	224.309896	Ab4	54	80	0	0	131046	P1-69-6	0	-
1383	224.398438	224.579427	Ab4	49	80	0	0	131286	P1-69-7	0	-
1384	224.760417	224.989583	Ab4	68	80	0	0	131526	P1-69-8	0	-
1385	225.113281	225.279948	Ab4	68	80	0	0	131766	P1-69-9	0	-
1386	225.437500	226.449219	Eb5	80	80	0	0	132006	P1-69-13	0	-
1387	225.464844	226.459635	C5	62	80	0	0	132006	P1-69-12	0	-
1388	225.467448	225.759115	Ab4	72	80	0	0	132006	P1-69-11	0	-
1389	225.473958	226.209635	Eb4	65	80	0	0	132006	P1-69-10	0	-
1390	225.841146	226.128906	Ab4	64	80	0	0	132246	P1-69-14	0	-
1391	226.373698	226.963542	Fb5	93	80	0	0	132486	P1-70-4	0	-
1392	226.394531	226.769531	Ab4	69	80	0	0	132486	P1-70-2	0	-
1393	226.403646	227.000000	Fb4	71	80	0	0	132486	P1-70-1	0	-
1394	226.412760	227.779948	Db2	62	80	0	0	132486	P1-70-21	0	-
1395	226.414062	227.639323	Ab2	60	80	0	0	132486	P1-70-22	0	-
1396	226.783854	226.963542	Ab4	63	80	0	0	132726	P1-70-5	0	-
1397	227.097656	227.829427	Fb5	83	80	0	0	132966	P1-70-9	0	-
1398	227.127604	227.658854	Db5	66	80	0	0	132966	P1-70-8	0	-
1399	227.132812	227.779948	Fb4	72	80	0	0	132966	P1-70-6	0	-
1400	227.135417	227.319010	Ab4	61	80	0	0	132966	P1-70-7	0	-
1401	227.450521	227.649740	Ab4	66	80	0	0	133206	P1-70-10	0	-
1402	227.783854	228.299479	Eb5	85	80	0	0	133446	P1-70-14	0	-
1403	227.795573	228.299479	Ab3	69	80	0	0	133446	P1-70-24	0	-
1404	227.796875	228.319010	Db5	75	80	0	0	133446	P1-70-13	0	-
1405	227.800781	228.479167	Ab2	66	80	0	0	133446	P1-70-23	0	-
1406	227.802083	228.098958	Ab4	72	80	0	0	133446	P1-70-12	0	-
1407	228.106771	228.282552	Ab4	66	80	0	0	133686	P1-70-15	0	-
1408	228.434896	229.039062	Eb5	83	80	0	0	133926	P1-70-19	0	-
1409	228.445312	228.789062	Ab4	77	80	0	0	133926	P1-70-17	0	-
1410	228.447917	229.139323	C5	69	80	0	0	133926	P1-70-18	0	-
1411	228.458333	229.039062	Eb4	73	80	0	0	133926	P1-70-16	0	-
1412	228.484375	229.139323	G#2	48	80	0	0	133926	*	3	-
1413	228.795573	229.089844	Ab4	71	80	0	0	134166	P1-70-20	0	-
1414	229.295573	231.539062	Db5	87	80	0	0	134406	P1-71-4	0	-
1415	229.296875	230.799479	Cb5	82	80	0	0	134406	P1-71-3	0	-
1416	229.319010	230.750000	Ab4	72	80	0	0	134406	P1-71-2	0	-
1417	229.319010	229.750000	Db4	71	80	0	0	134406	P1-71-1	0	-
1418	229.319010	230.848958	F2	69	80	0	0	134406	P1-71-18	0	-
1419	229.759115	230.000000	Db4	55	80	0	0	134646	P1-71-5	0	-
1420	230.121094	230.335938	Db4	67	80	0	0	134886	P1-71-6	0	-
1421	230.483073	230.809896	Db4	68	80	0	0	135126	P1-71-7	0	-
1422	230.925781	231.299479	Db4	66	80	0	0	135366	P1-71-8	0	-
1423	230.938802	231.449219	G#4	69	80	0	0	135366	*	3	-
1424	230.945312	231.519531	A4	69	80	0	0	135366	P1-71-10	0	-
1425	230.954427	231.669271	Gb3	55	80	0	0	135366	P1-71-21	0	-
1426	230.957031	231.669271	Gb2	54	80	0	0	135366	P1-71-20	0	-
1427	231.305990	231.429688	Db4	59	80	0	0	135606	P1-71-12	0	-
1428	231.671875	232.259115	A4	64	80	0	0	135846	P1-71-15	0	-
1429	231.674479	232.299479	Gb4	66	80	0	0	135846	P1-71-14	0	-
1430	231.674479	232.329427	F#3	53	80	0	0	135846	*	3	-
1431	231.675781	232.039062	Db4	64	80	0	0	135846	P1-71-13	0	-
1432	231.678385	232.438802	F#2	49	80	0	0	135846	*	3	-
1433	232.053385	232.209635	Db4	54	80	0	0	136086	P1-71-17	0	-
1434	232.611979	233.938802	Ab4	72	80	0	0	136326	P1-72-3	0	-
1435	232.619792	233.968750	Gb4	67	80	0	0	136326	P1-72-2	0	-
1436	232.634115	233.000000	Ab3	61	80	0	0	136326	P1-72-10	0	-
1437	232.639323	233.878906	Eb4	57	80	0	0	136326	P1-72-1	0	-
1438	232.645833	233.989583	C2	53	80	0	0	136326	P1-72-18	0	-
1439	232.657552	233.649740	C3	52	80	0	0	136326	P1-72-19	0	-
1440	233.014323	233.141927	Ab3	55	80	0	0	136566	P1-72-11	0	-
1441	233.329427	233.479167	Ab3	62	80	0	0	136806	P1-72-12	0	-
1442	233.643229	233.929688	Ab3	62	80	0	0	137046	P1-72-13	0	-
1443	234.003906	234.679688	Ab4	78	80	0	0	137286	P1-72-6	0	-
1444	234.009115	234.589844	Gb4	77	80	0	0	137286	P1-72-5	0	-
1445	234.013021	234.309896	Ab3	72	80	0	0	137286	P1-72-14	0	-
1446	234.022135	234.579427	Db4	67	80	0	0	137286	P1-72-4	0	-
1447	234.042969	234.759115	Db2	65	80	0	0	137286	P1-72-20	0	-
1448	234.381510	234.598958	Ab3	72	80	0	0	137526	P1-72-15	0	-
1449	234.722656	235.369792	Bb4	85	80	0	0	137766	P1-72-9	0	-
1450	234.736979	235.348958	Ab3	72	80	0	0	137766	P1-72-16	0	-
1451	234.736979	235.299479	Fb4	72	80	0	0	137766	P1-72-8	0	-
1452	234.743490	235.359375	Db4	75	80	0	0	137766	P1-72-7	0	-
1453	234.764323	235.968750	C#2	60	80	0	0	138006	P1-72-17	1	-
1454	235.623698	237.109375	Bb4	73	80	0	0	138246	P1-73-3	0	-
1455	235.641927	237.059896	Fb4	69	80	0	0	138246	P1-73-2	0	-
1456	235.654948	236.938802	Db4	66	80	0	0	138246	P1-73-1	0	-
1457	235.660156	236.908854	Ab2	55	80	0	0	138246	P1-73-19	0	-
1458	235.664062	236.059896	Ab3	61	80	0	0	138246	P1-73-10	0	-
1459	235.680990	237.169271	Ab1	51	80	0	0	138246	P1-73-18	0	-
1460	236.074219	236.289062	Ab3	55	80	0	0	138486	P1-73-11	0	-
1461	236.442708	236.649740	Ab3	54	80	0	0	138726	P1-73-12	0	-
1462	236.785156	236.959635	Ab3	56	80	0	0	138966	P1-73-13	0	-
1463	237.148438	237.739583	Ab4	65	80	0	0	139206	P1-73-6	0	-
1464	237.182292	237.908854	G#1	55	80	0	0	139206	*	3	-
1465	237.184896	237.658854	G#2	52	80	0	0	139206	*	3	-
1466	237.190104	237.739583	C4	47	80	0	0	139206	P1-73-4	0	-
1467	237.195312	237.479167	Ab3	49	80	0	0	139206	P1-73-14	0	-
1468	237.196615	237.699219	Eb4	50	80	0	0	139206	P1-73-5	0	-
1469	237.544271	237.739583	Ab3	41	80	0	0	139446	P1-73-15	0	-
1470	237.923177	238.598958	Bb4	71	80	0	0	139686	P1-73-9	0	-
1471	237.944010	238.309896	Ab2	48	80	0	0	139686	P1-73-21	0	-
1472	237.944010	238.309896	Ab3	48	80	0	0	139686	P1-73-16	0	-
1473	237.945312	238.658854	Fb4	57	80	0	0	139686	P1-73-8	0	-
1474	237.951823	238.649740	Db4	54	80	0	0	139686	P1-73-7	0	-
1475	238.315104	238.529948	G#2	42	80	0	0	-1	*	3	-
1476	238.320312	238.609375	Ab3	43	80	0	0	139926	P1-73-17	0	-
1477	238.815104	240.139323	Bb4	59	80	0	0	140166	P1-74-3	0	-
1478	238.837240	239.209635	Ab3	46	80	0	0	140166	P1-74-10	0	-
1479	238.838542	239.209635	Ab2	43	80	0	0	140166	P1-74-19	0	-
1480	238.841146	241.098958	Ab1	42	80	0	0	140166	P1-74-18	0	-
1481	238.855469	240.059896	Fb4	40	80	0	0	140166	P1-74-2	0	-
1482	238.876302	239.579427	C4	31	80	0	0	140166	P1-74-1	1	-
1483	239.222656	240.369792	G#2	34	80	0	0	-1	*	3	-
1484	239.222656	239.569010	Ab3	32	80	0	0	140406	P1-74-11	0	-
1485	239.582031	239.839844	Ab3	33	80	0	0	140646	P1-74-12	0	-
1486	239.971354	240.128906	Ab3	47	80	0	0	140886	P1-74-13	0	-
1487	240.367188	240.959635	Ab4	48	80	0	0	141126	P1-74-6	0	-
1488	240.380208	240.669271	Ab3	44	80	0	0	141126	P1-74-14	0	-
1489	240.380208	240.769531	G#2	43	80	0	0	-1	*	3	-
1490	240.384115	240.989583	Eb4	43	80	0	0	141126	P1-74-5	0	-
1491	240.388021	241.029948	C4	38	80	0	0	141126	P1-74-4	0	-
1492	240.779948	240.959635	G#2	39	80	0	0	-1	*	3	-
1493	240.782552	241.009115	Ab3	41	80	0	0	141366	P1-74-15	0	-
1494	241.233073	241.839844	Bb4	51	80	0	0	141606	P1-74-9	0	-
1495	241.255208	241.639323	Ab2	39	80	0	0	141606	P1-74-21	0	-
1496	241.260417	241.569010	Ab3	39	80	0	0	141606	P1-74-16	0	-
1497	241.263021	241.878906	Fb4	49	80	0	0	141606	P1-74-8	0	-
1498	241.264323	241.949219	Db4	47	80	0	0	141606	P1-74-7	0	-
1499	241.651042	241.878906	Ab3	37	80	0	0	141846	P1-74-17	0	-
1500	241.652344	241.839844	G#2	36	80	0	0	-1	*	3	-
1501	242.111979	242.419271	Ab3	43	80	0	0	142086	P1-75-2	0	-
1502	242.113281	242.979167	Bb4	54	80	0	0	142086	P1-75-5	0	-
1503	242.113281	242.209635	Ab2	39	80	0	0	-1	*	3	-
1504	242.121094	242.209635	Ab1	38	80	0	0	-1	*	3	-
1505	242.126302	242.679688	Fb4	43	80	0	0	142086	P1-75-4	0	-
1506	242.164062	242.601562	Db4	37	80	0	0	142086	P1-75-3	0	-
1507	242.214844	243.559896	Ab1	32	80	0	0	142086	P1-75-17	0	-
1508	242.218750	242.579427	Ab2	36	80	0	0	142086	P1-75-18	0	-
1509	242.533854	242.779948	Ab3	37	80	0	0	142326	P1-75-6	0	-
1510	242.997396	243.269531	Ab2	36	80	0	0	142566	P1-75-19	0	-
1511	243.001302	245.859375	Eb4	33	80	0	0	142566	P1-75-9	0	-
1512	243.002604	245.639323	Ab4	39	80	0	0	142566	P1-75-10	0	-
1513	243.003906	243.389323	Ab3	34	80	0	0	142566	P1-75-7	0	-
1514	243.022135	244.938802	C4	28	80	0	0	142566	P1-75-8	0	-
1515	243.470052	243.869792	Ab3	37	80	0	0	142806	P1-75-11	0	-
1516	243.976562	244.359375	G#2	32	80	0	0	143046	*	3	-
1517	243.977865	244.165365	Ab3	33	80	0	0	143046	P1-75-12	0	-
1518	244.436198	244.968750	Ab3	34	80	0	0	143286	P1-75-13	0	-
1519	244.466146	244.989583	F3	33	80	0	0	143286	P1-75-21	0	-
1520	244.975260	246.128906	Gb3	34	80	0	0	143526	P1-75-22	0	-
1521	244.976562	245.519531	Ab3	36	80	0	0	143526	P1-75-14	0	-
1522	245.595052	246.739583	Eb3	39	80	0	0	143766	P1-75-23	0	-
1523	245.597656	246.309896	Ab3	29	80	0	0	143766	P1-75-15	0	-
1524	246.723958	248.139323	F5	60	80	0	0	144006	P1-76-1	0	-
1525	246.736979	248.089844	Db3	33	80	0	0	144006	P1-76-5	0	-
1526	246.759115	246.989583	C#5	32	80	0	0	144006	*	3	-
1527	246.834635	247.279948	Ab3	18	80	0	0	144246	*	3	-
1528	247.645833	248.059896	Ab3	36	80	0	0	144246	P1-76-6	0	-
1529	247.929688	248.359375	Db5	56	80	0	0	144366	P1-76-2	0	-
1530	248.320312	250.559896	Ab4	53	80	0	0	144486	P1-76-3	0	-
1531	248.342448	250.779948	F4	39	80	0	0	144486	P1-76-8	0	-
1532	248.348958	250.739583	Db4	39	80	0	0	144486	P1-76-7	0	-
1533	248.953125	249.066406	Ab3	41	80	0	0	144726	P1-76-9	0	-
1534	249.359375	249.467448	Ab3	45	80	0	0	144966	P1-76-10	0	-
1535	249.740885	249.979167	Ab3	47	80	0	0	145206	P1-76-11	0	-
1536	250.238281	251.079427	Bb4	56	80	0	0	145446	P1-76-4	0	-
1537	250.248698	250.386719	Ab3	55	80	0	0	145446	P1-76-12	0	-
1538	250.651042	250.859375	Ab3	46	80	0	0	145686	P1-76-13	0	-
1539	251.115885	253.819010	C5	57	80	0	0	145926	P1-77-1	0	-
1540	251.147135	253.799479	Gb4	45	80	0	0	145926	P1-77-4	0	-
1541	251.153646	253.709635	Eb4	44	80	0	0	145926	P1-77-3	0	-
1542	251.209635	251.529948	G#2	38	80	0	0	146166	*	3	-
1543	251.506510	251.641927	Ab3	46	80	0	0	146166	P1-77-5	0	-
1544	251.877604	251.968750	Ab3	46	80	0	0	146406	P1-77-6	0	-
1545	252.253906	252.819010	Ab3	44	80	0	0	146646	P1-77-7	0	-
1546	252.716146	253.438802	Bb3	49	80	0	0	146886	P1-77-8	0	-
1547	253.192708	253.759115	Ab3	49	80	0	0	147126	P1-77-9	0	-
1548	253.717448	254.329427	Db5	65	80	0	0	147366	P1-77-2	0	-
1549	253.751302	254.359375	Db4	50	80	0	0	147366	P1-77-10	0	-
1550	253.753906	254.229167	G#4	43	80	0	0	147366	*	3	-
1551	253.763021	254.449219	F4	42	80	0	0	147366	P1-77-11	0	-
1552	254.109375	254.658854	Ab3	52	80	0	0	147606	P1-77-12	0	-
1553	254.566406	256.989583	Gb4	51	80	0	0	147846	P1-78-1	0	-
1554	254.567708	255.359375	Eb5	67	80	0	0	147846	P1-78-2	0	-
1555	254.570312	257.009115	C4	49	80	0	0	147846	P1-78-9	0	-
1556	255.040365	255.799479	Ab3	47	80	0	0	148086	P1-78-10	0	-
1557	255.265625	255.750000	F5	70	80	0	0	148206	P1-78-4	0	-
1558	255.274740	255.938802	Ab4	50	80	0	0	148206	P1-78-3	0	-
1559	255.649740	257.329427	Gb5	64	80	0	0	148326	P1-78-6	0	-
1560	255.658854	255.669271	Bb4	48	80	0	0	148326	P1-78-5	0	-
1561	255.700521	255.709635	G#2	35	80	0	0	-1	*	3	-
1562	256.067708	256.218750	Ab3	37	80	0	0	148566	P1-78-11	0	-
1563	256.455729	256.553385	Ab3	41	80	0	0	148806	P1-78-12	0	-
1564	256.833333	257.389323	Ab3	51	80	0	0	149046	P1-78-13	0	-
1565	257.255208	257.869792	F5	65	80	0	0	149286	P1-78-8	0	-
1566	257.274740	257.789062	Ab4	49	80	0	0	149286	P1-78-7	0	-
1567	257.283854	257.889323	Db4	43	80	0	0	149286	P1-78-14	0	-
1568	257.638021	258.199219	Ab3	48	80	0	0	149526	P1-78-15	0	-
1569	258.067708	259.750000	F5	72	80	0	0	149766	P1-79-1	0	-
1570	258.070312	258.628906	Ab4	51	80	0	0	149766	P1-79-17	0	-
1571	258.082031	259.389323	C4	46	80	0	0	149766	P1-79-18	0	-
1572	258.414062	259.098958	Ab3	42	80	0	0	150006	P1-79-19	0	-
1573	258.855469	259.348958	Gb4	44	80	0	0	150246	P1-79-2	0	-
1574	259.231771	259.779948	Eb5	67	80	0	0	150486	P1-79-4	0	-
1575	259.256510	259.878906	Ab3	40	80	0	0	150486	P1-79-21	0	-
1576	259.705729	260.529948	Db5	54	80	0	0	150726	P1-79-5	0	-
1577	259.746094	260.919271	F4	34	80	0	0	150726	P1-79-23	0	-
1578	259.747396	260.500000	Db4	39	80	0	0	150726	P1-79-22	0	-
1579	260.171875	261.569010	Ab3	38	80	0	0	150966	P1-79-24	0	-
1580	260.462240	260.889323	D5	62	80	0	0	151086	P1-79-6	0	-
1581	260.796875	261.101562	Eb5	56	80	0	0	151206	P1-79-7	0	-
1582	260.854167	262.628906	C4	39	80	0	0	151206	P1-79-25	0	-
1583	261.061198	261.252604	F5	59	80	0	0	151254	P1-79-8	0	-
1584	261.270833	261.395833	Eb5	60	80	0	0	151302	P1-79-9	0	-
1585	261.432292	261.598958	D5	55	80	0	0	151350	P1-79-10	0	-
1586	261.596354	261.713542	Eb5	56	80	0	0	151398	P1-79-11	0	-
1587	261.677083	262.729167	Ab3	31	80	0	0	151446	P1-79-27	0	-
1588	261.751302	261.959635	Fb5	62	80	0	0	151446	P1-79-12	0	-
1589	261.921875	262.289062	F5	58	80	0	0	151494	P1-79-13	0	-
1590	262.162760	262.449219	Ab5	61	80	0	0	151542	P1-79-14	0	-
1591	262.404948	262.716146	G5	58	80	0	0	151590	P1-79-15	0	-
1592	262.662760	263.329427	Gb5	65	80	0	0	151638	P1-79-16	0	-
1593	263.212240	263.218750	C#2	37	80	0	0	151686	*	3	-
1594	263.214844	264.069010	Db3	37	80	0	0	151686	P1-80-5	0	-
1595	263.216146	264.579427	F5	59	80	0	0	151686	P1-80-1	0	-
1596	264.023438	264.929688	Ab3	46	80	0	0	151926	P1-80-6	0	-
1597	264.333333	264.559896	Db5	53	80	0	0	152046	P1-80-2	0	-
1598	264.683594	267.169271	Ab4	51	80	0	0	152166	P1-80-3	0	-
1599	264.714844	267.169271	Db4	37	80	0	0	152166	P1-80-7	0	-
1600	264.717448	267.489583	F4	43	80	0	0	152166	P1-80-8	0	-
1601	265.273438	265.438802	Ab3	42	80	0	0	152406	P1-80-9	0	-
1602	265.677083	265.869792	Ab3	48	80	0	0	152646	P1-80-10	0	-
1603	266.091146	266.259115	Ab3	47	80	0	0	152886	P1-80-11	0	-
1604	266.524740	267.319010	Bb4	63	80	0	0	153126	P1-80-4	0	-
1605	266.526042	266.779948	Ab3	57	80	0	0	153126	P1-80-12	0	-
1606	266.527344	266.628906	Bb3	59	80	0	0	-1	*	3	-
1607	266.966146	267.049479	Ab3	50	80	0	0	153366	P1-80-13	0	-
1608	267.062500	267.679688	Ab3	26	80	0	0	-1	*	3	-
1609	267.502604	270.779948	C5	65	80	0	0	-1	*	3	-
1610	267.514323	270.489583	Gb4	50	80	0	0	153606	P1-81-4	0	-
1611	267.519531	271.029948	Eb4	46	80	0	0	153606	P1-81-3	0	-
1612	267.537760	267.549479	G#2	40	80	0	0	-1	*	3	-
1613	267.921875	268.128906	Ab3	53	80	0	0	154086	P1-81-6	0	-
1614	268.391927	268.619792	Ab3	50	80	0	0	154326	*	3	-
1615	268.873698	269.750000	Ab3	56	80	0	0	154326	P1-81-7	0	-
1616	269.584635	271.149740	Bb3	59	80	0	0	154566	P1-81-8	0	-
1617	270.227865	272.000000	Ab3	60	80	0	0	154806	P1-81-9	0	-
1618	271.440104	274.878906	Bb5	83	80	0	0	155046	P1-81-2	0	-
1619	274.226562	275.389323	Ab5	65	80	0	0	156006	P1-82-2	0	-
1620	275.153646	277.158854	Gb5	61	80	0	0	156486	P1-82-3	0	-
1621	275.985677	277.014323	C5	57	80	0	0	156966	P1-82-4	0	-
1622	276.854167	277.786458	F5	61	80	0	0	157446	P1-83-1	0	-
1623	277.713542	278.755208	Eb5	55	80	0	0	157926	P1-83-2	0	-
1624	278.604167	280.119792	Db5	50	80	0	0	158406	P1-83-3	0	-
1625	279.660156	280.084635	Bb4	41	80	0	0	158886	P1-83-4	0	-
1626	281.054688	285.049479	Gb4	44	80	0	0	159366	P1-84-3	0	-
1627	281.063802	284.989583	Eb4	46	80	0	0	159366	P1-84-2	0	-
1628	281.065104	281.079427	G#1	35	80	0	0	159366	*	3	-
1629	281.067708	285.229167	Ab2	38	80	0	0	159366	P1-84-13	0	-
1630	281.070312	283.000000	Bb3	42	80	0	0	159366	P1-84-1	0	-
1631	281.904948	282.089844	Ab3	27	80	0	0	159606	P1-84-6	0	-
1632	282.404948	282.569010	Ab3	30	80	0	0	159846	P1-84-7	0	-
1633	282.841146	283.009115	Ab3	31	80	0	0	160086	P1-84-8	0	-
1634	283.256510	285.059896	C4	46	80	0	0	160326	P1-84-4	0	-
1635	283.268229	283.529948	Ab3	37	80	0	0	160326	P1-84-9	0	-
1636	283.721354	283.929688	Ab3	32	80	0	0	160566	P1-84-10	0	-
1637	284.152344	284.389323	Ab3	32	80	0	0	160806	P1-84-11	0	-
1638	284.638021	284.839844	Ab3	30	80	0	0	161046	P1-84-12	0	-
1639	285.276042	287.688802	Db4	44	80	0	0	161286	P1-85-1	0	-
1640	285.291667	288.329427	Db3	39	80	0	0	161286	P1-85-16	0	-
1641	285.295573	287.500000	C#2	37	80	0	0	161286	*	3	-
1642	285.302083	285.789062	Ab3	37	80	0	0	161286	P1-85-8	0	-
1643	285.304688	289.819010	F4	39	80	0	0	161286	P1-85-2	0	-
1644	286.024740	286.239583	Ab3	34	80	0	0	161526	P1-85-9	0	-
1645	286.486979	286.649740	Ab3	30	80	0	0	161766	P1-85-10	0	-
1646	286.914062	287.079427	Ab3	36	80	0	0	162006	P1-85-11	0	-
1647	287.335938	287.569010	Ab3	34	80	0	0	162246	P1-85-12	0	-
1648	287.848958	288.639323	Db4	49	80	0	0	162486	P1-85-5	0	-
1649	287.891927	288.359375	Ab3	29	80	0	0	162486	P1-85-13	0	-
1650	288.592448	289.679688	Eb4	58	80	0	0	162726	P1-85-6	0	-
1651	288.651042	289.359375	C#4	38	80	0	0	162726	*	3	-
1652	288.656250	289.089844	Ab3	33	80	0	0	162726	P1-85-14	0	-
1653	289.171875	289.729167	Ab3	33	80	0	0	162966	P1-85-15	0	-
1654	289.454427	289.899740	Db4	62	80	0	0	163086	P1-85-7	0	-
1655	289.906250	291.188802	Db4	57	80	0	0	163206	P1-86-1	0	-
1656	289.929688	292.559896	Gb4	55	80	0	0	163206	P1-86-3	0	-
1657	289.941406	293.299479	Eb4	55	80	0	0	163206	P1-86-2	0	-
1658	289.964844	290.369792	Ab3	40	80	0	0	163206	P1-86-7	0	-
1659	289.968750	289.979167	G#1	40	80	0	0	163206	*	3	-
1660	289.970052	292.329427	Ab2	40	80	0	0	163206	P1-86-15	0	-
1661	290.382812	290.609375	Ab3	41	80	0	0	163446	P1-86-8	0	-
1662	290.803385	291.938802	C4	59	80	0	0	163686	P1-86-4	0	-
1663	290.826823	291.128906	Ab3	45	80	0	0	163686	P1-86-9	0	-
1664	291.273438	291.479167	Ab3	44	80	0	0	163926	P1-86-10	0	-
1665	291.898438	292.408854	Bb4	55	80	0	0	164166	P1-86-5	0	-
1666	291.951823	292.250000	Ab3	39	80	0	0	164406	P1-86-12	0	-
1667	291.951823	292.569010	C4	36	80	0	0	164646	P1-86-6	0	-
1668	292.423177	292.619792	Ab3	40	80	0	0	164886	P1-86-14	0	-
1669	292.854167	293.438802	Ab2	36	80	0	0	165126	P1-87-12	0	-
1670	292.856771	293.598958	C4	47	80	0	0	165126	P1-87-1	0	-
1671	292.865885	293.149740	Gb4	34	80	0	0	165126	P1-87-3	0	-
1672	292.873698	293.126302	Ab3	38	80	0	0	165126	P1-87-4	0	-
1673	293.351562	293.589844	Ab3	35	80	0	0	164886	*	3	-
1674	293.445312	293.579427	Ab2	26	80	0	0	165126	*	3	-
1675	293.957031	297.500000	C4	43	80	0	0	165126	*	3	-
1676	293.973958	294.378906	Ab3	37	80	0	0	165126	*	3	-
1677	293.973958	297.079427	Gb4	38	80	0	0	165126	*	3	-
1678	293.980469	298.669271	Ab2	38	80	0	0	165126	*	3	-
1679	293.980469	297.500000	Eb4	43	80	0	0	165126	*	3	-
1680	294.611979	294.829427	Ab3	35	80	0	0	165366	P1-87-5	0	-
1681	295.063802	295.250000	Ab3	31	80	0	0	165606	P1-87-6	0	-
1682	295.502604	295.587240	Ab3	35	80	0	0	165846	P1-87-7	0	-
1683	295.953125	296.041667	Ab3	34	80	0	0	166086	P1-87-8	0	-
1684	296.414062	296.609375	Ab3	31	80	0	0	166326	P1-87-9	0	-
1685	296.933594	297.098958	Ab3	26	80	0	0	166566	P1-87-10	0	-
1686	297.481771	297.779948	Ab3	31	80	0	0	166806	P1-87-11	0	-
1687	298.282552	302.500000	F4	34	80	0	0	167046	P1-88-2	0	-
1688	298.282552	302.809896	Db4	38	80	0	0	167046	P1-88-1	0	-
1689	298.296875	298.779948	Ab3	35	80	0	0	167046	P1-88-3	0	-
1690	298.296875	300.878906	Db3	35	80	0	0	167046	P1-88-11	0	-
1691	298.308594	300.829427	C#2	33	80	0	0	167046	*	3	-
1692	299.016927	299.289062	Ab3	35	80	0	0	167286	P1-88-4	0	-
1693	299.514323	299.759115	Ab3	40	80	0	0	167526	P1-88-5	0	-
1694	299.998698	300.348958	Ab3	36	80	0	0	167766	P1-88-6	0	-
1695	300.546875	301.119792	Ab3	34	80	0	0	168006	P1-88-7	0	-
1696	300.576823	306.579427	Ab2	38	80	0	0	168006	P1-88-12	0	-
1697	301.127604	301.509115	Ab3	27	80	0	0	168246	P1-88-8	0	-
1698	301.674479	302.119792	Ab3	35	80	0	0	168486	P1-88-9	0	-
1699	302.381510	303.000000	Ab3	34	80	0	0	168726	P1-88-10	0	-
1700	303.962240	307.500000	Ab3	27	80	0	0	168966	P1-89-1	0	-
1701	303.968750	307.500000	F4	25	80	0	0	168966	P1-89-3	0	-
1702	303.973958	307.500000	Db4	24	80	0	0	168966	P1-89-2	0	-
1703	303.973958	307.500000	Db2	28	80	0	0	168966	P1-89-4	0	-
//Missing 0	P1-1-1
//Missing 0	P1-1-5
//Missing 1440	P1-1-13
//Missing 6720	P1-4-5
//Missing 14883	P1-8-16
//Missing 20643	P1-11-9
//Missing 31203	P1-17-15
//Missing 32163	P1-17-22
//Missing 62406	P1-33-5
//Missing 67926	P1-36-7
//Missing 69126	P1-37-20
//Missing 70326	P1-37-12
//Missing 74166	P1-39-12
//Missing 99366	P1-52-15
//Missing 101526	P1-53-17
//Missing 105846	P1-56-5
//Missing 110646	P1-58-15
//Missing 114246	P1-60-18
//Missing 116406	P1-61-12
//Missing 116646	P1-61-13
//Missing 119046	P1-63-3
//Missing 120006	P1-63-14
//Missing 122886	P1-65-13
//Missing 123846	P1-65-7
//Missing 124326	P1-65-19
//Missing 125766	P1-66-7
//Missing 125766	P1-66-17
//Missing 126486	P1-66-20
//Missing 129606	P1-68-22
//Missing 132486	P1-70-3
//Missing 133446	P1-70-11
//Missing 134406	P1-71-19
//Missing 135366	P1-71-11
//Missing 135846	P1-71-16
//Missing 137286	P1-72-21
//Missing 139686	P1-73-20
//Missing 141606	P1-74-20
//Missing 151206	P1-79-26
//Missing 164166	P1-86-11
//Missing 164646	P1-86-13
//Missing 165126	P1-87-2
//Missing 65766	P1-35-5
//Missing 66246	P1-35-8
//Missing 78966	P1-42-6
//Missing 78966	P1-42-5
//Missing 105846	P1-56-6
//Missing 123846	P1-65-9
//Missing 123846	P1-65-8
//Missing 124086	P1-65-18
//Missing 129606	P1-68-21
//Missing 153606	P1-81-1
//Missing 153846	P1-81-5
